5.2976215703717255e-15
7.992318349981378e-15
1.2052056072178673e-14
1.816422056930454e-14
2.7359403856845288e-14
4.118062561605536e-14
6.193444016434838e-14
9.306268769225831e-14
1.3969030414029492e-13
2.0943059952300824e-13
3.1356223358292434e-13
4.687403898029067e-13
6.994723280066475e-13
1.0416617761186215e-12
1.5476560284481933e-12
2.2933362117401403e-12
3.387947421400972e-12
4.987558586855453e-12
7.312959272229412e-12
1.067306818231405e-11
1.5494182859227376e-11
2.2354587962982486e-11
3.202300804317053e-11
4.5493265391354044e-11
6.400711307234422e-11
8.904304844184077e-11
1.2224045401240794e-10
1.6522959605905514e-10
2.1929419059057356e-10
2.8487526810965084e-10
3.6088372772348787e-10
4.4394094065091113e-10
5.278949067988335e-10
6.038597209818968e-10
6.615955451708587e-10
6.921500163617626e-10
6.914693831082514e-10
6.634692426710132e-10
6.201854347601016e-10
5.782219160644515e-10
5.523155633271562e-10
5.497487791806623e-10
5.691594390823463e-10
6.036490013057072e-10
6.456221229306515e-10
6.897097907422157e-10
7.331408279789825e-10
7.747537256085888e-10
8.141552423273982e-10
8.51292415798393e-10
8.863629521133921e-10
9.197685357559692e-10
9.520823628941003e-10
9.839969796718538e-10
1.0162594754227168e-09
1.0496099461089567e-09
1.084695217410319e-09
1.1220574933464478e-09
1.1620377593855992e-09
1.2048211766775057e-09
1.250392528704914e-09
1.29858186208552e-09
1.3490859057607274e-09
1.4014990524625937e-09
1.4553426226730173e-09
1.5100796888267288e-09
1.565113647371185e-09
1.6197739209821822e-09
1.6732788910560105e-09
1.724696196731618e-09
1.7728953547960332e-09
1.8164776553877059e-09
1.8537774398078606e-09
1.882769549967135e-09
1.901127208721304e-09
1.906216932417262e-09
1.895143040525034e-09
1.864971158616139e-09
1.8127804857052412e-09
1.7360974349792488e-09
1.6332223938633096e-09
1.5036512831332e-09
1.3488747548807054e-09
1.1725990668803808e-09
9.814550311871481e-10
7.847875102820808e-10
5.939254415005206e-10
4.2083212410151656e-10
2.7559550959196014e-10
1.643660549549516e-10
8.776501055482767e-11
4.1137745845135825e-11
1.6555717043057525e-11
5.576363652566387e-12
1.5270989268804907e-12
3.288602233785863e-13
5.3677583249733456e-14
6.366750855040407e-15
5.191331074282354e-16
2.7679709189345562e-17

