7.162599518796498e-15
1.0807281759781876e-14
1.6299157878161175e-14
2.4569032493718402e-14
3.70128673471876e-14
5.572140173559926e-14
8.382105541332227e-14
1.2597889126211072e-13
1.8914716320212353e-13
2.836584810895178e-13
4.2482755864323417e-13
6.352815945297496e-13
9.483341639359088e-13
1.4128195300680582e-12
2.099982040090408e-12
3.113162274670563e-12
4.601236468084642e-12
6.7770326667382664e-12
9.941831913498275e-12
1.4517431723982301e-11
2.108621573976523e-11
3.04385361726465e-11
4.3625284954900085e-11
6.200497234895868e-11
8.727408229481143e-11
1.2144968144210208e-10
1.6676131781393086e-10
2.2541110251649083e-10
2.9909899772715224e-10
3.8832605992161204e-10
4.914300965425035e-10
6.03521163881439e-10
7.158096071383119e-10
8.156699100544354e-10
8.886007291577551e-10
9.219587531004172e-10
9.100559573055103e-10
8.584902871570449e-10
7.843327019981978e-10
7.11093958061406e-10
6.59611401933359e-10
6.401640222415986e-10
6.508007145270697e-10
6.81766674482925e-10
7.223447603478765e-10
7.649896126941489e-10
8.058305083099445e-10
8.43262859974385e-10
8.767391484656758e-10
9.061628377854748e-10
9.317514232434427e-10
9.539774442275561e-10
9.735181338040879e-10
9.911999117816892e-10
1.0079054869675872e-09
1.0245053371767376e-09
1.0417475281813138e-09
1.060242256600047e-09
1.0803492816778703e-09
1.1022304677465746e-09
1.1258038978108038e-09
1.1508004862094807e-09
1.1768025944742918e-09
1.2032855474997166e-09
1.2296708291104952e-09
1.2553535339258679e-09
1.2797243243852831e-09
1.3021653085210783e-09
1.3220402892318993e-09
1.3386647201517255e-09
1.3512842733727236e-09
1.3590283582533483e-09
1.3609243462975764e-09
1.3558439339831212e-09
1.3425619817665096e-09
1.3197687634521286e-09
1.2861167185276447e-09
1.2403797924181284e-09
1.181485507895128e-09
1.1087781350856486e-09
1.022180362254281e-09
9.223835490904109e-10
8.112273812608203e-10
6.916935128126409e-10
5.681724629611669e-10
4.461977626125935e-10
3.3193620839274306e-10
2.3142771005858773e-10
1.4929251215232222e-10
8.780892634733145e-11
4.6293347768641605e-11
2.1449231178380455e-11
8.542384105273719e-12
2.8503801209958593e-12
7.74039302008248e-13
1.654340608027639e-13
2.682203834347715e-14
3.162651024392077e-15
2.5645242030982844e-16
1.360699064315076e-17

