1.7839140112268625e-13
2.6930456446366713e-13
4.0639203026087193e-13
6.129891920594548e-13
9.241396515178027e-13
1.3924064038790135e-12
2.0965200722362358e-12
3.1542227599875397e-12
4.7412613511531365e-12
7.1194120081956896e-12
1.0677609235180476e-11
1.599200285450783e-11
2.3913249673504145e-11
3.569210688592303e-11
5.315918710882645e-11
7.897881586373629e-11
1.1700278640377465e-10
1.7275730335957987e-10
2.5409320793602424e-10
3.720398447595502e-10
5.418740287825183e-10
7.843819925250837e-10
1.1272520757433606e-09
1.6062847244680993e-09
2.2660896237079574e-09
3.1593571852045493e-09
4.343420107567366e-09
5.872905051810244e-09
7.785352057847046e-09
1.0080256522150847e-08
1.2690198321329319e-08
1.5449093030477918e-08
1.8073237030356187e-08
2.01648458779275e-08
2.1275236680130253e-08
2.1022240545770722e-08
1.9248923555660712e-08
1.6157820890484557e-08
1.2311633263073721e-08
8.472551069888065e-09
5.312098392207458e-09
3.1654670695993946e-09
1.9805908828170263e-09
1.4634501898226547e-09
1.2930803865437823e-09
1.251912442170226e-09
1.2372314025824388e-09
1.2145704043072794e-09
1.176172924726354e-09
1.1217204173361605e-09
1.0528606867674985e-09
9.721427120745113e-10
8.827081669053639e-10
7.880916989756329e-10
6.919163824506429e-10
5.97630757993499e-10
5.082814710370039e-10
4.262505011748608e-10
3.5321964569652213e-10
2.900457321082978e-10
2.3686582036262887e-10
1.931813922960521e-10
1.5803638667501104e-10
1.3018517468144158e-10
1.0828621715943861e-10
9.103828396139748e-11
7.728299777813717e-11
6.608054739652781e-11
5.670608583071329e-11
4.865241805193744e-11
4.1584897558362995e-11
3.530466215672881e-11
2.969956022434823e-11
2.471394666441018e-11
2.0315805698001567e-11
1.6482089917334664e-11
1.3186550858844074e-11
1.0396115748327211e-11
8.069913324401254e-12
6.161206023301295e-12
4.6200468405170186e-12
3.395725533008456e-12
2.4398747762849618e-12
1.7073563358870834e-12
1.1579901586313202e-12
7.564682634484715e-13
4.721748665628505e-13
2.7889807224627283e-13
1.5402597782217854e-13
7.841703749572767e-14
3.619244188880594e-14
1.4849053573501078e-14
5.2960389991663146e-15
1.5992195042973936e-15
3.970649623908844e-16
7.844229084688985e-17
1.1833017849088122e-17
1.3035933759607945e-18
1.0108532248037339e-19
5.145162889282279e-21

