1.146949554971848e-14
1.730846532054052e-14
2.6108628656695442e-14
3.9363431552589033e-14
5.931351960641022e-14
8.931616095049637e-14
1.34394073321016e-13
2.0204896790863324e-13
3.034620506376492e-13
4.55261355631403e-13
6.821089818784351e-13
1.0204689259562309e-12
1.5240677810902682e-12
2.2717275775077498e-12
3.3785408967765272e-12
5.011600465828076e-12
7.411847686470197e-12
1.0924045471093536e-11
1.6036689384465983e-11
2.3434278838396436e-11
3.4062659238387035e-11
4.920623676916486e-11
7.057349758714556e-11
1.0037293525087529e-10
1.41360561178066e-10
1.9680701823871113e-10
2.7031202548901625e-10
3.6539745671384067e-10
4.847052180948401e-10
6.28822530900936e-10
7.94658404105489e-10
9.736533101123354e-10
1.1506643655075708e-09
1.3040945155173896e-09
1.4092532636471193e-09
1.4447165196981793e-09
1.400989217345448e-09
1.2878564768920607e-09
1.1346360316694044e-09
9.815759032611401e-10
8.642899576424776e-10
8.003608868649602e-10
7.865178070979411e-10
8.062564095854855e-10
8.414910474216319e-10
8.796009490968278e-10
9.142301754300398e-10
9.428607006005414e-10
9.647034399158782e-10
9.796654769393946e-10
9.880935485326905e-10
9.906892769600926e-10
9.884229569570607e-10
9.824745533974368e-10
9.740876158637713e-10
9.644887711851192e-10
9.547381544927831e-10
9.456991398046086e-10
9.379081302184833e-10
9.316289856612086e-10
9.268134327538333e-10
9.231692512454653e-10
9.202334217635247e-10
9.174232745227854e-10
9.14131941133564e-10
9.097673173667005e-10
9.038052837098403e-10
8.957918189231579e-10
8.853583263248311e-10
8.721904311520476e-10
8.560207390652847e-10
8.365901030885942e-10
8.136526079998061e-10
7.869406757846814e-10
7.561963030737065e-10
7.211761028508655e-10
6.816734730191865e-10
6.375968283057502e-10
5.889704530496189e-10
5.360446664448759e-10
4.7933470808353e-10
4.196612478622985e-10
3.5825663418220335e-10
2.96687501589875e-10
2.3689631433637657e-10
1.8103076115809664e-10
1.3121182131642534e-10
8.926033584162535e-11
5.62734554579199e-11
3.240193534949305e-11
1.6752656081964182e-11
7.625611140741855e-12
2.9887195264276652e-12
9.830078289295777e-13
2.635259327323136e-13
5.5679916710170665e-14
8.935401368445421e-15
1.0439967970591776e-15
8.398642739465422e-17
4.4248026732849975e-18

