2.7788710547727697e-14
4.194387997356419e-14
6.328358732231651e-14
9.543533604294887e-14
1.4384431530358006e-13
2.1667395293128215e-13
3.261450320189206e-13
4.905226914592911e-13
7.370517988303519e-13
1.1062834100780814e-12
1.6584166516605178e-12
2.4825472627144116e-12
3.710091404399429e-12
5.534070826889191e-12
8.236671759353637e-12
1.2228100886092157e-11
1.8100644711223372e-11
2.670295637746967e-11
3.923911011771766e-11
5.7398498843100255e-11
8.351831723912537e-11
1.20775437921378e-10
1.7339848014654147e-10
2.468539229044467e-10
3.479576849829219e-10
4.847780135472533e-10
6.661420395563717e-10
9.005692411472054e-10
1.1941780667934424e-09
1.54762852568716e-09
1.951904323730092e-09
2.383668411753791e-09
2.802430784186566e-09
3.1509732778593174e-09
3.3643274034849145e-09
3.386604504499765e-09
3.193836058099917e-09
2.8133231631563723e-09
2.3240284998293115e-09
1.8336870414529179e-09
1.4374313425596867e-09
1.1824654985028649e-09
1.060687079988268e-09
1.0291781151693128e-09
1.0410326398077263e-09
1.0640203377833095e-09
1.082467852350995e-09
1.0907183222429514e-09
1.0873521032839507e-09
1.0724495411213463e-09
1.0468388514818735e-09
1.0119146175648431e-09
9.694718723984704e-10
9.21628988461315e-10
8.705791393441325e-10
8.184662198033357e-10
7.671804527542671e-10
7.182507819840077e-10
6.727336758762485e-10
6.31210926647375e-10
5.938068498915217e-10
5.602434903938883e-10
5.3000124963409e-10
5.023643022439891e-10
4.766071405748395e-10
4.5203589589712265e-10
4.280905486555218e-10
4.043514636309992e-10
3.805696875247268e-10
3.566273223315233e-10
3.3252391457302785e-10
3.083311015069529e-10
2.841654649583328e-10
2.601582194658899e-10
2.36441208896026e-10
2.1313834471761956e-10
1.90359733062884e-10
1.682187496929426e-10
1.4682359941786102e-10
1.2630147339889243e-10
1.0679781466672913e-10
8.847736993751681e-11
7.153529010877565e-11
5.61703393159872e-11
4.2585137728326573e-11
3.09523663933671e-11
2.1382255359996652e-11
1.389708263579028e-11
8.393269098382223e-12
4.643488605350318e-12
2.3139448842937903e-12
1.0184137561524824e-12
3.871633084141292e-13
1.2388430165917354e-13
3.240335924074709e-14
6.700017293546791e-15
1.0542286534327361e-15
1.2092839599662502e-16
9.606991309995557e-18
5.003153059784678e-19
