8.580951308587057e-14
1.2953572844741056e-13
1.9546689975384077e-13
2.948224971220121e-13
4.444495271263834e-13
6.696145080992855e-13
1.0081577125837285e-12
1.5166615170463472e-12
2.279569894486542e-12
3.4226407572957884e-12
5.132683110065447e-12
7.686368575393429e-12
1.1492094465286921e-11
1.7150194001553338e-11
2.5539079782137098e-11
3.793685092865758e-11
5.6190688608898704e-11
8.294993284228048e-11
1.21977204055203e-10
1.785568231298762e-10
2.600060033642274e-10
3.7627835511332274e-10
5.406301210781964e-10
7.702003592740911e-10
1.0863483722459203e-09
1.5143153116134695e-09
2.0816015105160505e-09
2.8144899554760095e-09
3.73123857517103e-09
4.832154077435131e-09
6.085913679906709e-09
7.414518705354167e-09
8.68426485408139e-09
9.70734522085973e-09
1.0271583550226187e-08
1.0195802289315583e-08
9.404742956374213e-09
7.992454643127102e-09
6.222861604413891e-09
4.454113965750478e-09
3.001943215038117e-09
2.023729422917082e-09
1.4944272132662744e-09
1.2748113329647729e-09
1.212873028969851e-09
1.2052672143256528e-09
1.2029057221810022e-09
1.1891013327353654e-09
1.1601066029560929e-09
1.1160557943797582e-09
1.058395605649114e-09
9.893561421552385e-10
9.117035290501313e-10
8.285920117385101e-10
7.432596143458856e-10
6.588102713985943e-10
5.779971767603531e-10
5.029849149851077e-10
4.353177433527475e-10
3.757991212030683e-10
3.24605038131515e-10
2.8131892381751113e-10
2.451580675477705e-10
2.150475641358079e-10
1.8986753975913996e-10
1.685189810151575e-10
1.500550501573875e-10
1.3371624043386154e-10
1.18950644860101e-10
1.0539253020852979e-10
9.283104424448327e-11
8.11673704241519e-11
7.03697005539487e-11
6.044428122183756e-11
5.140427038886018e-11
4.3257658800397784e-11
3.599613519306633e-11
2.9595611514610766e-11
2.4015210000184822e-11
1.9203469243074295e-11
1.5101739569785116e-11
1.1647779606739972e-11
8.780972149074827e-12
6.441366230010219e-12
4.57259944480288e-12
3.1199186231226663e-12
2.028948919999317e-12
1.245202225634493e-12
7.12488144525287e-13
3.7474765080172406e-13
1.7818735650753785e-13
7.511227385016131e-14
2.745320424823696e-14
8.475597242712886e-15
2.1466337518147367e-15
4.315167888959653e-16
6.615084442690019e-17
7.401088471829777e-18
5.792262405204446e-19
2.9741281398267586e-20
