4.2047691736294604e-14
6.346990375703184e-14
9.576772877982711e-14
1.44434171117919e-13
2.1771598478280755e-13
3.279788721232115e-13
4.937381134757788e-13
7.426726012292008e-13
1.1160790299401907e-12
1.675439444674271e-12
2.5120522833316165e-12
3.761083930172949e-12
5.621973822789057e-12
8.387764390113137e-12
1.248703678035963e-11
1.8543070614664445e-11
2.74561970965764e-11
4.051703194906089e-11
5.955753403707912e-11
8.714919167848077e-11
1.2685099134183124e-10
1.8350220101465225e-10
2.635457804389871e-10
3.753111850904414e-10
5.291815626127283e-10
7.374381526410159e-10
1.0134915134641723e-09
1.3702268287374278e-09
1.8167598241541774e-09
2.3537024995683828e-09
2.9666354363977785e-09
3.618923273581803e-09
4.247365127369071e-09
4.762900498670286e-09
5.064636850069768e-09
5.066065526061851e-09
4.7305928577999116e-09
4.10162343348262e-09
3.303017660387498e-09
2.503365296866922e-09
1.8514271677218725e-09
1.4211712513544983e-09
1.2003239932182097e-09
1.1224658065285836e-09
1.115045749121068e-09
1.128463075729804e-09
1.1388697315006304e-09
1.137912780297448e-09
1.1236320761931508e-09
1.0961882921995429e-09
1.0566657094339328e-09
1.0068045059338867e-09
9.48801588566492e-10
8.852127582191101e-10
8.186719759793936e-10
7.517342075339266e-10
6.866623099658629e-10
6.252655642692699e-10
5.688211026879372e-10
5.180216477468922e-10
4.730361386413725e-10
4.3354833891781234e-10
3.989580593638929e-10
3.6842341766548485e-10
3.410855523380713e-10
3.161107705035244e-10
2.9281095675346766e-10
2.7065646804689874e-10
2.493060609850537e-10
2.2857032468126802e-10
2.0839181567972979e-10
1.8879920381258221e-10
1.698706700488055e-10
1.5170475546868955e-10
1.3439632979655034e-10
1.180266042849153e-10
1.0265377494201389e-10
8.832130740031069e-11
7.505303042985149e-11
6.286749448240314e-11
5.177900577456908e-11
4.180028460388067e-11
3.294969843972617e-11
2.52401343109825e-11
1.8681286451851636e-11
1.3266644033709157e-11
8.962765802261434e-12
5.7027968506245925e-12
3.3758084932744754e-12
1.8328462343985885e-12
8.975467435751529e-13
3.887446827979778e-13
1.4564440120191197e-13
4.598964346762767e-14
1.188683003789196e-14
2.4323912355153493e-15
3.790759007852681e-16
4.308690252906628e-17
3.404074860858566e-18
1.76355867567968e-19

