1.8181938423752447e-14
2.7441337162527425e-14
4.1398829283370034e-14
6.24254067665146e-14
9.407937591205996e-14
1.416940891697397e-13
2.1325156253431322e-13
3.2067821612311003e-13
4.817581550999612e-13
7.229517519959394e-13
1.0835249308864235e-12
1.6215674738357274e-12
2.4227227535043264e-12
3.612720824839026e-12
5.375275970095089e-12
7.977302577666902e-12
1.1803972586965341e-11
1.7406854949250325e-11
2.556806622713085e-11
3.7384348015722713e-11
5.4372203666766944e-11
7.859208480366248e-11
1.1278576076041812e-10
1.6049746059724963e-10
2.2614783861968768e-10
3.1497530690045615e-10
4.327255184699433e-10
5.849762703787789e-10
7.758102121564662e-10
1.0058741649793064e-09
1.2696998639035402e-09
1.5527519041253024e-09
1.8296110442481975e-09
2.0642190982229136e-09
2.2155130143514617e-09
2.248029237111125e-09
2.1463183602714743e-09
1.92716568398957e-09
1.639915034765764e-09
1.3520819658370635e-09
1.1233375171786084e-09
9.832161833807885e-10
9.264431899555969e-10
9.257556512906339e-10
9.513287477359968e-10
9.8253062062201e-10
1.0091730452944316e-09
1.0274239139988938e-09
1.0362195250871505e-09
1.0355419635478324e-09
1.0259628242431685e-09
1.008519093013454e-09
9.84585507647116e-10
9.55809748500537e-10
9.239099203967828e-10
8.905761396209348e-10
8.572867927402041e-10
8.252468219057542e-10
7.952570513961615e-10
7.677502527150891e-10
7.427728119104635e-10
7.200521848479993e-10
6.991127786338477e-10
6.793269580374842e-10
6.600570000671111e-10
6.406970949710972e-10
6.20753215203113e-10
5.99846803254825e-10
5.777413028362471e-10
5.54304733666799e-10
5.295014229865792e-10
5.033496106948693e-10
4.75908415899313e-10
4.4724615499254133e-10
4.174438020991809e-10
3.8659038960091925e-10
3.5478589721448243e-10
3.2217668243111966e-10
2.8894602212326006e-10
2.5536116114322066e-10
2.217772733032379e-10
1.8864207619550477e-10
1.565246400718352e-10
1.2606239359930513e-10
9.796304367271028e-11
7.292464385978256e-11
5.154612914258727e-11
3.424105249975209e-11
2.111015896102755e-11
1.1905443056180141e-11
6.038980006297359e-12
2.7014121503696055e-12
1.0422228399539704e-12
3.379631964685099e-13
8.945906817381067e-14
1.869144861516655e-14
2.9693299584111806e-15
3.4370252475478134e-16
2.7462117737604135e-17
1.4378643941230373e-18

