1.2548774118581595e-13
1.8943701814862396e-13
2.858638281134311e-13
4.31180147732191e-13
6.500314522444473e-13
9.793826003948377e-13
1.4745980044972116e-12
2.218470786116706e-12
3.3345736795208834e-12
5.006956197426028e-12
7.5090490742353e-12
1.1245865552921462e-11
1.6815331919649284e-11
2.5096515871810132e-11
3.7375883972622945e-11
5.552557906627648e-11
8.225181371591737e-11
1.2143672673045979e-10
1.7859480499611923e-10
2.61472166544423e-10
3.807967417851476e-10
5.511638989664939e-10
7.92013941919226e-10
1.128482170367345e-09
1.59189049569379e-09
2.2192420704356055e-09
3.0508210300060234e-09
4.125057753597477e-09
5.46847781295338e-09
7.081050968405518e-09
8.916005980730975e-09
1.085763056284925e-08
1.2707989519458566e-08
1.4189354712572721e-08
1.4988259086241326e-08
1.4837430949745738e-08
1.3626598289862236e-08
1.1496214579245858e-08
8.838088685682294e-09
6.183332906886444e-09
3.9999940204271665e-09
2.5215695301232662e-09
1.7114349975797213e-09
1.3640765632988191e-09
1.2551337913568203e-09
1.2323449595564536e-09
1.223656542525605e-09
1.2047744179359073e-09
1.1702514418525801e-09
1.1200579748563648e-09
1.0557685027789516e-09
9.798009552550709e-10
8.951415660583929e-10
8.051689873501329e-10
7.133483155391622e-10
6.229868461935702e-10
5.370132714983482e-10
4.577203504569267e-10
3.86737597573298e-10
3.2490092721480506e-10
2.7236823576736073e-10
2.286756051494894e-10
1.9294453275614176e-10
1.6400021065704112e-10
1.4059838000270354e-10
1.2152304659610913e-10
1.057073410764822e-10
9.228781291315958e-11
8.061394415625249e-11
7.023849013654294e-11
6.087938059714076e-11
5.237970542944373e-11
4.4660354801736125e-11
3.769044207716017e-11
3.145494892205553e-11
2.5941267971740516e-11
2.112754663483564e-11
1.6980713675051833e-11
1.3455829221492034e-11
1.0499708689753138e-11
8.054182008764185e-12
6.0591719761860436e-12
4.45680715930189e-12
3.1918826632574764e-12
2.2141989324692283e-12
1.4779819196252464e-12
9.414951292861064e-13
5.667528939217779e-13
3.1852121593150423e-13
1.6478093895912327e-13
7.716861252748162e-14
3.2080913845195224e-14
1.1578645039779258e-14
3.53402097921478e-15
8.859136163711232e-16
1.7649124910885628e-16
2.6831018238807346e-17
2.9779186991539864e-18
2.319560337984935e-19
1.185662096840955e-20

