3.1812302618822795e-15
4.7981717841355024e-15
7.233367009252833e-15
1.0898304293376962e-14
1.6409562457519843e-14
2.4689700842789643e-14
3.71168259941085e-14
5.574578855839434e-14
8.363377369123919e-14
1.253183540315219e-13
1.875153179599467e-13
2.801318930489592e-13
4.177305367887185e-13
6.216217787336702e-13
9.228400188293259e-13
1.3663179305406652e-12
2.0166660640777233e-12
2.9660757054659135e-12
4.344816511091415e-12
6.33495553099923e-12
9.18749825640493e-12
1.3242696646242957e-11
1.8952679840052743e-11
2.6902106084053308e-11
3.782231711155301e-11
5.2586482206006353e-11
7.216853524248362e-11
9.754921946933808e-11
1.295283011430346e-10
1.6844746120348315e-10
2.1380545666271857e-10
2.6383245124129433e-10
3.1521443238487263e-10
3.631098336695541e-10
4.019059613774975e-10
4.2667955499178367e-10
4.351981341087699e-10
4.296247763510913e-10
4.1661937892508865e-10
4.053835404888677e-10
4.0411402113797675e-10
4.169051044831887e-10
4.4308356818580966e-10
4.789047177799961e-10
5.202280812213011e-10
5.641324463637821e-10
6.091365998569108e-10
6.546622348841451e-10
7.005823289870736e-10
7.469873379459778e-10
7.941438933542694e-10
8.424652674042268e-10
8.925006383961643e-10
9.448928150935939e-10
1.0003493437435325e-09
1.0595951683237844e-09
1.1233219087228206e-09
1.1921815869434197e-09
1.2667206587638906e-09
1.3474131162391982e-09
1.434625991107376e-09
1.528648746178355e-09
1.629696982196253e-09
1.737925518558839e-09
1.8534267014313162e-09
1.9762202155799945e-09
2.106209490875646e-09
2.243138468277942e-09
2.386485982515347e-09
2.535378815124472e-09
2.688452056007366e-09
2.8436717572194356e-09
2.9982352390596905e-09
3.1482933716018754e-09
3.2888889532625115e-09
3.413771303291175e-09
3.5152715021058356e-09
3.5845396061130657e-09
3.6114882411242765e-09
3.5856110104202257e-09
3.4967744798001786e-09
3.336475869323074e-09
3.1002993089688108e-09
2.7894633104017274e-09
2.4138038957850223e-09
1.992699408673351e-09
1.5544238822718137e-09
1.13316627001224e-09
7.619806301019806e-10
4.656677583215446e-10
2.542597743077809e-10
1.2162117189738185e-10
4.985248606214442e-11
1.7071165571439243e-11
4.744883571851581e-12
1.035585723249515e-12
1.71057230285109e-13
2.050292860465138e-14
1.6886895385312101e-15
9.084625935728828e-17

