4.3405777035600106e-15
6.547854237593146e-15
9.872846062193078e-15
1.4878116410802614e-14
2.2406928917323288e-14
3.372153202312703e-14
5.070828499849695e-14
7.618121907405267e-14
1.1432917525152133e-13
1.713728038554697e-13
2.5652436131713576e-13
3.833824407300446e-13
5.719486620436064e-13
8.515135348671945e-13
1.2647635498218338e-12
1.8735476974026655e-12
2.7668681224986462e-12
4.071815492339481e-12
5.968103481900587e-12
8.707073047258472e-12
1.2635437591772643e-11
1.8223391362608324e-11
2.609587378447177e-11
3.706087920332411e-11
5.2128390561701887e-11
7.250217766677003e-11
9.951997889588379e-11
1.345184492491816e-10
1.7856443909138155e-10
2.3205936897494066e-10
2.9419059335614356e-10
3.62325038313126e-10
4.316204378382997e-10
4.950536892501514e-10
5.445130686574108e-10
5.728958152310657e-10
5.769784623480082e-10
5.598591727267833e-10
5.310875064694642e-10
5.038483914086901e-10
4.898581934307375e-10
4.949228375122578e-10
5.179887647826634e-10
5.535985576107305e-10
5.957339922162236e-10
6.401365646591258e-10
6.846109624848095e-10
7.28245114097683e-10
7.707494928392883e-10
8.121182015611071e-10
8.52562034008651e-10
8.924688748326627e-10
9.323808712487133e-10
9.729454428081202e-10
1.0148661331864616e-09
1.0588461103826324e-09
1.1055165020791934e-09
1.155426891079915e-09
1.2089602465885306e-09
1.266372957345529e-09
1.3277529691950229e-09
1.3930581341255545e-09
1.4621286913028578e-09
1.5347105743105916e-09
1.6104706797624352e-09
1.6890017592975626e-09
1.7698043180893878e-09
1.8522623353630141e-09
1.935582420127256e-09
2.018740567532652e-09
2.100406745946567e-09
2.17884496058519e-09
2.2518899860539927e-09
2.316805733347859e-09
2.3703210836934173e-09
2.4085868802940263e-09
2.427191695090066e-09
2.4214175619772268e-09
2.3862870103016977e-09
2.317140893509246e-09
2.210122355232507e-09
2.0628466365116872e-09
1.875666833070822e-09
1.652218130854166e-09
1.4006966186154373e-09
1.1338519971581364e-09
8.68159360977413e-10
6.219224745222382e-10
4.1146345578366526e-10
2.477192842445e-10
1.3341686780167062e-10
6.3027639285356e-11
2.554540601790269e-11
8.659252010778673e-12
2.384941104438249e-12
5.162457446199972e-13
8.464926353834694e-14
1.0080730032253373e-14
8.251264466021479e-16
4.414470037016132e-17

