2.172057096851143e-15
3.2753076829987825e-15
4.936354933517772e-15
7.43537708078639e-15
1.119198465639776e-14
1.6833678299056658e-14
2.529725478301495e-14
3.79786501925493e-14
5.695330036016385e-14
8.529937810952816e-14
1.275691520775557e-13
1.904726651060095e-13
2.8386434263365216e-13
4.221520250973138e-13
6.262981761925705e-13
9.266240076116231e-13
1.3666878470799473e-12
2.0085828582066115e-12
2.939969286460928e-12
4.283259486640768e-12
6.207095076150783e-12
8.939961603842891e-12
1.2785400447158545e-11
1.8136033988594927e-11
2.5483480863747454e-11
3.54160490985032e-11
4.8593100176921935e-11
6.56852257760042e-11
8.725388227143527e-11
1.1357319016219305e-10
1.4438195754506468e-10
1.786091300587724e-10
2.1419399037485303e-10
2.480946159253938e-10
2.7676825623678303e-10
2.9710515315425777e-10
3.0770994300297376e-10
3.0999484393968195e-10
3.082529731867982e-10
3.084136251787353e-10
3.1578136037383247e-10
3.330529934748676e-10
3.598896907361244e-10
3.9399073372138533e-10
4.3280415565894975e-10
4.745591147338177e-10
5.184149872068589e-10
5.641241542280752e-10
6.117506999958884e-10
6.615248387616655e-10
7.138222547963354e-10
7.691459501116186e-10
8.281267593757168e-10
8.914921540973301e-10
9.600568589577652e-10
1.0346895445333699e-09
1.116285705487308e-09
1.2057684770355182e-09
1.3040484973192247e-09
1.4120549215434718e-09
1.530717250076484e-09
1.660993093684805e-09
1.8038740073457794e-09
1.960396959130136e-09
2.131637176277645e-09
2.3186908888751332e-09
2.5226126704472362e-09
2.744355258323357e-09
2.9846095529582054e-09
3.2436648145216985e-09
3.5211627264897294e-09
3.8157690377443755e-09
4.124899547153481e-09
4.444131874922677e-09
4.766848083325315e-09
5.083619388882026e-09
5.381581182367298e-09
5.64433323842731e-09
5.8513290766006855e-09
5.97879583806261e-09
6.0008231985363884e-09
5.891673964806948e-09
5.630826916950968e-09
5.207240466479802e-09
4.6270159233876765e-09
3.917846378930105e-09
3.1303615272912204e-09
2.3339233467817595e-09
1.602563773398495e-09
9.98431495168952e-10
5.548640767534279e-10
2.697136210060887e-10
1.1218025497434355e-10
3.892394317935456e-11
1.0948314165537413e-11
2.415443175808141e-12
4.0285364507312883e-13
4.8700337656538424e-14
4.044395133956152e-15
2.191841967544342e-16
