1.6825710362105957e-15
2.536765124510111e-15
3.822548342642851e-15
5.7565203758458126e-15
8.66295564535153e-15
1.3026596185166124e-14
1.9570809792736495e-14
2.937301212195004e-14
4.40343002376063e-14
6.592811608484266e-14
9.856260567059632e-14
1.4710582326600788e-13
2.1914307823454895e-13
3.257577393862325e-13
4.830650957387071e-13
7.143600326255031e-13
1.0530854408428955e-12
1.546884262657102e-12
2.2629759123373667e-12
3.2951762622303213e-12
4.772670675352268e-12
6.870430806666795e-12
9.820875970425661e-12
1.3924702020984902e-11
1.9558697526606626e-11
2.7174485601543166e-11
3.727991262998879e-11
5.0394947906069654e-11
6.69624923125911e-11
8.721600856809214e-11
1.1099505063930951e-10
1.375409027628834e-10
1.6536178920287318e-10
1.9223826913552786e-10
2.1557755664700507e-10
2.331053431763782e-10
2.438158408275803e-10
2.4878321723027207e-10
2.5122013425840815e-10
2.555587437406012e-10
2.657795411561243e-10
2.8394191118057743e-10
3.0986631088762326e-10
3.419249069855889e-10
3.783090587047147e-10
4.1779444719747976e-10
4.5985599596721283e-10
5.044222025380196e-10
5.51671259706116e-10
6.019268210195861e-10
6.556469648144188e-10
7.134132164096515e-10
7.759371457626175e-10
8.440379462854711e-10
9.186438751401542e-10
1.0007700526453909e-09
1.091506567764688e-09
1.1920270286699925e-09
1.3035678053636453e-09
1.4274636604382468e-09
1.5651466709211518e-09
1.7181822533716161e-09
1.8882879857045973e-09
2.0773574252395837e-09
2.287465903226466e-09
2.520866531738282e-09
2.7799355924173772e-09
3.067120800385146e-09
3.3847654948737664e-09
3.734946591488854e-09
4.1191626782717455e-09
4.5378864548884075e-09
4.990132442588075e-09
5.472557990412418e-09
5.978755592513365e-09
6.498097769500033e-09
7.014410773752869e-09
7.505227963838244e-09
7.940207211840166e-09
8.281653142775919e-09
8.485390626619101e-09
8.503778183844028e-09
8.293336481077327e-09
7.822327216747652e-09
7.084475727932078e-09
6.108967598306421e-09
4.965998111620472e-09
3.7629171629342274e-09
2.6229481447926716e-09
1.6570249901039735e-09
9.326932041588091e-10
4.5868879168338935e-10
1.9281478016297226e-10
6.754932145348889e-11
1.916647588269743e-11
4.262329291532796e-12
7.159883964083728e-13
8.710780631350042e-14
7.278631177516773e-15
3.966436158694809e-16
