1.2588452724152669e-15
1.8975336207493504e-15
2.858667936163711e-15
4.303908136037321e-15
6.475174420667799e-15
9.733935664175385e-15
1.4619337261597435e-14
2.1933984221657876e-14
3.286992406318713e-14
4.919318401677818e-14
7.351247113310609e-14
1.0966831176034835e-13
1.6329371851429074e-13
2.426136482347168e-13
3.5957861413844363e-13
5.314506458110723e-13
7.829936877529188e-13
1.1494614665525887e-12
1.680560169031611e-12
2.4456208499893346e-12
3.5400649734361102e-12
5.093090298487031e-12
7.276294897317078e-12
1.0311751565151604e-11
1.447797161358415e-11
2.0109407084172955e-11
2.758356529327762e-11
3.728987665860702e-11
4.956631739827374e-11
6.460507069764257e-11
8.232082523460922e-11
1.0220478483218532e-10
1.232276734309703e-10
1.4384305611927815e-10
1.6223826954733699e-10
1.7682670799120173e-10
1.8692427463433212e-10
1.9332797483685573e-10
1.9836094995261873e-10
2.052215370931824e-10
2.1679778446106745e-10
2.346224184950572e-10
2.5864661400463723e-10
2.8779915754761195e-10
3.208887682303204e-10
3.571492643189793e-10
3.9632555824234195e-10
4.385033104466622e-10
4.839685297514747e-10
5.33138051521606e-10
5.86556809127633e-10
6.448944521015126e-10
7.08957880107802e-10
7.796794171233596e-10
8.581290352534288e-10
9.455058969994064e-10
1.0431434710213467e-09
1.1525298280224058e-09
1.2753109842923972e-09
1.4133382793534572e-09
1.5686934660931179e-09
1.7437452555723252e-09
1.941196747419831e-09
2.164141790720105e-09
2.4161086433181622e-09
2.701100152663337e-09
3.02358455700571e-09
3.3884943328436275e-09
3.801082674921558e-09
4.266785399807402e-09
4.790884892246759e-09
5.377958423919573e-09
6.031274965944468e-09
6.751476259396844e-09
7.535327257839914e-09
8.373642548357974e-09
9.248646928228872e-09
1.0131799595888633e-08
1.0980041574116205e-08
1.1734808284256638e-08
1.2321513984620436e-08
1.26527231776188e-08
1.2639305154553256e-08
1.2203686163017515e-08
1.1304941313594294e-08
9.960855180379748e-09
8.264249073386432e-09
6.383279378407429e-09
4.529629493708105e-09
2.90924142934312e-09
1.662646744625846e-09
8.291693913365668e-10
3.5302947741391337e-10
1.2512615012665515e-10
3.5882333469303013e-11
8.057722553789677e-12
1.3655249141662877e-12
1.6744910326713693e-13
1.4098993625470876e-14
7.736225765437979e-16

