1.0435962015469777e-15
1.5728575754841256e-15
2.3691781882717658e-15
3.5663595211680016e-15
5.3645764065376184e-15
8.062833684769135e-15
1.210696654388495e-14
1.816044668911737e-14
2.7208321988238662e-14
4.0709391946608865e-14
6.081767567138438e-14
9.070298438849192e-14
1.3501255242543773e-13
2.0052893633245357e-13
2.9710240423946845e-13
4.389547188532694e-13
6.464789918337932e-13
9.486937470537776e-13
1.3864968079452634e-12
2.016911795192904e-12
2.9183972409413434e-12
4.197162717365253e-12
5.994266692870893e-12
8.492297047470665e-12
1.1920376468081899e-11
1.6553980559514835e-11
2.27047931864997e-11
3.069585933798274e-11
4.081077134031904e-11
5.321787928007307e-11
6.786436191448296e-11
8.435876540781736e-11
1.0189263682167259e-10
1.1924301860650412e-10
1.3497343857212873e-10
1.478293465953394e-10
1.572816283463441e-10
1.639919588960938e-10
1.6985071121791832e-10
1.774558657192055e-10
1.8916294438929634e-10
2.0624634652976967e-10
2.28717908250749e-10
2.557745793743818e-10
2.8652362470670613e-10
3.204212069400376e-10
3.5734403010947316e-10
3.9745545217644494e-10
4.410957756553376e-10
4.88729815228633e-10
5.409484141635438e-10
5.984695274963717e-10
6.621540896050799e-10
7.330009972227884e-10
8.121655354912825e-10
9.009600082989335e-10
1.0008695508373172e-09
1.1135813120754005e-09
1.2410042316810223e-09
1.3853273571700299e-09
1.5490654302126382e-09
1.7351351169065828e-09
1.946929157943571e-09
2.1884058661729806e-09
2.4641728872306494e-09
2.7795773818225137e-09
3.1407546069407776e-09
3.5546944057220815e-09
4.029165297511562e-09
4.572643879600964e-09
5.1940256534688125e-09
5.902064991619944e-09
6.704715146532108e-09
7.607548463887324e-09
8.612114009425781e-09
9.713104233650542e-09
1.0894518453230932e-08
1.2126022084181656e-08
1.3356884083068681e-08
1.451297167037881e-08
1.549407753568937e-08
1.6176198433406274e-08
1.6424850968230053e-08
1.6113096269086116e-08
1.5157438489929914e-08
1.3552827830164523e-08
1.14019412543785e-08
8.922771128610478e-09
6.409504255537371e-09
4.1636042365821086e-09
2.40461948639931e-09
1.210846018278954e-09
5.201355102021719e-10
1.8586282101564807e-10
5.369960259681027e-11
1.214212994438496e-11
2.0706658202108417e-12
2.553618740602206e-13
2.1619069290270607e-14
1.1921640217203667e-15

