1.8504752297350073e-12
2.793595060033866e-12
4.215768092922596e-12
6.359130276801304e-12
9.587329520755741e-12
1.444585248259902e-11
2.1751813964562483e-11
3.272732437687303e-11
4.9196740425492105e-11
7.387775210797518e-11
1.1080865755991517e-10
1.6597238207680353e-10
2.482036468371349e-10
3.704944253040956e-10
5.518627240344917e-10
8.199922254726014e-10
1.2149112426688784e-09
1.7940575501005448e-09
2.6390419613282706e-09
3.8645305033894125e-09
5.629362836610342e-09
8.149673673976498e-09
1.1713365021927449e-08
1.6692654504121262e-08
2.3551253649040192e-08
3.28366510457958e-08
4.5144117260700685e-08
6.103993108725793e-08
8.091133108276578e-08
1.0474799087613807e-07
1.3184116002153274e-07
1.604530461915247e-07
1.8761927138909434e-07
2.091855386398522e-07
2.2046428454772798e-07
2.174548646315667e-07
1.984959862459991e-07
1.6566294334609522e-07
1.2478881073877694e-07
8.380406724963392e-08
4.973514501789248e-08
2.6149499768987456e-08
1.2608156307856043e-08
6.1508337720310704e-09
3.511021094422318e-09
2.4641180069746386e-09
1.953946244922295e-09
1.6176546538825183e-09
1.3593383732919462e-09
1.1526421808045999e-09
9.845681968876786e-10
8.455441551699584e-10
7.281936917317742e-10
6.269880167178384e-10
5.380653768114233e-10
4.588821385766892e-10
3.879426124211339e-10
3.2443014472367143e-10
2.6797475083424894e-10
2.1836926562148403e-10
1.7543299761352723e-10
1.3890129105106603e-10
1.0838168578149187e-10
8.336407523788729e-11
6.324051555313513e-11
4.7351937042540125e-11
3.502938518387281e-11
2.5631455548750015e-11
1.85736616321134e-11
1.3344898664084995e-11
9.516061698629615e-12
6.738202111492522e-12
4.737643066773088e-12
3.3043640644490574e-12
2.2820535319672554e-12
1.5560411258113953e-12
1.0434442476962835e-12
6.848285139226598e-13
4.373267478531723e-13
2.6990046714315027e-13
1.5972143814375972e-13
8.980433585241283e-14
4.747350421485721e-14
2.330179639832524e-14
1.0467130055956134e-14
4.230345702480412e-15
1.5075804530093188e-15
4.629362958423862e-16
1.1921032972660204e-16
2.495066100184198e-17
4.0924787949605345e-18
5.055008042434395e-19
4.490981388607282e-20
2.6946810543735065e-21
1.0359975087118649e-22
2.454193660222691e-24
3.044471012569664e-26
1.7391901484948833e-28
6.679460169101902e-31
8.553684142381227e-33
