1.4688317821944613e-13
2.2173222048940745e-13
3.345918402818549e-13
5.046681699624646e-13
7.608012268884839e-13
1.1462447282607018e-12
1.725778141123828e-12
2.5962669326007127e-12
3.902275113004797e-12
5.859095328515937e-12
8.786537435417089e-12
1.315824922634211e-11
1.9673374436290434e-11
2.9359603601334714e-11
4.372058884692765e-11
6.494400129673282e-11
9.619126600154479e-11
1.419960773820968e-10
2.087960831201206e-10
3.056304502121141e-10
4.4501225466139776e-10
6.439574558190267e-10
9.251194068290005e-10
1.3177750646916935e-09
1.8583966212862695e-09
2.590073299130405e-09
3.5597580276435786e-09
4.812376225125498e-09
6.379323691524878e-09
8.261716946215174e-09
1.0407335859062768e-08
1.2685306818969272e-08
1.4870692100161233e-08
1.6646907584120558e-08
1.7654705270616336e-08
1.75837684674287e-08
1.629779864864045e-08
1.3939953922264828e-08
1.0938441425863953e-08
7.883408740044794e-09
5.3055101619997915e-09
3.4824666914484386e-09
2.3960305311379355e-09
1.836708892477009e-09
1.568088866866182e-09
1.4259276833088592e-09
1.3302454707096684e-09
1.251514305309075e-09
1.1801890566135817e-09
1.1124190948214388e-09
1.0459671000241462e-09
9.794734380438487e-10
9.122400055008596e-10
8.442123484270915e-10
7.757701849325127e-10
7.07640625119119e-10
6.407337951211985e-10
5.759918517120348e-10
5.143071270518346e-10
4.5640483218742526e-10
4.02817118145503e-10
3.538484455559412e-10
3.0959472552984157e-10
2.6996082656476383e-10
2.347095171113966e-10
2.0350240230011092e-10
1.7594027547309054e-10
1.5161363872322022e-10
1.3011744604089676e-10
1.1108843068198827e-10
9.420909087967783e-11
7.921601342274941e-11
6.590280973680896e-11
5.4109124278205616e-11
4.371846928894113e-11
3.464533663926038e-11
2.6823752035936017e-11
2.0199988643662336e-11
1.4716688936071796e-11
1.030803483324835e-11
6.889833966527719e-12
4.355162869773626e-12
2.5763999979231593e-12
1.408365947393651e-12
7.009478223521524e-13
3.121350863489749e-13
1.2184389238790767e-13
4.0730594064354e-14
1.1339782186564678e-14
2.549529200689741e-15
4.471540741659583e-16
5.852870565847442e-17
5.45065530607385e-18
3.4807996305653456e-19
1.4109700166122442e-20
3.189753230564301e-22
4.356613852453487e-24
3.535464521921443e-26
6.334275582222272e-29
5.366910145065053e-32

