5.459054293833124e-13
8.241210765023689e-13
1.2436459903673886e-12
1.875897976006286e-12
2.828130029515857e-12
4.261218040762948e-12
6.416133386184563e-12
9.653259786255557e-12
1.4510536298883425e-11
2.1789249481447964e-11
3.2679945954090906e-11
4.894629341024761e-11
7.319232111937254e-11
1.0924691205709505e-10
1.62714088348408e-10
2.4175009078335406e-10
3.581461288297411e-10
5.288185638694236e-10
7.777982761192333e-10
1.138842328041611e-09
1.6587020672228488e-09
2.4009790622376092e-09
3.450377120556023e-09
4.916391270869221e-09
6.9354255455751765e-09
9.668554214568529e-09
1.3291023565041588e-08
1.7969842454139567e-08
2.3820007806067793e-08
3.084076116272727e-08
3.882784044679098e-08
4.727708417944879e-08
5.532647319096838e-08
6.176629816032053e-08
6.522888938500361e-08
6.454190422794439e-08
5.9208148436390346e-08
4.9811045700769005e-08
3.802623504882331e-08
2.6143500090239087e-08
1.6202876155004412e-08
9.253257707222292e-09
5.189944050267866e-09
3.1758450962484225e-09
2.2787753787684012e-09
1.859513359377218e-09
1.6115956387146866e-09
1.4269045558869705e-09
1.2741794104856362e-09
1.142914465879894e-09
1.0271235874636783e-09
9.225486789826095e-10
8.261434952065773e-10
7.359808767618675e-10
6.510144412242593e-10
5.709058992413161e-10
4.957965455202874e-10
4.260640332553477e-10
3.621799407576748e-10
3.045252793336822e-10
2.533260406642082e-10
2.0859991439231088e-10
1.7015057731234745e-10
1.3760306456700192e-10
1.1043936812585375e-10
8.805728127952974e-11
6.981519746445227e-11
5.508140676890984e-11
4.3260906297168726e-11
3.3822844164918785e-11
2.630865545572111e-11
2.033479403403558e-11
1.559096745689625e-11
1.1828759463466625e-11
8.854287644302241e-12
6.515875913424861e-12
4.6945153592323504e-12
3.295768545211005e-12
2.242148165347334e-12
1.4687781716741918e-12
9.19622149840993e-13
5.454916164328668e-13
3.0342490540590115e-13
1.563231109437775e-13
7.352478785176803e-14
3.103541984364168e-14
1.1522341745171099e-14
3.67650580783412e-15
9.806468769555701e-16
2.1202213443981945e-16
3.5887766005124175e-17
4.549597572237886e-18
4.1177051905859415e-19
2.5617483911730528e-20
1.014596757589517e-21
2.2531321557899322e-23
3.0155786169533283e-25
2.3836441661354104e-27
4.339823924701544e-30
6.427175833446798e-33

