2.836389461064102e-13
4.281864719164486e-13
6.461468760216757e-13
9.746197411798662e-13
1.4693176723277643e-12
2.2138036660636825e-12
3.3332374868501634e-12
5.014789747194087e-12
7.537827588653339e-12
1.1318449543664082e-11
1.6974838085588024e-11
2.542267498694994e-11
3.801380390758591e-11
5.673569400211717e-11
8.449685573166799e-11
1.255297976238247e-10
1.8595235766393833e-10
2.7454006218020384e-10
4.0375694048428253e-10
5.911084283970226e-10
8.608338831065071e-10
1.2459032104615722e-09
1.7902183627976493e-09
2.5505246837751098e-09
3.5975122259818016e-09
5.014671149860874e-09
6.8928934803964995e-09
9.318939870037799e-09
1.2352917291461797e-08
1.599548350964691e-08
2.0142703070117214e-08
2.4536466125478665e-08
2.873452070440954e-08
3.2115486678602937e-08
3.397572465346941e-08
3.371003102023877e-08
3.105763682303664e-08
2.6309896340849107e-08
2.031845734902724e-08
1.4251588082039408e-08
9.154487696222065e-09
5.5691656057719165e-09
3.4502785765966097e-09
2.376785658788029e-09
1.8768338662004138e-09
1.625033468612452e-09
1.4642831893516347e-09
1.3380431809317774e-09
1.229061392260438e-09
1.1309621817692645e-09
1.0400190985492807e-09
9.537312970448639e-10
8.704909159796574e-10
7.895409650521984e-10
7.107421067247095e-10
6.344492898163285e-10
5.613146115634525e-10
4.920930931013225e-10
4.275359824397247e-10
3.682422067618825e-10
3.1461794833716856e-10
2.6683673683986016e-10
2.248473192153781e-10
1.8840574087719053e-10
1.57117139681602e-10
1.3049002162073963e-10
1.0797893048546911e-10
8.903679229585374e-11
7.313581406671632e-11
5.98010446265008e-11
4.86162375357209e-11
3.922985621747665e-11
3.1355012085685745e-11
2.4758878714958313e-11
1.925734013646493e-11
1.4702948740451456e-11
1.097530812634286e-11
7.973682118343876e-12
5.60777778134629e-12
3.794054028358709e-12
2.4513006862373737e-12
1.4990912324472372e-12
8.58870569867464e-13
4.552682904053353e-13
2.2004559949985826e-13
9.53160211243178e-14
3.6258950411242317e-14
1.1834830349544188e-14
3.2234102975761144e-15
7.103945439740928e-16
1.2238687643794401e-16
1.5759302458587762e-17
1.4454734048827926e-18
9.125634088335892e-20
3.6605224576675364e-21
8.117008758752216e-23
1.1055756562690839e-24
9.203705298449767e-27
1.513641104375278e-29
1.345692815152706e-32

