5.150338314921092e-12
7.775325200689931e-12
1.1733695816660321e-11
1.7699429616858653e-11
2.6684749451146894e-11
4.0208061353269157e-11
6.054392244095618e-11
9.109434241194454e-11
1.3693796553376905e-10
2.0564055241900354e-10
3.0844472675082933e-10
4.6200767589364925e-10
6.909275302385526e-10
1.0313792628029232e-09
1.5363200375037454e-09
2.2828425632750154e-09
3.382424946942544e-09
4.9950436232183395e-09
7.348022566620715e-09
1.0760790578038026e-08
1.5675876856845574e-08
2.2695495301321768e-08
3.262190043049781e-08
4.649237207482135e-08
6.559920201508663e-08
9.146806742126273e-08
1.2575734507323543e-07
1.7004341764037789e-07
2.2540093641835828e-07
2.917914728528025e-07
3.6722174215791706e-07
4.468184024586824e-07
5.222768763276629e-07
5.819664207938586e-07
6.127757626659796e-07
6.035392953017134e-07
5.496707106827485e-07
4.5708112612609766e-07
3.42212820131152e-07
2.2736168274441324e-07
1.3222538788997718e-07
6.673503871918985e-08
2.9541659833010477e-08
1.2227365356361453e-08
5.5494197587861085e-09
3.2343904572728393e-09
2.3189738813315716e-09
1.7997428708920657e-09
1.4263057675661308e-09
1.1412061613573168e-09
9.218670352272717e-10
7.52084973575538e-10
6.191451297724215e-10
5.130795849804325e-10
4.2660522776966685e-10
3.544998566450349e-10
2.93279223218377e-10
2.406873023401529e-10
1.9536732247778302e-10
1.564716014350369e-10
1.2343560567687117e-10
9.578986830564328e-11
7.306221003307567e-11
5.474469238414884e-11
4.0286344229515666e-11
2.911707521216606e-11
2.067429136929146e-11
1.4428587039316676e-11
9.905418601582188e-12
6.6960197376329404e-12
4.4626612843274185e-12
2.93613674436255e-12
1.909471017536864e-12
1.2285350587719722e-12
7.821744805574225e-13
4.924218865240792e-13
3.058854882756978e-13
1.868426736550158e-13
1.1164368157918817e-13
6.483304077141623e-14
3.629566586458236e-14
1.9401682600107542e-14
9.794215584631844e-15
4.6088520967250546e-15
1.9917890636577707e-15
7.769652079386047e-16
2.6801952154243266e-16
7.987590254026331e-17
2.002208396764847e-17
4.0888993505417574e-18
6.547393161625348e-19
7.93417019725934e-20
6.963170787908523e-21
4.052288987847641e-22
1.5200306957776195e-23
3.8608030843018774e-25
4.4561944103141976e-27
1.8468250651795915e-29
1.567857262822626e-31
1.6054082103546733e-32

