8.627270271277623e-12
1.3024378528028905e-11
1.9655051694067645e-11
2.964829247070875e-11
4.469971415364019e-11
6.735287266255685e-11
1.014180164481872e-10
1.525941040667499e-10
2.2938882740643643e-10
3.4447640248272995e-10
5.166907770548385e-10
7.739369003134546e-10
1.157423414431781e-09
1.7277544094471087e-09
2.573650974955477e-09
3.824272180101619e-09
5.666389989340096e-09
8.368038300495115e-09
1.2310100128136062e-08
1.8027797571252694e-08
2.6262639299416895e-08
3.802373741913856e-08
5.465544907811395e-08
7.789601257728379e-08
1.0991103313229323e-07
1.5325717888526912e-07
2.1071325300134292e-07
2.849200132547183e-07
3.776759178960939e-07
4.889113383220073e-07
6.152760770830402e-07
7.485868062476147e-07
8.749030488511514e-07
9.747048905651081e-07
1.0259946581357257e-06
1.0100529402265134e-06
9.192196299604476e-07
7.63473193152895e-07
5.704728009915266e-07
3.776906373579876e-07
2.181992546661158e-07
1.086315598694643e-07
4.665258005281572e-08
1.8057758565116458e-08
7.277754091835263e-09
3.75729337707999e-09
2.5190910286290777e-09
1.886518689121302e-09
1.4500392210359347e-09
1.1234953217558893e-09
8.778863470961919e-10
6.932331519752362e-10
5.537525823305744e-10
4.4692301991449026e-10
3.635058538324866e-10
2.9678347955329277e-10
2.421667389800693e-10
1.9660694454517784e-10
1.581988691811853e-10
1.2574850662581875e-10
9.84950142011571e-11
7.588092227155759e-11
5.742023197373584e-11
4.263946676312602e-11
3.1052128324341027e-11
2.216866729221465e-11
1.5512880317629104e-11
1.0640798153729308e-11
7.156937879549223e-12
4.72276759939634e-12
3.0602158178258174e-12
1.949288472681699e-12
1.2221449049266202e-12
7.55193884020208e-13
4.603892097516375e-13
2.7702380249074153e-13
1.6440362228242344e-13
9.603849687132483e-14
5.50027061962531e-14
3.070919687804049e-14
1.6587236338420496e-14
8.585444432630136e-15
4.210961687332503e-15
1.93126999354723e-15
8.1571977985285625e-16
3.1176393464568174e-16
1.0559924385763369e-16
3.096094716378119e-17
7.650033640681699e-18
1.542386813306775e-18
2.4397103870157024e-19
2.9281889654389324e-20
2.554235366892325e-21
1.46455074971759e-22
5.4286761859252216e-24
1.426485983227593e-25
1.5901375370624949e-27
5.679422755372003e-30
7.897152369780598e-32
2.2757226015883996e-32

