1.3549671658153938e-11
2.0455631457271877e-11
3.0869575616422857e-11
4.656470197236732e-11
7.020412930017379e-11
1.0578276524749693e-10
1.5928501141219043e-10
2.3966173656643896e-10
3.602753271964736e-10
5.410323479035886e-10
8.115142802754023e-10
1.2155503302410725e-09
1.817865932724571e-09
2.7136515618155386e-09
4.042262652013853e-09
6.00657400889506e-09
8.899959729621975e-09
1.3143444355144626e-08
1.933532597712222e-08
2.83163587416717e-08
4.1251367697299086e-08
5.972558698284429e-08
8.585093879881428e-08
1.2235816054759691e-07
1.7264940395924912e-07
2.4074113862667036e-07
3.309985617468385e-07
4.475693442769888e-07
5.932763549402617e-07
7.680048041805231e-07
9.664813199311186e-07
1.1758326666010742e-06
1.3741337416838309e-06
1.5306884842930043e-06
1.6109118126751672e-06
1.5853874511625513e-06
1.4421087689185384e-06
1.1968286073725486e-06
8.931102889824279e-07
5.899365809904151e-07
3.39330012413286e-07
1.6740925894354832e-07
7.042625709724767e-08
2.5961309096034742e-08
9.46967166282688e-09
4.324350573327054e-09
2.6940542786890584e-09
1.9502335854666196e-09
1.4602044510393396e-09
1.099734419758166e-09
8.330436724244661e-10
6.369724146185433e-10
4.931095724573805e-10
3.867320681478715e-10
3.068873900281145e-10
2.455776885205906e-10
1.972798562730184e-10
1.5828933297786204e-10
1.2623972883400717e-10
9.964868170740532e-11
7.759331003180261e-11
5.945074430877845e-11
4.473509590317933e-11
3.301573931249433e-11
2.3874683826058945e-11
1.6904008166942523e-11
1.1712815102003839e-11
7.939873058378918e-12
5.265063106918796e-12
3.4156790014063388e-12
2.1686666244573424e-12
1.348467968235028e-12
8.219019541731483e-13
4.916420867362376e-13
2.889722428674043e-13
1.670746843164198e-13
9.50514716581329e-14
5.3178950661539115e-14
2.918607394799901e-14
1.564566634789989e-14
8.13775688606213e-15
4.07006938214209e-15
1.9359943298737867e-15
8.640858993765325e-16
3.563152989308265e-16
1.3333488311666e-16
4.4330020168296904e-17
1.2785964995205875e-17
3.1144564564501236e-18
6.201135852295151e-19
9.696758782525035e-20
1.1530803941360786e-20
9.992057274365178e-22
5.663374811477246e-23
2.0796645415524017e-24
5.570478124055318e-26
6.068921040917075e-28
2.023866951450938e-30
5.066795358496978e-32
3.1539231445615384e-32

