9.63884532426556e-14
1.455030885544143e-13
2.1955731047641766e-13
3.3115106206312173e-13
4.992033337875028e-13
7.520865411982549e-13
1.1322897339347822e-12
1.703341827966792e-12
2.5600455963285262e-12
3.843571487599333e-12
5.763598573514208e-12
8.630627185533576e-12
1.2902916019070121e-11
1.9253966492152334e-11
2.866903589163663e-11
4.2581317248247184e-11
6.306152796195605e-11
9.307860275040234e-11
1.3684740306085372e-10
2.0028478286143283e-10
2.9157981930017994e-10
4.2186633606490324e-10
6.059644378159686e-10
8.630258963250723e-10
1.2169102797658228e-09
1.6958138956199475e-09
2.3304864483451197e-09
3.1504097707605244e-09
4.176337198149648e-09
5.409427820154534e-09
6.816287263095918e-09
8.312545468285128e-09
9.75280407529307e-09
1.0932134370360343e-08
1.1617610513705893e-08
1.1607395232281759e-08
1.0811620173387313e-08
9.320464658593436e-09
7.408460077813479e-09
5.455218103423256e-09
3.803303796986521e-09
2.633024762376024e-09
1.934618605667192e-09
1.5745379421189064e-09
1.4013970707541744e-09
1.3094263766751023e-09
1.2467799237323042e-09
1.1939291427853836e-09
1.144301033417878e-09
1.0950911009178972e-09
1.044690231277389e-09
9.921968306415723e-10
9.372532459312767e-10
8.800371783576323e-10
8.2107418523017e-10
7.611706459230922e-10
7.012696228176198e-10
6.423269612632824e-10
5.852392241365046e-10
5.307470329021366e-10
4.794131496215612e-10
4.315899065107541e-10
3.874435638798548e-10
3.4695959978851384e-10
3.099956374885126e-10
2.7631121443516777e-10
2.456065654690825e-10
2.1757000105001821e-10
1.9188924797521072e-10
1.6829038937892067e-10
1.4654176317567518e-10
1.2646360673758645e-10
1.0793542076997759e-10
9.08839278546067e-11
7.528557236771054e-11
6.115254096659102e-11
4.8518962561010926e-11
3.743339338071891e-11
2.7932177623582064e-11
2.0030463490394915e-11
1.3700189050598163e-11
8.856164073218342e-12
5.353419430678557e-12
2.987411303363465e-12
1.5161747827386253e-12
6.876410151685862e-13
2.730294243841307e-13
9.270861594042837e-14
2.618331928611915e-14
5.963718388745061e-15
1.0580733076434136e-15
1.3997357688527832e-16
1.3167407314689597e-17
8.466398096698054e-19
3.4539031772339106e-20
7.932680354637703e-22
1.0828095471764189e-23
8.536287216375148e-26
1.666109459650628e-28
1.4798672604831643e-31

