1.009474234001312e-12
1.5239573538094749e-12
2.2997630818520036e-12
3.4689713234073605e-12
5.229940686416684e-12
7.880211278323214e-12
1.1865474957365887e-11
1.7852309774087146e-11
2.6835749329783287e-11
4.029801717737815e-11
6.044151294216324e-11
9.052905763370801e-11
1.3537848989385223e-10
2.0207435232533064e-10
3.0098658957995683e-10
4.472093043853696e-10
6.625657746647918e-10
9.783684268114795e-10
1.439104017932658e-09
2.107272488302058e-09
3.0694432078921454e-09
4.4434014994331135e-09
6.386030101783169e-09
9.100144381481249e-09
1.283840780119901e-08
1.7899150328790137e-08
2.4606823957795617e-08
3.327030386323774e-08
4.4101411224970536e-08
5.7096260866659906e-08
7.187191534196907e-08
8.748690824616611e-08
1.0233372407777445e-07
1.1415828687736098e-07
1.2041505765923868e-07
1.1892744846423114e-07
1.0878327470186777e-07
9.109178030067853e-08
6.899946159255305e-08
4.679369811847524e-08
2.828230938319066e-08
1.540955556058423e-08
7.95634494656575e-09
4.337117189335525e-09
2.7951399272835317e-09
2.1305304319729347e-09
1.7711524661151827e-09
1.5181370541859684e-09
1.3166466505954619e-09
1.1499720313920524e-09
1.0091155347613255e-09
8.875021357306343e-10
7.801882268541196e-10
6.836731875313517e-10
5.956786950004808e-10
5.149060695978887e-10
4.4078367804758963e-10
3.7316686793074336e-10
3.1215349576821345e-10
2.5785540472215834e-10
2.1030249222324015e-10
1.6936613948487472e-10
1.3473724534622097e-10
1.0595340033945398e-10
8.242814254275366e-11
6.350638479657664e-11
4.85092328742365e-11
3.677770453182847e-11
2.770266395223744e-11
2.0746116039518586e-11
1.545042722094975e-11
1.1438188960304129e-11
8.408904945045068e-12
6.127048341142927e-12
4.413192610398322e-12
3.1314832255814685e-12
2.179806581241256e-12
1.481291975285598e-12
9.770632638273421e-13
6.21466280863914e-13
3.7829045003812246e-13
2.1840292086622063e-13
1.1837134830534295e-13
5.948561170651995e-14
2.7321396925065722e-14
1.1275441809469025e-14
4.097989725348933e-15
1.281729398430797e-15
3.3566079417565127e-16
7.135397663628098e-17
1.1883093795004585e-17
1.4860865562038415e-18
1.3314617467249065e-19
8.13857336930086e-21
3.176588108167732e-22
7.246894819589293e-24
9.369656449054113e-26
6.415507854503092e-28
1.6181377652061046e-30
6.445817108267182e-33

