2.5936888177241555e-14
3.914811979335233e-14
5.90643370267419e-14
8.907060441056072e-14
1.3424797611619913e-13
2.0221360793520951e-13
3.04369894119202e-13
4.577577768378479e-13
6.877943040275668e-13
1.03230699089565e-12
1.5474465804848746e-12
2.3163080811984375e-12
3.4614409018124133e-12
5.16281598264852e-12
7.683492318407581e-12
1.1405788779904823e-11
1.6881581795939984e-11
2.4901379509671312e-11
3.6586349113239803e-11
5.350889230184052e-11
7.784329186089938e-11
1.1254339505035918e-10
1.6153871265961352e-10
2.2990630451431684e-10
3.239739074167347e-10
4.5123127833779945e-10
6.19879803330096e-10
8.378592409257038e-10
1.1109448752860146e-09
1.4399727307117464e-09
1.8170155156677866e-09
2.2211863280837553e-09
2.616011723390545e-09
2.9497490515743416e-09
3.1632115314035326e-09
3.2045644400030877e-09
3.0497404985000606e-09
2.7195271578623202e-09
2.2812269817235786e-09
1.8288639129765324e-09
1.4482047812805912e-09
1.1849763339645875e-09
1.0379880430610137e-09
9.746644154714954e-10
9.576314322054743e-10
9.602390073451391e-10
9.690466095706698e-10
9.785428574663013e-10
9.865575770771382e-10
9.919511409214531e-10
9.94050789948512e-10
9.925058638832402e-10
9.872289451151178e-10
9.783976849365498e-10
9.663525665165116e-10
9.515724354992296e-10
9.34588874947162e-10
9.159398732372748e-10
8.961088662288353e-10
8.754938362541653e-10
8.543785993803393e-10
8.329112216485483e-10
8.111254028532107e-10
7.889152529863091e-10
7.660823463173435e-10
7.423335195264777e-10
7.173040473248257e-10
6.905965122990677e-10
6.617761925440874e-10
6.304258596491656e-10
5.961617817229293e-10
5.586629978398784e-10
5.177491871672732e-10
4.733858175005293e-10
4.257927198969154e-10
3.7548280655559324e-10
3.2330197312521755e-10
2.705039070541541e-10
2.1865157901847097e-10
1.6958262041799495e-10
1.2518045762339916e-10
8.709952044150877e-11
5.64897611391948e-11
3.3697918475105483e-11
1.820784590296192e-11
8.75360512915101e-12
3.667638070226082e-12
1.3081629579455167e-12
3.8641738505053473e-13
9.165757754151898e-14
1.6856605878163077e-14
2.3054228742147913e-15
2.238573534295886e-16
1.4701203399642817e-17
6.118087710773566e-19
1.479894212126357e-20
2.0142744377513171e-22
1.4402241304205974e-24
3.743702181481711e-27
4.05949132444042e-30

