7.27631953087986e-14
1.0983756504619177e-13
1.6573622017312966e-13
2.499685091259629e-13
3.7681213198514663e-13
5.676778446791213e-13
8.546272424687241e-13
1.2855948894547701e-12
1.932106804142314e-12
2.900662781225225e-12
4.349430588299154e-12
6.512605811930643e-12
9.735790819414341e-12
1.4526851950155624e-11
2.1628639131372605e-11
3.2121571686820474e-11
4.756642729755519e-11
7.020063886881358e-11
1.0320005815915149e-10
1.5102222141533028e-10
2.198354724628486e-10
3.180250456922353e-10
4.5675112584824316e-10
6.504350595975835e-10
9.170440134763556e-10
1.2778159949465276e-09
1.7559276527274025e-09
2.3736361526519846e-09
3.1466985358366685e-09
4.076242842863831e-09
5.137575503133162e-09
6.267895474926306e-09
7.358741820162863e-09
8.257075941567766e-09
8.788739684827994e-09
8.802479888601859e-09
8.230313934623619e-09
7.138284199744467e-09
5.7300352436035665e-09
4.287806045587799e-09
3.0669170138422094e-09
2.2022274410226594e-09
1.6874256765879166e-09
1.423736430921407e-09
1.29886580598118e-09
1.2340319197911843e-09
1.1904226795999732e-09
1.1531929397435807e-09
1.1171966932623716e-09
1.0801494456512343e-09
1.0407491452987503e-09
9.983032444047261e-10
9.525938194172388e-10
9.0387353858793e-10
8.52694961323758e-10
7.998553152062346e-10
7.462654379833615e-10
6.928439669674135e-10
6.404494636843469e-10
5.897982950807292e-10
5.41443261818583e-10
4.957428011797011e-10
4.528874315676765e-10
4.128970807738822e-10
3.7567566336841557e-10
3.410333470288055e-10
3.087239520218199e-10
2.784900706859311e-10
2.500723304695726e-10
2.2324980825841593e-10
1.978448037319613e-10
1.737339542583763e-10
1.5086113255748697e-10
1.2922490916313295e-10
1.0888736031353145e-10
8.996012189977032e-11
7.258938407553463e-11
5.69491879223643e-11
4.320297081387834e-11
3.148903389690753e-11
2.1882179933915796e-11
1.4364629519896715e-11
8.812617467737709e-12
4.987545802665794e-12
2.5651460622764657e-12
1.1779237746138168e-12
4.731030601670839e-13
1.6234697707293666e-13
4.6294792711394164e-14
1.0636764961391456e-14
1.901779140673282e-15
2.533905637878712e-16
2.3998921422419114e-17
1.5500839059426308e-18
6.35055077803602e-20
1.474699804148358e-21
2.0116648866210752e-23
1.553207698498182e-25
3.2219224499863928e-28
2.979776410950406e-31
