4.6452749399468255e-14
7.011874487106638e-14
1.0579912082996187e-13
1.5956178229598563e-13
2.405163953521161e-13
3.62322217646374e-13
5.454307592605212e-13
8.204143157533236e-13
1.2328845140782609e-12
1.850743813631128e-12
2.774818171890002e-12
4.1543674192080805e-12
6.209604443437263e-12
9.264055274821644e-12
1.3790813191940701e-11
2.0477764181972205e-11
3.031833870104199e-11
4.473621969101938e-11
6.575157995918372e-11
9.619899976817331e-11
1.3999981783768456e-10
2.0248332228131823e-10
2.907410158684766e-10
4.139359391136239e-10
5.834854146487416e-10
8.128918253816239e-10
1.1169090165809325e-09
1.5097492965877125e-09
2.0015813155890674e-09
2.5934270057788336e-09
3.2701331388917886e-09
3.992657601399771e-09
4.693292017095879e-09
5.276300155585478e-09
5.632502005438528e-09
5.666724679957244e-09
5.335547572715136e-09
4.678975672073874e-09
3.823048846901382e-09
2.9430897828814848e-09
2.198311785190532e-09
1.673217822784812e-09
1.3647367946759132e-09
1.2118958934710213e-09
1.1450775064637477e-09
1.115096647585272e-09
1.0974958586296686e-09
1.0826544316083349e-09
1.0670582825552226e-09
1.0490348798571834e-09
1.0276290109825252e-09
1.002357649354615e-09
9.731130561013614e-10
9.401634439560848e-10
9.040114843177352e-10
8.653552110031485e-10
8.249772355031027e-10
7.836669986840782e-10
7.421568217057547e-10
7.010635009124706e-10
6.608650184061751e-10
6.218736787327625e-10
5.842629738697448e-10
5.480539305264943e-10
5.131695786242163e-10
4.794462472521461e-10
4.4666740827169044e-10
4.146058907282393e-10
3.8302949928599617e-10
3.51745858013891e-10
3.2061083290044023e-10
2.895446039794851e-10
2.5856157903130625e-10
2.2775977697268848e-10
1.9735174036155785e-10
1.6765698225559252e-10
1.3909122521649393e-10
1.1216933392220865e-10
8.743938818559739e-11
6.545433736197967e-11
4.668269741513082e-11
3.142431071068252e-11
1.974792055925341e-11
1.1434431344425767e-11
6.008365192486095e-12
2.8147518814872744e-12
1.151567881729601e-12
4.0189287996998093e-13
1.1638281094618162e-13
2.7115294185930256e-14
4.908152720498786e-15
6.614618444080662e-16
6.333264554590592e-17
4.1202714857548326e-18
1.699550340769607e-19
4.017733715450817e-21
5.474607752800924e-23
4.0857971207978993e-25
9.359819554215092e-28
9.27688435640407e-31

