1.6983652001582126e-14
2.5632737955560496e-14
3.867022314113831e-14
5.831080115207095e-14
8.787821765289119e-14
1.3235427186172755e-13
1.9919487212231985e-13
2.995404102533283e-13
4.5000300396181685e-13
6.752993934398665e-13
1.012108151078864e-12
1.5146912479168302e-12
2.2630478747344735e-12
3.3746194608835062e-12
5.021002325772108e-12
7.451488882786379e-12
1.1025786070892621e-11
1.6258925106573576e-11
2.388107011927265e-11
3.491585068569232e-11
5.07782129763032e-11
7.33898585692e-11
1.05306737121241e-10
1.498312062637322e-10
2.1108027168314936e-10
2.939309041713559e-10
4.037335662234667e-10
5.456903841000438e-10
7.236379206698061e-10
9.382707684965052e-10
1.1846918597342564e-09
1.449724461001455e-09
1.7102157289458126e-09
1.9332267551807866e-09
2.080994489585384e-09
2.1203496833338392e-09
2.0357388887115372e-09
1.840106738670278e-09
1.5760532777713106e-09
1.3032399769828412e-09
1.0762297289163084e-09
9.241767375743194e-10
8.464747174447394e-10
8.224666215220773e-10
8.283830400786869e-10
8.471731595995041e-10
8.701496429953089e-10
8.936451941402124e-10
9.161431731544839e-10
9.367962143467009e-10
9.550902290216398e-10
9.707441248454202e-10
9.836716432821328e-10
9.939810858468701e-10
1.0018996589029144e-09
1.00775487645577e-09
1.011905828572922e-09
1.0147134443340564e-09
1.0164820553447637e-09
1.0174424500945005e-09
1.0177185063312603e-09
1.0173066756637076e-09
1.0160886305149527e-09
1.0137963343148997e-09
1.0100460849729629e-09
1.0043224497531917e-09
9.959834536874582e-10
9.842915545807201e-10
9.683877253631231e-10
9.47349667747532e-10
9.202063482649068e-10
8.859751777102716e-10
8.437972422795476e-10
7.929668814631545e-10
7.33161737890484e-10
6.645798002951471e-10
5.881059483182291e-10
5.055646609916646e-10
4.196619214900093e-10
3.3402455568406976e-10
2.5281748312726436e-10
1.8017967508584655e-10
1.1955145791397698e-10
7.286231052006462e-11
4.016536283089247e-11
1.9671152754689303e-11
8.383515407325542e-12
3.037053653198294e-12
9.099051671981348e-13
2.1860878943087184e-13
4.0664104412224075e-14
5.620417073097287e-15
5.512384678743169e-16
3.6453830100229376e-17
1.5270419512547681e-18
3.751583142043986e-20
5.106590656643476e-22
3.554825607755472e-24
1.0026898508634389e-26
1.1527265449921247e-29

