9.929926193458826e-15
1.498516341766694e-14
2.260419096615237e-14
3.4080097626086955e-14
5.135299449462331e-14
7.732996563445424e-14
1.1636044160654143e-13
1.749409324300221e-13
2.627550919281604e-13
3.942050482763831e-13
5.906534681229331e-13
8.836891395001469e-13
1.3198603996324398e-12
1.9674654919467365e-12
2.9262411516231595e-12
4.341000198086604e-12
6.4205728189143934e-12
9.463788022482762e-12
1.3894056652686249e-11
2.0304644911427645e-11
2.951522202042356e-11
4.2638604741645914e-11
6.115456390091998e-11
8.697512590244776e-11
1.2248514082936245e-10
1.705132105431072e-10
2.341712773933238e-10
3.16503902976512e-10
4.198001829056377e-10
5.445882187028574e-10
6.882470620775791e-10
8.434836415253457e-10
9.973618085288295e-10
1.1314019833705749e-09
1.2243591248176954e-09
1.2575227985123557e-09
1.2220588788393254e-09
1.1251378529922986e-09
9.906394339590615e-10
8.520710740164962e-10
7.401498753348847e-10
6.71332504400793e-10
6.45377250451004e-10
6.50718821871158e-10
6.740062175551022e-10
7.056174772130681e-10
7.406157257123864e-10
7.768763200538044e-10
8.135036226505322e-10
8.499869192310512e-10
8.860287721559564e-10
9.214810813943498e-10
9.56325750345312e-10
9.906705625733116e-10
1.0247019294543926e-09
1.0586697815068076e-09
1.0928378006015099e-09
1.127466587507175e-09
1.1627601629528893e-09
1.1988576097649327e-09
1.2357941432272836e-09
1.2734759604430479e-09
1.3116760190955777e-09
1.3499799069593698e-09
1.3877903791820783e-09
1.4242790100739736e-09
1.4583434916622933e-09
1.4886047731868163e-09
1.5133111147105014e-09
1.5303674935621614e-09
1.5373030710142693e-09
1.5312769057774572e-09
1.5092876165429165e-09
1.468223244362092e-09
1.4053523840678598e-09
1.3187244465012906e-09
1.2077342288383065e-09
1.0739725026236224e-09
9.21520541545336e-10
7.574549279019398e-10
5.913443397226612e-10
4.3409502281184196e-10
2.962039452149997e-10
1.8533096361429574e-10
1.0469307872738468e-10
5.244607755003439e-11
2.2820230749203277e-11
8.424950253303622e-12
2.568035706163259e-12
6.266891468858472e-13
1.1820463358066043e-13
1.654997140300706e-14
1.6432631964535107e-15
1.0960987510083751e-16
4.6290024786431164e-18
1.1590670347981845e-19
1.5782475571433257e-21
1.0639900287981535e-23
3.3131955547723813e-26
4.088875972773876e-29

