6.675573596515342e-15
1.0072988296528075e-14
1.5192700040789772e-14
2.290289769254763e-14
3.450587271619656e-14
5.195248183591867e-14
7.816066632520586e-14
1.1748745476656134e-13
1.7642524752452108e-13
2.6462650419013994e-13
3.964032679699099e-13
5.929101067842799e-13
8.853065408454212e-13
1.3192912415670405e-12
1.9615678567306613e-12
2.908941243720067e-12
4.3009447139749805e-12
6.3371517854162425e-12
9.300210943871277e-12
1.3585992050732892e-11
1.9741239888646106e-11
2.8508041109849986e-11
4.087305542726106e-11
5.811128986423537e-11
8.181377046788944e-11
1.1386961280748532e-10
1.563620432438224e-10
2.11339566862217e-10
2.803660152410139e-10
3.638622050366568e-10
4.6019632993606174e-10
5.646858661045187e-10
6.689568968275689e-10
7.610065985924242e-10
8.270098154991394e-10
8.547793852482552e-10
8.385623900968138e-10
7.83043431024246e-10
7.038207471827951e-10
6.227886991346871e-10
5.600448723790105e-10
5.26392405020811e-10
5.217489472466514e-10
5.38630833130192e-10
5.683790062156352e-10
6.04758958459549e-10
6.445931117661681e-10
6.86541382354683e-10
7.300804360094689e-10
7.749473557075563e-10
8.210365264878813e-10
8.683541591895135e-10
9.170088046318917e-10
9.672056352036656e-10
1.0192160564119926e-09
1.0733647086106515e-09
1.1299923707777958e-09
1.189445010592845e-09
1.2520262484359724e-09
1.3179910057568311e-09
1.3875043882375173e-09
1.4606102512229605e-09
1.5372124160839685e-09
1.6170009889904206e-09
1.6994256247699723e-09
1.7836084165608303e-09
1.8682403048118265e-09
1.951522338613993e-09
2.0309645259165405e-09
2.10333847200147e-09
2.1645333180923793e-09
2.2094521864738603e-09
2.2322210366152043e-09
2.226181809637218e-09
2.1846271968017133e-09
2.1015042243025456e-09
1.9725334839244623e-09
1.79697608039258e-09
1.5786775462417932e-09
1.3275568250412827e-09
1.0593595975000642e-09
7.940231073589251e-10
5.52552277487804e-10
3.5214309405103045e-10
2.0235385315008417e-10
1.0298116027989021e-10
4.546213296563932e-11
1.700718358471529e-11
5.24679416059261e-12
1.2944459752163026e-12
2.465484220116291e-13
3.483364296061619e-14
3.4885855790664503e-15
2.3414513897039838e-16
9.94631048959551e-18
2.5225358558406404e-19
3.437669009588321e-21
2.2717834108708142e-23
7.54001269627484e-26
9.741671332633225e-29

