1.4060027232509332e-14
2.122416095448987e-14
3.20261498357611e-14
4.830403136134218e-14
7.281781010705296e-14
1.0970694460901235e-13
1.6517113746967436e-13
2.4848134801616764e-13
3.7347482302329893e-13
5.60760966286487e-13
8.409587631918198e-13
1.2594243288730601e-12
1.8831228596089418e-12
2.81051727079673e-12
4.1857237084726484e-12
6.218507655425141e-12
9.212157842224174e-12
1.3601870164946345e-11
2.000603113793797e-11
2.9293607786602115e-11
4.266859568710843e-11
6.176985095075916e-11
8.878149647269682e-11
1.2652933576021673e-10
1.7853736954642966e-10
2.4897258729258815e-10
3.4237674515857346e-10
4.6309018871304595e-10
6.141206783552657e-10
7.954913558215027e-10
1.0019602042111895e-09
1.2205050769271226e-09
1.4288105353991043e-09
1.5955238735015996e-09
1.6852274828432515e-09
1.6677206093777213e-09
1.530610527176322e-09
1.2900315811230132e-09
9.908172095096402e-10
6.938718990139157e-10
4.531664421473639e-10
2.961412354601057e-10
2.1948625019259122e-10
2.0056798852151014e-10
2.1451346652629774e-10
2.44627822925891e-10
2.833581982111957e-10
3.2858480048680375e-10
3.802869286540774e-10
4.389825723606817e-10
5.052772599592422e-10
5.797711744541185e-10
6.630334323284078e-10
7.555901224321756e-10
8.579083103189097e-10
9.703892184323974e-10
1.0933699535418855e-09
1.2271241973088585e-09
1.3719009613840933e-09
1.5279526197158814e-09
1.6956082182939373e-09
1.8753744954469085e-09
2.0680233403932235e-09
2.2747891735010676e-09
2.497481139631697e-09
2.7387101289013035e-09
3.0020580944703374e-09
3.2922494458930668e-09
3.615315820074691e-09
3.978668754744048e-09
4.3911835021058166e-09
4.8630160861578236e-09
5.405680429606818e-09
6.031406418456921e-09
6.75310407681152e-09
7.583512347078963e-09
8.534634131548651e-09
9.61701032739659e-09
1.0838649709722927e-08
1.2204298118438162e-08
1.3714260995489225e-08
1.5363555495817603e-08
1.7140658960963343e-08
1.9026712164329007e-08
2.0994176221790613e-08
2.3006053397507703e-08
2.501453170945648e-08
2.6960472240245632e-08
2.8771979864224124e-08
3.0364510327849784e-08
3.1641197012920864e-08
3.249325688945055e-08
3.280733745517681e-08
3.246908530474653e-08
3.1381528209326654e-08
2.948288498492054e-08
2.6770637138934594e-08
2.333369186145552e-08
1.936121152363584e-08
1.514683829583383e-08

