4.3287922930152014e-14
6.534851228922427e-14
9.861360326445881e-14
1.4874583650177558e-13
2.242491978635358e-13
3.378794743097876e-13
5.087434803913349e-13
7.654170185143095e-13
1.1505562714412064e-12
1.7277028534419456e-12
2.591272756586204e-12
3.881145231623394e-12
5.803872329028844e-12
8.663203008709997e-12
1.2903783426658235e-11
1.9172893325579297e-11
2.8406508150906875e-11
4.194781229994157e-11
6.170552181704074e-11
9.036189122099663e-11
1.3163325762826053e-10
1.905777862375031e-10
2.739353267717325e-10
3.904228903129983e-10
5.509051291052689e-10
7.682166395393924e-10
1.056321515331007e-09
1.4285161920914177e-09
1.8939091974856396e-09
2.45228790735842e-09
3.087042635244484e-09
3.757378036847204e-09
4.393663314952754e-09
4.898293578650414e-09
5.161215728410867e-09
5.088795819541443e-09
4.642872985316685e-09
3.8738669311441006e-09
2.9210153149982197e-09
1.97291596023283e-09
1.1960428383727653e-09
6.741532694441719e-10
3.9553561242264187e-10
2.8874978600369577e-10
2.75594867360194e-10
3.0328838040203807e-10
3.4729045760023115e-10
3.9976497773741383e-10
4.5925666631666816e-10
5.258855653756832e-10
5.999663352963862e-10
6.817350208289241e-10
7.712886559533364e-10
8.685529104467019e-10
9.732500535861354e-10
1.0848741365455726e-09
1.2026758974254119e-09
1.3256525496430673e-09
1.4525688649675556e-09
1.5819818188844808e-09
1.7123013933304955e-09
1.841888679114407e-09
1.9691397432030156e-09
2.0926777069274275e-09
2.211469159121034e-09
2.325028331347863e-09
2.4336281114494587e-09
2.538370674422011e-09
2.6414679168498814e-09
2.7461501594903016e-09
2.856804392477765e-09
2.978777007201959e-09
3.1183010498308604e-09
3.282106116166068e-09
3.477217942018672e-09
3.71051739149951e-09
3.98815954587515e-09
4.31547615208672e-09
4.695906335994172e-09
5.1311192475960474e-09
5.62008429581716e-09
6.1590637912540726e-09
6.741064990650614e-09
7.355884630913125e-09
7.989728339598938e-09
8.625337081812438e-09
9.241857949359696e-09
9.815019502583578e-09
1.0317319779836917e-08
1.0718521965144561e-08
1.0986595953073984e-08
1.1088597489839403e-08
1.0993758898663622e-08
1.0675230757134752e-08
1.0115837832971506e-08
9.312930320184345e-09
8.283911757419549e-09
7.073142992411905e-09
5.750872267809625e-09
4.4110209180030564e-09

