2.0572589142838746e-14
3.1055859318310496e-14
4.686287496171453e-14
7.068377449572446e-14
1.0655826402082739e-13
1.6054539109110615e-13
2.41720301467277e-13
3.636545742536382e-13
5.466053996317448e-13
8.207458485567289e-13
1.230906049009708e-12
1.843497054390985e-12
2.7565759621628787e-12
4.114330200842233e-12
6.1278126551169795e-12
9.104233099759165e-12
1.3487790080662255e-11
1.99158986805496e-11
2.9294310583413184e-11
4.289581871155523e-11
6.248392361704506e-11
9.045897625555337e-11
1.3001970425643782e-10
1.8530400977432938e-10
2.6147096797037413e-10
3.6461853448194833e-10
5.013882327397156e-10
6.781175880141009e-10
8.991777313597521e-10
1.164547103135398e-09
1.4664641084699438e-09
1.7857385789422928e-09
2.0895396245966337e-09
2.3317845535723426e-09
2.4604562696240552e-09
2.4312399939470603e-09
2.226001251482208e-09
1.86848874991186e-09
1.4245283076557428e-09
9.834333040999867e-10
6.242184557924474e-10
3.8687794313902085e-10
2.66258511103041e-10
2.2888656033939534e-10
2.3803419316996477e-10
2.689797248024583e-10
3.1038812276679605e-10
3.5885960197065965e-10
4.1403863447520283e-10
4.763287966801473e-10
5.462318935135084e-10
6.242118188669287e-10
7.106577698804818e-10
8.058640466912525e-10
9.100067723947255e-10
1.0231290886322592e-09
1.1451354692974649e-09
1.2757860949074284e-09
1.4147285954395243e-09
1.5615221613403408e-09
1.7157049783607324e-09
1.876894267989586e-09
2.044866975399161e-09
2.2197600242307123e-09
2.4021751534101354e-09
2.5933995420048134e-09
2.7955846350549224e-09
3.0118711645571697e-09
3.2465935853483475e-09
3.5052749504786966e-09
3.794736795560595e-09
4.122879446502801e-09
4.498748242341841e-09
4.931923996763646e-09
5.432493947769893e-09
6.01029393038093e-09
6.674373957600135e-09
7.4324795349971736e-09
8.290015911669734e-09
9.249639795357056e-09
1.0310231283707772e-08
1.1466406053574672e-08
1.2707582481076023e-08
1.4017598024014646e-08
1.53738095086816e-08
1.67467959045208e-08
1.8099635922894657e-08
1.938784639163563e-08
2.055886773283005e-08
2.1552598005697917e-08
2.2302295126291128e-08
2.273555630778836e-08
2.2780000434711678e-08
2.2366260532699537e-08
2.144045127243732e-08
1.99755936289733e-08
1.7986116415971813e-08
1.554679942400495e-08
1.279529767607277e-08
9.931839456946987e-09

