1.103741213463095e-14
1.6661120125439012e-14
2.5140290809575647e-14
3.791754024818769e-14
5.715903659849784e-14
8.611349091103682e-14
1.2964635154676784e-13
1.9503307857303305e-13
2.9313214323680633e-13
4.4011567307022057e-13
6.600093063514024e-13
9.884009371436201e-13
1.4778315167003741e-12
2.205552076062049e-12
3.2846274982194526e-12
4.8796214084932e-12
7.2284602326058185e-12
1.0672541312749883e-11
1.569696101222941e-11
2.298338049637264e-11
3.347628238929922e-11
4.8461317892220775e-11
6.965199008882089e-11
9.92654514015809e-11
1.400671429913247e-10
1.9532803842074566e-10
2.686151749304159e-10
3.6334105736718035e-10
4.818784119900802e-10
6.242667109246359e-10
7.864258104738977e-10
9.581848221008521e-10
1.1220934112881726e-09
1.2536172502533545e-09
1.3250256164335118e-09
1.312656956562406e-09
1.206783166075253e-09
1.0200180902418793e-09
7.874752173281851e-10
5.568971474150267e-10
3.706432846179802e-10
2.503230418319693e-10
1.9346404187401917e-10
1.8244237480465106e-10
1.9786930972161266e-10
2.2676438986285132e-10
2.633246963391825e-10
3.0602333765690683e-10
3.549978909231404e-10
4.1082727051339865e-10
4.741793164468798e-10
5.4573967746465e-10
6.261931991759702e-10
7.162178874878238e-10
8.164746835615266e-10
9.276068625236342e-10
1.0502476120762377e-09
1.1850266793582643e-09
1.3326143661697917e-09
1.4937544957290857e-09
1.6693428351165841e-09
1.8605299982577614e-09
2.06881718654555e-09
2.2962511306393933e-09
2.545547659556481e-09
2.8203234436354076e-09
3.1252673607553426e-09
3.466344349612349e-09
3.850945715947058e-09
4.288015072821864e-09
4.7881226264576215e-09
5.363319234157606e-09
6.027211139108295e-09
6.79432855698472e-09
7.680067572172268e-09
8.699808740390849e-09
9.868318051555516e-09
1.1198899651768008e-08
1.270227717059099e-08
1.4385647579199049e-08
1.6251364525435638e-08
1.82958185493471e-08
2.050791986326966e-08
2.2867948451863205e-08
2.5345820053532862e-08
2.789985009798098e-08
3.047478499115383e-08
3.3000772528551165e-08
3.5390971224626464e-08
3.754102638757247e-08
3.932857539307163e-08
4.0612762012724994e-08
4.1242627218443826e-08
4.1060835435625316e-08
3.992710907919217e-08
3.774184865867323e-08
3.447941331116923e-08
3.023319785093243e-08
2.5231811841258942e-08
1.984893352995487e-08

