1.733839450877567e-13
2.617518583677801e-13
3.9500631079242986e-13
5.958355571618454e-13
8.983140473781974e-13
1.3535557251998244e-12
2.038128664612748e-12
3.066554257956114e-12
4.609794739949261e-12
6.922537591497208e-12
1.0383248890116447e-11
1.555267605315508e-11
2.325890686924388e-11
3.4719792334871877e-11
5.171822676566259e-11
7.684978238056988e-11
1.1386792828938364e-10
1.6815942603781204e-10
2.473793823243683e-10
3.622855202722703e-10
5.277829498650783e-10
7.641577060959803e-10
1.0984380494567865e-09
1.5655754155750562e-09
2.2091203510800316e-09
3.0804953217676325e-09
4.235598739434671e-09
5.727559289317426e-09
7.5925586600118e-09
9.829173667241926e-09
1.2369920409040772e-08
1.5049961025491493e-08
1.758849409448364e-08
1.9592351623372604e-08
2.06186351471647e-08
2.029095056018564e-08
1.8456451907392305e-08
1.5318703601492156e-08
1.1438058294075754e-08
7.572431603258514e-09
4.389601457768119e-09
2.2239369007078204e-09
1.0257854044216065e-09
5.057998068615114e-10
3.479131748795894e-10
3.385121654578948e-10
3.7750279078939517e-10
4.318759308024357e-10
4.942728898289337e-10
5.637706615358958e-10
6.404186017426549e-10
7.242263670034798e-10
8.150135563093006e-10
9.123624855411682e-10
1.0155803825624998e-09
1.1236675887404235e-09
1.235295447978293e-09
1.3487973190151507e-09
1.4621790770992604e-09
1.5731509057519637e-09
1.679184789982572e-09
1.7776057243107812e-09
1.8656981077840753e-09
1.9408625913816005e-09
2.0007681335226777e-09
2.0435305667708574e-09
2.0679196978708002e-09
2.073464353642683e-09
2.0606857409049533e-09
2.0311003758681553e-09
1.9872829308446476e-09
1.9328879277329924e-09
1.872308471769683e-09
1.8107352992865446e-09
1.7535134091098184e-09
1.7060521251361545e-09
1.6731759155803755e-09
1.6590997155029009e-09
1.6667775965044048e-09
1.6981499993505962e-09
1.7537087795515472e-09
1.8325190336458405e-09
1.9322826418172063e-09
2.0491567248677042e-09
2.1780785904843776e-09
2.312791029994742e-09
2.446172768069452e-09
2.570282100574839e-09
2.676755619322934e-09
2.756849629631628e-09
2.8019161146747095e-09
2.803629663306585e-09
2.754807824261715e-09
2.6498916510007793e-09
2.486261780084514e-09
2.265301240308056e-09
1.993442942187249e-09
1.6834234589623647e-09
1.3535508404011606e-09
1.0267281206896394e-09

