2.436252251082697e-13
3.6779379672993104e-13
5.550345814851648e-13
8.372283815849395e-13
1.2622557968992736e-12
1.9019413704307943e-12
2.8638781271370686e-12
4.308992019312706e-12
6.4775216905600345e-12
9.727360482748827e-12
1.4590342790620556e-11
2.185445778205183e-11
3.268338362893306e-11
4.8788530742343804e-11
7.267536817932895e-11
1.0799143389810976e-10
1.600114856927169e-10
2.3630559588638193e-10
3.4763161498478895e-10
5.091075945411859e-10
7.416799981334514e-10
1.0738571117022965e-09
1.543621849428142e-09
2.2000907577991814e-09
3.1044627629032895e-09
4.328995070621144e-09
5.952226967134099e-09
8.048791655797077e-09
1.0669483835659142e-08
1.3812218213682067e-08
1.7382028344009404e-08
2.1147081111358492e-08
2.471253004756907e-08
2.7525591549538796e-08
2.896362395613925e-08
2.8497543982057842e-08
2.5912586408466232e-08
2.1495031413582393e-08
1.6032650410684235e-08
1.0590797630847961e-08
6.107946853988916e-09
3.0537777989871925e-09
1.3581281284342084e-09
6.139679631859741e-10
3.767813789039007e-10
3.4611612073949474e-10
3.8109740135099776e-10
4.3515037836879986e-10
4.977680006208575e-10
5.675183656133762e-10
6.443800880484563e-10
7.283347607737092e-10
8.191710112893127e-10
9.164332758700971e-10
1.019383405776277e-09
1.1269682264303232e-09
1.2377967410593085e-09
1.3501316179669962e-09
1.4618984823376458e-09
1.570718935128583e-09
1.6739679709707498e-09
1.7688640937138305e-09
1.8525798292647803e-09
1.9223928297281363e-09
1.9758434951749094e-09
2.010911004074352e-09
2.026213408621383e-09
2.0211271363340696e-09
1.9959939936831193e-09
1.9521492953703647e-09
1.8919682336993715e-09
1.8189002899919307e-09
1.7371461032261174e-09
1.651725924292898e-09
1.5678756391662667e-09
1.4909170366481906e-09
1.425706558696449e-09
1.3764078818870356e-09
1.346062762977083e-09
1.3366167507009728e-09
1.348752883544956e-09
1.3818098501721811e-09
1.4340654240566408e-09
1.502391069834642e-09
1.5827427636193963e-09
1.670051512062447e-09
1.7586522378952188e-09
1.842283460980763e-09
1.9144989915589106e-09
1.968648977619933e-09
1.9982808687246238e-09
1.997276519123566e-09
1.960430047834793e-09
1.8837899013580433e-09
1.7655616410943187e-09
1.6068502427412196e-09
1.4123678631944846e-09
1.191286206398742e-09
9.566781119705927e-10
7.247894975025756e-10

