6.245919043238693e-14
9.429093685670817e-14
1.4229058942724253e-13
2.1462966875933158e-13
3.235801866729146e-13
4.875503060725046e-13
7.341141686666612e-13
1.1045122079882063e-12
1.6603072186131628e-12
2.493207061006984e-12
3.739483597022644e-12
5.601032231392128e-12
8.375989539105813e-12
1.2502798367955043e-11
1.8623295879976267e-11
2.7671841141421337e-11
4.0999562598874304e-11
6.054545584590538e-11
8.906494980341184e-11
1.3043019045149733e-10
1.9000613820507504e-10
2.750947297491647e-10
3.9542525232274486e-10
5.63580322354602e-10
7.952409031357203e-10
1.1089277590544974e-09
1.5247846714844177e-09
2.0619787864168092e-09
2.7336106042664684e-09
3.5392938645256932e-09
4.454930088376763e-09
5.421457215675108e-09
6.338142611361223e-09
7.06384632457594e-09
7.439485192367919e-09
7.329769178010451e-09
6.6796364857769785e-09
5.562058027331184e-09
4.178299921801778e-09
2.800826760926292e-09
1.6699682863294257e-09
9.064127187023295e-10
4.92871776579017e-10
3.258117909632129e-10
2.919916662007907e-10
3.149313675236323e-10
3.5895160957537125e-10
4.1249394794035854e-10
4.732132318350139e-10
5.410476428531851e-10
6.162347129855014e-10
6.98927305789386e-10
7.891182292709317e-10
8.866034465491492e-10
9.909476368344946e-10
1.1014564921336306e-09
1.2171588003248146e-09
1.336796065767588e-09
1.4588396934662743e-09
1.5815175559770675e-09
1.702873121512094e-09
1.8208616802616158e-09
1.9334400364729193e-09
2.038749020235609e-09
2.135240596618681e-09
2.2218731169632596e-09
2.298330206634227e-09
2.3650885246568103e-09
2.4237089135198185e-09
2.4767502208223485e-09
2.5278964959053688e-09
2.581818444202193e-09
2.6439904994260163e-09
2.720453720579602e-09
2.8174514483596252e-09
2.9411582806452737e-09
3.0970436983700115e-09
3.2899382821798547e-09
3.5229750427437966e-09
3.797888136929322e-09
4.114111576017265e-09
4.468889706188018e-09
4.856864391404384e-09
5.270181889267556e-09
5.6982978657644e-09
6.128162541783089e-09
6.544239741226603e-09
6.92867171821969e-09
7.26158151859697e-09
7.521429793034399e-09
7.685822629043133e-09
7.732187124182001e-09
7.63998693286016e-09
7.391988937080688e-09
6.978180876907818e-09
6.398986439960089e-09
5.6687711538369145e-09
4.820139506216981e-09
3.902696130036282e-09
2.9810566305151107e-09
