3.011996862236828e-14
4.5469206830656105e-14
6.861385356348522e-14
1.0349336104544499e-13
1.56023716362434e-13
2.3507850289100774e-13
3.539489892820321e-13
5.325126982170722e-13
8.004405412940697e-13
1.2019294059322416e-12
1.802648705368213e-12
2.6998854314402836e-12
4.0372926117437166e-12
6.026114114662068e-12
8.975570479368821e-12
1.333578466382524e-11
1.9757620878359502e-11
2.917508627055278e-11
4.291541492346518e-11
6.284370446363279e-11
9.154410365637848e-11
1.3253386973115948e-10
1.904998446943438e-10
2.7150427889269176e-10
3.8310406012978354e-10
5.342284203560365e-10
7.345967252462865e-10
9.934721069587588e-10
1.3172187282746703e-09
1.7057384140363483e-09
2.1475569760112207e-09
2.614413111378979e-09
3.0580216608006568e-09
3.4106601556879747e-09
3.5959331970525224e-09
3.548806366492729e-09
3.242727799505361e-09
2.712644018402983e-09
2.055215572632905e-09
1.4014643575116373e-09
8.671526288747377e-10
5.106701797114236e-10
3.2412005321903945e-10
2.5808675001480574e-10
2.58422955584695e-10
2.886181570693189e-10
3.3178679745852475e-10
3.8265929079762694e-10
4.404080584058806e-10
5.053022441589785e-10
5.777430435688047e-10
6.580684828120597e-10
7.465051956761878e-10
8.431413804088289e-10
9.47898249119602e-10
1.0605092747239912e-09
1.1805089613839067e-09
1.3072238938022913e-09
1.4397985572495406e-09
1.5772188290678103e-09
1.7183753775671199e-09
1.8621630469874509e-09
2.0075610909634774e-09
2.153831717464609e-09
2.3006279072382397e-09
2.4482063240143087e-09
2.5976234123831843e-09
2.750824699502128e-09
2.910893979440144e-09
3.0819887855434034e-09
3.269472677620868e-09
3.4796895557476834e-09
3.7199796477284405e-09
3.998160022640978e-09
4.322441525266073e-09
4.700816979932541e-09
5.140519185756083e-09
5.6477213977525445e-09
6.226490502299747e-09
6.8786724898921786e-09
7.602937421605953e-09
8.394575130024764e-09
9.244788400602718e-09
1.0140582921927793e-08
1.1064171360612729e-08
1.1992957082797229e-08
1.2899186353493423e-08
1.3750073604600283e-08
1.4507761057808928e-08
1.512990810271126e-08
1.5570706821532593e-08
1.5781910219980746e-08
1.57170481060707e-08
1.533374647011883e-08
1.4602131812718613e-08
1.3512176208489191e-08
1.2082494223688935e-08
1.0371568747848324e-08
8.477588391483472e-09
6.536521662979551e-09

