1.206983658805154e-13
1.822134468792739e-13
2.7497463475019243e-13
4.1477518642849765e-13
6.253340621932323e-13
9.42230948555193e-13
1.4187632600087285e-12
2.1346460784603927e-12
3.2088800494461662e-12
4.818741929361727e-12
7.227662232421908e-12
1.0825943367609984e-11
1.6189960295166975e-11
2.4167365249475e-11
3.599907913875796e-11
5.349163878673965e-11
7.925745921765802e-11
1.1704569423050376e-10
1.721842167130148e-10
2.521602574574065e-10
3.673475712484692e-10
5.318650414474755e-10
7.645243167470327e-10
1.0896521835432987e-09
1.5375618589057637e-09
2.1440484597140863e-09
2.9480282109798044e-09
3.98649970561478e-09
5.2846831604417355e-09
6.841650523076876e-09
8.610529040306546e-09
1.0476727763593008e-08
1.2244981264382131e-08
1.3641837497952192e-08
1.4359211282104407e-08
1.4135231639987047e-08
1.2863496417566115e-08
1.0685533135078535e-08
7.991124496660925e-09
5.307596483721192e-09
3.0996932398426525e-09
1.6002922366056856e-09
7.751205066245878e-10
4.230955316800734e-10
3.2449224059123203e-10
3.3083199471067293e-10
3.72611740944539e-10
4.270026513400683e-10
4.890150750586138e-10
5.581180784763388e-10
6.344277688337579e-10
7.17992472225607e-10
8.086770665360935e-10
9.061194675531634e-10
1.009693654391654e-09
1.118478859089563e-09
1.2312384939964215e-09
1.3464105950836482e-09
1.462120089804491e-09
1.576208962721914e-09
1.6862939974560964e-09
1.789859502979568e-09
1.8843583647062445e-09
1.967376742545365e-09
2.0367786839408874e-09
2.0908889103266544e-09
2.128707290603223e-09
2.1499975835423065e-09
2.1555493996950287e-09
2.1471479436529345e-09
2.1276592395099468e-09
2.101012364010926e-09
2.07187373455094e-09
2.0456440304210034e-09
2.027846461137542e-09
2.0240343574608736e-09
2.0390981285390827e-09
2.0773823215337824e-09
2.1418281076204176e-09
2.234347011976257e-09
2.3551407703655622e-09
2.5028093182660994e-09
2.674211285162968e-09
2.8644495380901462e-09
3.067007164681912e-09
3.2738784138334135e-09
3.4757901142389445e-09
3.662293021210382e-09
3.822142796048944e-09
3.943430797690756e-09
4.014159322291778e-09
4.022595849003323e-09
3.95845123446721e-09
3.813564120601509e-09
3.5838487409460903e-09
3.2708603937798455e-09
2.8833920488708854e-09
2.4393901488712304e-09
1.9650113744219985e-09
1.493317909553211e-09

