7.310158707504109e-15
1.1034431813655703e-14
1.6649497404344095e-14
2.5110469120989074e-14
3.785141965423289e-14
5.702296802926932e-14
8.584579346777287e-14
1.291355596822685e-13
1.9407905053078409e-13
2.9137919223396833e-13
4.369353345759629e-13
6.542966553185558e-13
9.782280299898186e-13
1.4598408088415884e-12
2.17393688557562e-12
3.2293824222217115e-12
4.78356829980591e-12
7.0623233283806795e-12
1.0386523017719416e-11
1.520706196801177e-11
2.2148696441112708e-11
3.206191288207909e-11
4.608036204997123e-11
6.567120345040006e-11
9.266500924615437e-11
1.292281560742412e-10
1.7772540189671837e-10
2.4042349376383166e-10
3.189081030622094e-10
4.132311238251794e-10
5.207320584906782e-10
6.347360778100756e-10
7.437655073073856e-10
8.316625024750119e-10
8.801452034178645e-10
8.735957119849131e-10
8.055707961371105e-10
6.843654517582375e-10
5.331456084853567e-10
3.834617585985009e-10
2.6337322599345745e-10
1.8728838875941884e-10
1.537337832393527e-10
1.5122204442540605e-10
1.6709181653898913e-10
1.9291820204778165e-10
2.250395501237281e-10
2.626491983439034e-10
3.060741769522788e-10
3.5596938798719095e-10
4.130892226001536e-10
4.782461055059687e-10
5.523041403613162e-10
6.361840540544579e-10
7.308646700111199e-10
8.373948165200309e-10
9.56913067618455e-10
1.0906683414503714e-09
1.240074924230141e-09
1.4067593184289306e-09
1.592651040903978e-09
1.800093802773478e-09
2.0319634111783864e-09
2.2918629498861056e-09
2.584278895919205e-09
2.9148272159587797e-09
3.29044830999694e-09
3.719671461879004e-09
4.212772298334594e-09
4.781994702118737e-09
5.441640053017345e-09
6.2080119458458425e-09
7.099499378562388e-09
8.136022079379557e-09
9.338937603407834e-09
1.0730165592170902e-08
1.2331530284838125e-08
1.4163738794998408e-08
1.624515043143579e-08
1.8590458553808283e-08
2.120906662748347e-08
2.4103425679634147e-08
2.7266928722788092e-08
3.068195834055936e-08
3.431720677425822e-08
3.8125270610407635e-08
4.203904648748683e-08
4.5969135268229e-08
4.979867283861618e-08
5.3380557406798605e-08
5.653402368105179e-08
5.9040843720462725e-08
6.06549400455731e-08
6.110539192336049e-08
6.013154420355873e-08
5.752117964816398e-08
5.316838893530511e-08
4.715373390426601e-08
3.9783718728865125e-08
3.161932705997636e-08

