9.403386304796696e-15
1.4194365481669273e-14
2.1417875823460836e-14
3.23027946384454e-14
4.8694308162258325e-14
7.335966947942897e-14
1.1044316670742603e-13
1.6614172659520034e-13
2.4970388649086223e-13
3.749036340384848e-13
5.622033159922446e-13
8.41911871097272e-13
1.2587753156263852e-12
1.878582015060907e-12
2.7976175920048565e-12
4.156020505510018e-12
6.156399087957243e-12
9.089468427592672e-12
1.3368305430614044e-11
1.9573367230846465e-11
2.8508918352660657e-11
4.1269767047433475e-11
5.931512512358747e-11
8.453325230955072e-11
1.1927965156842591e-10
1.663409904339793e-10
2.287572886657681e-10
3.094390406104018e-10
4.1041463570109435e-10
5.317303601100221e-10
6.69930759489093e-10
8.163811346155253e-10
9.562542663778856e-10
1.0686936247759015e-09
1.1301161702538025e-09
1.1203902286796869e-09
1.0312279836918767e-09
8.733460235331517e-10
6.766133810045207e-10
4.816674776729918e-10
3.245955568720513e-10
2.2385221529815805e-10
1.774092455124687e-10
1.70340492454553e-10
1.8621309093948306e-10
2.1404854527334486e-10
2.489861537331055e-10
2.8981737708617073e-10
3.3676468580095234e-10
3.9044113993984997e-10
4.5155196582953965e-10
5.208359559690897e-10
5.9905161404758e-10
6.869752829064414e-10
7.853952112698327e-10
8.951155477201877e-10
1.0169683184411242e-09
1.1518249270589634e-09
1.3006440770715684e-09
1.46450926897398e-09
1.6447114068470655e-09
1.8428539918313782e-09
2.0609562265009985e-09
2.301647041352257e-09
2.5682993049347566e-09
2.8652658398077695e-09
3.198056686432336e-09
3.573565524243556e-09
4.000217383467452e-09
4.488130849308414e-09
5.049192440113253e-09
5.696941310364864e-09
6.446643601929612e-09
7.314681734092749e-09
8.318480080164041e-09
9.475616723300272e-09
1.0803199863972051e-08
1.2316946862683356e-08
1.4030024831753442e-08
1.5951959751764944e-08
1.8087210032168355e-08
2.0433847832780172e-08
2.2981834691682976e-08
2.5711592463538474e-08
2.8591948826386088e-08
3.157851342077284e-08
3.4611175871707676e-08
3.761258806289867e-08
4.0484895024889776e-08
4.310854759013191e-08
4.5340946102604454e-08
4.701499172780197e-08
4.794807419144447e-08
4.794570705341492e-08
4.682899686381448e-08
4.4463124525759934e-08
4.0798634636873064e-08
3.592786170788977e-08
3.010822625360176e-08
2.3777708079793947e-08

