5.335066931211979e-15
8.052899896460283e-15
1.2150435619248794e-14
1.832453928300201e-14
2.7621486105924116e-14
4.161025981629155e-14
6.264039500048995e-14
9.422481956172403e-14
1.4160588192155692e-13
2.125903570942868e-13
3.187747255843164e-13
4.7733413500889e-13
7.136224236613999e-13
1.0649130524974688e-12
1.5857536212632593e-12
2.355529186969672e-12
3.4890052181018367e-12
5.150846432885446e-12
7.575018955364221e-12
1.1090293793871713e-11
1.6152225984994116e-11
2.3381003092521888e-11
3.3603382361617546e-11
4.788952204732705e-11
6.75750045543033e-11
9.424108992122036e-11
1.2961514869573536e-10
1.7535546597894203e-10
2.3262745371037144e-10
3.0148343794069323e-10
3.800048107948046e-10
4.6335357700834904e-10
5.431959775191154e-10
6.077881085129031e-10
6.438313891257736e-10
6.399543635269639e-10
5.914532948803271e-10
5.043513380776875e-10
3.955121247157172e-10
2.8793389186400386e-10
2.0211016832322512e-10
1.486223021797569e-10
1.2649640892507234e-10
1.2746130196232177e-10
1.4238843058079752e-10
1.6524203173486625e-10
1.9347518060307595e-10
2.2664577717585705e-10
2.6516635074512564e-10
3.097202959867945e-10
3.61100774369743e-10
4.2018700819790617e-10
4.879470968372149e-10
5.654516257879257e-10
6.538851905272475e-10
7.545690973164774e-10
8.689921337744611e-10
9.988448558940719e-10
1.1460854088044857e-09
1.3130020213004322e-09
1.5023174626601391e-09
1.7173130259201037e-09
1.961970900772742e-09
2.241178090783845e-09
2.5609193443912056e-09
2.9285451428800577e-09
3.3530053913271382e-09
3.845169709608409e-09
4.4180256832705726e-09
5.086986233563265e-09
5.8700320203110536e-09
6.787759639945839e-09
7.863508851071771e-09
9.122926591268457e-09
1.0593885204009181e-08
1.2305674679439815e-08
1.4288334723659102e-08
1.6571550953113335e-08
1.9183347008024537e-08
2.2148500119270138e-08
2.5486645459663156e-08
2.921013807829896e-08
3.3321371885286246e-08
3.7810007500036244e-08
4.2649249043335645e-08
4.779207685652233e-08
5.316564434526602e-08
5.866657330219669e-08
6.415211894917973e-08
6.943400804752533e-08
7.427052820996988e-08
7.835755354730417e-08
8.133779737002428e-08
8.280155602308582e-08
8.233404657173853e-08
7.957042713492286e-08
7.428407271358124e-08
6.651097310953507e-08
5.662247421857239e-08
4.538142490877892e-08

