3.342337915975743e-15
5.044850854684543e-15
7.611537475201049e-15
1.1478815620872563e-14
1.730188827012207e-14
2.6063235425276728e-14
3.923402351017985e-14
5.901374925776514e-14
8.868452794069894e-14
1.3313370903889722e-13
1.996207139596573e-13
2.9889659777877714e-13
4.4683111410855944e-13
6.667536829970457e-13
9.9280402638611e-13
1.4746650052041644e-12
2.184160222529072e-12
3.224340203072241e-12
4.741626328129959e-12
6.9417765866520066e-12
1.0109912044419662e-11
1.463423280286804e-11
2.1032320670538346e-11
2.9974301793662054e-11
4.2296823592122766e-11
5.89910269720705e-11
8.114076370216123e-11
1.0978866646752758e-10
1.4567198982003372e-10
1.8883560976313298e-10
2.38096208427525e-10
2.904490816164938e-10
3.407059100745638e-10
3.815448984813386e-10
4.046653297220302e-10
4.0295979432692e-10
3.7347732918820984e-10
3.199683395529239e-10
2.5297123454525723e-10
1.8688681109394436e-10
1.3458521313816834e-10
1.027669880338529e-10
9.091890576912395e-11
9.396307585190114e-11
1.0628651645508203e-10
1.242216779224137e-10
1.463070809365508e-10
1.7242909784496014e-10
2.0304568511661755e-10
2.3882721390030643e-10
2.805644874433577e-10
3.2916478067259836e-10
3.856666473464784e-10
4.5126530334604296e-10
5.273389648044536e-10
6.154877763304424e-10
7.17582300306072e-10
8.358209571825593e-10
9.728156299970126e-10
1.1316841478982174e-09
1.3161827169113597e-09
1.530861447265058e-09
1.7812558101271137e-09
2.0741248048069043e-09
2.4177196290142096e-09
2.822113441774655e-09
3.299533548340215e-09
3.864798369780781e-09
4.535649788794877e-09
5.333238376251658e-09
6.2824473278230396e-09
7.4121919014918165e-09
8.755740742090709e-09
1.0350606602910225e-08
1.2238642246303185e-08
1.4465519174738904e-08
1.708022291579297e-08
2.0134026329522622e-08
2.3679222390859315e-08
2.7767300446574245e-08
3.244671902920083e-08
3.7760060461528164e-08
4.3740346253558166e-08
5.040668330187379e-08
5.775830476091109e-08
6.576765365764735e-08
7.436985251282279e-08
8.345230527228159e-08
9.28359544844399e-08
1.0225893187898336e-07
1.1135480341257628e-07
1.1962734004343008e-07
1.2645344542078924e-07
1.3107402809653393e-07
1.3266612068007298e-07
1.30437721291797e-07
1.2379385611823408e-07
1.125774387957753e-07
9.72403858976107e-08
7.898438658370423e-08

