4.299415639459668e-15
6.489553913568687e-15
9.79144640736783e-15
1.476658248090507e-14
2.2257960699178423e-14
3.3529697271072557e-14
5.047473578990329e-14
7.592324280718799e-14
1.1409855167931385e-13
1.7128975150590467e-13
2.568386074080405e-13
3.8458046906560043e-13
5.749383919102264e-13
8.579361220070638e-13
1.2775106191692007e-12
1.8976035358915218e-12
2.810652586492472e-12
4.149285393071116e-12
6.101947434360219e-12
8.933446167691807e-12
1.3010715613461667e-11
1.883331807193693e-11
2.7067255857892018e-11
3.857470463903787e-11
5.443187034566805e-11
7.591328857079257e-11
1.0441196026042892e-10
1.4126649558432485e-10
1.8742045794860877e-10
2.429235697633222e-10
3.0624148212650563e-10
3.7349217278266455e-10
4.3798084443392883e-10
4.90266799406288e-10
5.196536790843109e-10
5.169893627937586e-10
4.784814743763953e-10
4.0896904690821315e-10
3.2202334584096444e-10
2.3616979728790495e-10
1.6793880960945747e-10
1.2589843903971778e-10
1.0932164229799049e-10
1.1160564512493803e-10
1.254574957335114e-10
1.4607992346508076e-10
1.7149763827743493e-10
2.0144713098075266e-10
2.363730623705809e-10
2.769612031184489e-10
3.240131430715031e-10
3.784326422912603e-10
4.412343315032534e-10
5.135630423723626e-10
5.967123500217155e-10
6.9215490013215e-10
8.015813209893446e-10
9.269449962557297e-10
1.070536558817309e-09
1.2350594339631617e-09
1.423746116714594e-09
1.6404948725291394e-09
1.890032916709093e-09
2.1781326651231978e-09
2.511836390030084e-09
2.8997476767995787e-09
3.3523039737174417e-09
3.882144291323903e-09
4.504357234771936e-09
5.236860271990333e-09
6.100607967433278e-09
7.119737847826358e-09
8.321762649872051e-09
9.73725734801006e-09
1.1399826899496241e-08
1.3345394620622638e-08
1.5611571633606817e-08
1.823654710531507e-08
2.1257762244960682e-08
2.4710178423807596e-08
2.862420380905819e-08
3.3023217243038036e-08
3.792043753210863e-08
4.3315474816213005e-08
4.91896878210221e-08
5.550116026559034e-08
6.217717798559656e-08
6.910737364717079e-08
7.613115984398849e-08
8.302785819147456e-08
8.950380043830648e-08
9.517753094374584e-08
9.958737402231778e-08
1.0218895713382866e-07
1.0241294176520564e-07
9.973574568171372e-08
9.379762556806133e-08
8.457119438175995e-08
7.247002219397375e-08
5.843522934680889e-08

