2.8272951266031177e-15
4.267413905800761e-15
6.438492725590291e-15
9.709660047183178e-15
1.463508759568607e-14
2.2045745788094338e-14
3.3185911201912426e-14
4.991583548875862e-14
7.50113657837528e-14
1.1260591310466389e-13
1.6883894847962584e-13
2.5280278098966897e-13
3.7791850598713334e-13
5.639156732429419e-13
8.396657989946582e-13
1.2471847994839115e-12
1.8472125206248422e-12
2.7268970554018145e-12
4.0100656108594646e-12
5.87072866500006e-12
8.550020793531389e-12
1.237626648788529e-11
1.7787241518910187e-11
2.5349793684933133e-11
3.577171666744445e-11
4.989166584712332e-11
6.862704404655044e-11
9.286092092067146e-11
1.2321888098169272e-10
1.5974198477042182e-10
2.0143381786373643e-10
2.4575880574600466e-10
2.883353707536804e-10
3.229773546158788e-10
3.4266881033218807e-10
3.413996467584708e-10
3.1667125834865543e-10
2.716507866945592e-10
2.1524891192507863e-10
1.5965056050443304e-10
1.1575653617981308e-10
8.925830011812979e-11
7.975000012198757e-11
8.296530784337283e-11
9.418635771194384e-11
1.1034503919934693e-10
1.3024761029030557e-10
1.5385148475439647e-10
1.8161095642856286e-10
2.1417599798339614e-10
2.5231816245343934e-10
2.96931864878657e-10
3.490526203353438e-10
4.0988586428852614e-10
4.808379372835617e-10
5.63560218983291e-10
6.600036562920799e-10
7.724843853007561e-10
9.037769267091525e-10
1.0572183576606436e-09
1.236852474122412e-09
1.44759976569597e-09
1.6954696141385617e-09
1.9878174702187317e-09
2.3336467667729467e-09
2.7439712655233168e-09
3.23219592591208e-09
3.814610276184153e-09
4.510794268163678e-09
5.344191527434982e-09
6.3425383047680835e-09
7.538296085993621e-09
8.969101134565486e-09
1.0677838834687574e-08
1.271288510904258e-08
1.512777902862595e-08
1.7980877724731238e-08
2.133446961363166e-08
2.525362953713697e-08
2.980442113110086e-08
3.505164038616816e-08
4.10557793986607e-08
4.7868991209551223e-08
5.553008401852311e-08
6.405753790212605e-08
7.344102649023886e-08
8.362830289056283e-08
9.451161749297048e-08
1.0590337659755744e-07
1.1751365625148816e-07
1.2891992881700173e-07
1.3953170914089545e-07
1.4858779882219367e-07
1.5514001717773436e-07
1.581361893344316e-07
1.5653548041841295e-07
1.4951710151152158e-07
1.3678671411434298e-07
1.1880707135692954e-07
9.699136292159166e-08
