8.297273732045605e-14
1.252392286117752e-13
1.8895901712836638e-13
2.8496419127486813e-13
4.2951455032696137e-13
6.469864256230952e-13
9.738705302642486e-13
1.4647032550222976e-12
2.200827041249812e-12
3.3032990999461086e-12
4.951806602895742e-12
7.412238032137454e-12
1.1076678613696444e-11
1.6520821688927267e-11
2.458593443348097e-11
3.649427700699051e-11
5.400943883989659e-11
7.965627153796801e-11
1.17013468287461e-10
1.7109628754918764e-10
2.4883372882290465e-10
3.5963017497776014e-10
5.159834668872066e-10
7.340252772147134e-10
1.0338438079947854e-09
1.4392050890984251e-09
1.976148012283802e-09
2.66995267564259e-09
3.5392383902755044e-09
4.5873638970327445e-09
5.790593339971977e-09
7.085086159403246e-09
8.358618043494609e-09
9.451177001547551e-09
1.0178307171654098e-08
1.0375664879180528e-08
9.96060001342386e-09
8.984672218964287e-09
7.639363659344298e-09
6.199078519347726e-09
4.9169299341638334e-09
3.931820672189483e-09
3.246543797458348e-09
2.77555894664114e-09
2.421195849240171e-09
2.1194799120712454e-09
1.8447432187767906e-09
1.5926551815432167e-09
1.3654554511793312e-09
1.1649717833403367e-09
9.91183684950916e-10
8.42353660425977e-10
7.158353058083625e-10
6.085122571593611e-10
5.174074404385817e-10
4.3984137675107666e-10
3.7359689914011657e-10
3.1687421462340615e-10
2.682423535148424e-10
2.2653763421574397e-10
1.9079990547971525e-10
1.602104773177682e-10
1.3406431542556412e-10
1.1174516931079617e-10
9.271891900312547e-11
7.65230815966748e-11
6.275982475223727e-11
5.109073913868006e-11
4.122615956621909e-11
3.2920862092344215e-11
2.5965818334915887e-11
2.0181823508839353e-11
1.5416067252598067e-11
1.153474365900287e-11
8.421207832779228e-12
5.971007777056823e-12
4.08861239267307e-12
2.6859054718932756e-12
1.6791435131633813e-12
9.895962060372336e-13
5.43635458323175e-13
2.7465714712115695e-13
1.256473454716827e-13
5.108706845192714e-14
1.8070853725303386e-14
5.424381829249722e-15
1.3422429598890267e-15
2.6495631973494366e-16
4.016425397299914e-17
4.477162066906912e-18
3.4907885785139685e-19
1.8004837403637904e-20
5.764437636293944e-22
1.0551991999954455e-23
1.0232764804379183e-25
4.907542913263877e-28
9.652790892549101e-31
1.2831230641141989e-33
9.00806701226646e-35
1.1494949327944958e-34

