2.454704475739506e-13
3.7054934644045124e-13
5.591407388428706e-13
8.433317482472766e-13
1.2713010235094935e-12
1.915299836460994e-12
2.8835254269344525e-12
4.33774765635417e-12
6.5193624830159585e-12
9.78781348826507e-12
1.4676943890856176e-11
2.197722229090523e-11
3.2855158192888134e-11
4.902494338926435e-11
7.299384861401726e-11
1.0840833304268837e-10
1.6053566357702313e-10
2.369257894312969e-10
3.4829353229045934e-10
5.096748427390063e-10
7.418711692784318e-10
1.0731514543535938e-09
1.5411266082330492e-09
2.194379764375768e-09
3.0934157185588047e-09
4.309727977007104e-09
5.9213175297993545e-09
8.00309245485846e-09
1.0608151689665328e-08
1.3740529608958819e-08
1.7317691501839874e-08
2.112931736132337e-08
2.4811923063011555e-08
2.7852145683766745e-08
2.9664818411062164e-08
2.9739810610989934e-08
2.784276131281858e-08
2.4185670377648693e-08
1.943710932523472e-08
1.4528508615309526e-08
1.0301572820311329e-08
7.201656825212095e-09
5.2088949750414075e-09
4.006324448234931e-09
3.2384986210036224e-09
2.667755320278335e-09
2.189082485696845e-09
1.7732143431007713e-09
1.416862953125816e-09
1.1193288993047867e-09
8.77177554001976e-10
6.841665451453644e-10
5.327227359896912e-10
4.1496818613033506e-10
3.2375019062352147e-10
2.5298511636126386e-10
1.9785356005911693e-10
1.5467894098314113e-10
1.2072796684336252e-10
9.397205219350905e-11
7.288941183298716e-11
5.630933154712639e-11
4.331051776067415e-11
3.315599236149344e-11
2.525244580276934e-11
1.9122948222908845e-11
1.438609215324246e-11
1.0739731730691118e-11
7.945142343012399e-12
5.815086810844435e-12
4.202588753956838e-12
2.992220001705145e-12
2.093382343711215e-12
1.4345494051346766e-12
9.593959815688687e-13
6.234373529122528e-13
3.915601245448723e-13
2.36221135201812e-13
1.358459541240771e-13
7.380497869126777e-14
3.747730709620272e-14
1.7557690789540934e-14
7.475507429217568e-15
2.840613653427514e-15
9.432443083550315e-16
2.6698730635028214e-16
6.261506888099117e-17
1.1777135175916332e-17
1.7052190715587875e-18
1.824436663572065e-19
1.384862862617239e-20
6.872366302744527e-22
2.0668239229576188e-23
3.9976435510744205e-25
4.010224213751719e-27
1.1785477968949058e-29
3.2314981390653913e-32
7.401808271287278e-34
2.9175643569810975e-34
3.5510241083754997e-34

