3.9914157723925613e-13
6.025395967266674e-13
9.092308509273768e-13
1.3714087108559787e-12
2.0674474664237423e-12
3.1148920368883684e-12
4.689785715630111e-12
7.0553685509016604e-12
1.0604504875657687e-11
1.592226667914926e-11
2.3877748754716636e-11
3.575808181545154e-11
5.346312540727905e-11
7.978542133104161e-11
1.188106166259503e-10
1.7648250490223473e-10
2.6138971221197517e-10
3.8584745451876374e-10
5.673402772168352e-10
8.304142211066026e-10
1.209042044197253e-09
1.7494116069440685e-09
2.512998094013426e-09
3.579232699241294e-09
5.047046515024829e-09
7.033301950020838e-09
9.66534347911555e-09
1.3065065983495488e-08
1.7317832143349993e-08
2.242720907647562e-08
2.8252675742914093e-08
3.4441164792575865e-08
4.038534688470468e-08
4.5229817193534945e-08
4.8002943733192674e-08
4.786378532848947e-08
4.44384547472325e-08
3.8105588787247785e-08
3.000877666273765e-08
2.1727372294930076e-08
1.467851530879279e-08
9.601308876153376e-09
6.443267696716596e-09
4.649435563559118e-09
3.6018555468032923e-09
2.885452380697124e-09
2.3126458960435825e-09
1.8270495686333044e-09
1.4187484843564926e-09
1.0847655222617075e-09
8.194578915612372e-10
6.140386799818176e-10
4.582490007211244e-10
3.417687087196598e-10
2.553554694402862e-10
1.913249991465318e-10
1.43699997314284e-10
1.0805331620875384e-10
8.119751918388291e-11
6.087354398815414e-11
4.5467930881628975e-11
3.380568079056511e-11
2.5006659412309423e-11
1.8398662810210203e-11
1.3460672343758079e-11
9.788837657903932e-12
7.071132127184548e-12
5.06908330474675e-12
3.6014207637627678e-12
2.5317183118283058e-12
1.7575139446810262e-12
1.202036955003797e-12
8.078369694699629e-13
5.318097216197676e-13
3.4169721658917963e-13
2.1336286443085387e-13
1.288089586955068e-13
7.473079439290884e-14
4.1357766468819757e-14
2.1642815070687507e-14
1.0597436917162675e-14
4.793888722781396e-15
1.973919871659622e-15
7.266890210943753e-16
2.3423620291284333e-16
6.448841063207186e-17
1.4744483479313868e-17
2.710227895910318e-18
3.839478105726242e-19
4.028440726733962e-20
3.0181322133246138e-21
1.4707379502186754e-22
4.297819001903286e-24
8.513129054519972e-26
8.66475840833172e-28
2.0498648205116825e-30
6.841258908278435e-33
6.626311030884916e-34
5.0727827003654975e-34
5.960354435682481e-34

