1.3431290289051883e-12
2.0276521063986182e-12
3.0598601336363386e-12
4.615478231589591e-12
6.958408195742757e-12
1.0484499501564703e-11
1.578669309341209e-11
2.3751774768088495e-11
3.570346094341985e-11
5.361353313019411e-11
8.041171822393681e-11
1.2043819856833812e-10
1.8010135405453904e-10
2.6882411918842674e-10
4.003984576234478e-10
5.948981317085933e-10
8.813439608688685e-10
1.3013721218848118e-09
1.9141313850608922e-09
2.802712428792616e-09
4.082193257171833e-09
5.909131691503726e-09
8.492032410322962e-09
1.2100425669541659e-08
1.7070072178067633e-08
2.3797429545628647e-08
3.271375064391077e-08
4.4229808069696046e-08
5.8627894953717786e-08
7.590453074105179e-08
9.555391239863314e-08
1.1632989612499331e-07
1.3610328380824377e-07
1.5188724307547264e-07
1.6030742692856934e-07
1.5847687769188888e-07
1.4518140043672357e-07
1.218832138580272e-07
9.273840888083687e-08
6.341040157704065e-08
3.89223751049585e-08
2.1828500834812263e-08
1.1825790739898523e-08
6.816669002533104e-09
4.493472400518858e-09
3.298645519925483e-09
2.5090934011333126e-09
1.890532979818316e-09
1.3904556653735355e-09
9.960962260141331e-10
6.962075586609565e-10
4.763635089510904e-10
3.2053926324408606e-10
2.1337684671920135e-10
1.414109893354585e-10
9.38822393945151e-11
6.270137472511651e-11
4.2215292024385117e-11
2.8616976348119397e-11
1.947537410657927e-11
1.3251718605445554e-11
8.982720850287587e-12
6.0482518716265936e-12
4.03887291144263e-12
2.6728679271522724e-12
1.753053689708557e-12
1.1397355253922777e-12
7.346440469458902e-13
4.693292010969043e-13
2.969179820335611e-13
1.8572639122596185e-13
1.1460642385118884e-13
6.956911940012864e-14
4.140028475043621e-14
2.4058877986491105e-14
1.3592587828538394e-14
7.427771576975684e-15
3.903155857574497e-15
1.9585695361095288e-15
9.308096765994722e-16
4.1485381735377864e-16
1.7132086255834744e-16
6.463327057765349e-17
2.189273960614334e-17
6.523849398899701e-18
1.669409846738476e-18
3.5660345103224506e-19
6.155273304105322e-20
8.251957144837659e-21
8.23446692824002e-22
5.840093940244401e-23
2.748775578711876e-24
8.005579930749956e-26
1.4191618465194582e-27
1.3279630772434562e-29
5.524954237172838e-32
1.4631301967056002e-33
1.2346822894445378e-33
1.8892521796681655e-33
2.0980530731995373e-33

