4.5571724588539574e-14
6.878034094546765e-14
1.0376488097576102e-13
1.5646822525970192e-13
2.358089969520963e-13
3.5515423006074286e-13
5.345079700928473e-13
8.037566459109098e-13
1.207459508077682e-12
1.8119029216158168e-12
2.715429286446634e-12
4.063480392692923e-12
6.070399716807454e-12
9.050696544170101e-12
1.3463633008909666e-11
1.9975932563100103e-11
2.954878276660366e-11
4.3557012589973075e-11
6.394742174380767e-11
9.344561011989623e-11
1.3581353687132452e-10
1.9615250900330134e-10
2.812365948177132e-10
3.9980563781981506e-10
5.627441432769383e-10
7.829444211351742e-10
1.0745807631842234e-09
1.4515318704916535e-09
1.9243097497979474e-09
2.4955804461206854e-09
3.1539973336493947e-09
3.867417264643195e-09
4.578478448007009e-09
5.204742012497641e-09
5.6503677772998974e-09
5.828671937444787e-09
5.693552532340553e-09
5.266340214191983e-09
4.639617838425503e-09
3.94893489267487e-09
3.321010593084404e-09
2.8267191838027296e-09
2.469757929715631e-09
2.2097997797410468e-09
2.0004066619463445e-09
1.8117233435610014e-09
1.6328112390911316e-09
1.4631683318344054e-09
1.3052642410921137e-09
1.161072104901638e-09
1.0313156937761225e-09
9.155913421594961e-10
8.128500013391631e-10
7.216580686261484e-10
6.405823736640406e-10
5.682902004763877e-10
5.036619083463062e-10
4.4576994021613246e-10
3.9386050706971585e-10
3.47298270376978e-10
3.055374193437582e-10
2.680892006318323e-10
2.3451573156298645e-10
2.0441640463130258e-10
1.7743323955798168e-10
1.5324653180868675e-10
1.3157344292188514e-10
1.1217091315477973e-10
9.482637308836401e-11
7.936148595730523e-11
6.562592716991744e-11
5.349305695256401e-11
4.2861527368753773e-11
3.3643481157515086e-11
2.5765757559219937e-11
1.915960176680506e-11
1.3752503245304761e-11
9.463439243254111e-12
6.190981971973374e-12
3.813060556926525e-12
2.185567260529201e-12
1.149903497999678e-12
5.466358011556537e-13
2.304041363883871e-13
8.427444115822884e-14
2.609200580923135e-14
6.6409854834898e-15
1.344623743132971e-15
2.0875075383227354e-16
2.3772172133879296e-17
1.881416545731339e-18
9.896250557103491e-20
3.2631376859388e-21
5.850881705909192e-23
5.60712084739894e-25
3.318967016135873e-27
5.699928188740718e-30
2.3338609067859666e-33
5.428010947656614e-35
6.469469411591169e-35
