8.903408907731607e-13
1.3440883766783473e-12
2.028295117432931e-12
3.0594317304173668e-12
4.612407348965327e-12
6.949574971971933e-12
1.0463897151540656e-11
1.5743052609722565e-11
2.3664234072055813e-11
3.553401792179369e-11
5.3293628615127924e-11
7.98186462764366e-11
1.1935458787497816e-10
1.7814352454313996e-10
2.653207819129985e-10
3.941810048013785e-10
5.83941930258849e-10
8.621713762506721e-10
1.2680264924565605e-09
1.8565052881383712e-09
2.703765347738569e-09
3.913397836776133e-09
5.6233441202923565e-09
8.011896948545397e-09
1.1301148362373464e-08
1.5753363392655446e-08
2.1653949414450925e-08
2.9275093759867714e-08
3.8804746154535094e-08
5.024319172487016e-08
6.326067697095834e-08
7.704092878064631e-08
9.018694483761167e-08
1.0073705585128738e-07
1.0647204644067946e-07
1.0548760262228217e-07
9.697096886545894e-08
8.185895575513661e-08
6.285381188987421e-08
4.3650299466030007e-08
2.7535377196570482e-08
1.6191794988673225e-08
9.441636113005722e-09
5.934994139896245e-09
4.182021754645529e-09
3.1781129232282685e-09
2.4596203167143447e-09
1.878546029482995e-09
1.402843047254644e-09
1.0239114741337207e-09
7.323026783057048e-10
5.152530213651407e-10
3.5839817163577684e-10
2.4781672771596557e-10
1.7122694686958592e-10
1.1871744709409705e-10
8.276192158529004e-11
5.801696220522666e-11
4.08115608186286e-11
2.872664790552592e-11
2.0170687726446078e-11
1.4094717307492293e-11
9.785133564960781e-12
6.744243169058788e-12
4.613539386486274e-12
3.1325037847071216e-12
2.1109252607603146e-12
1.4113823555444524e-12
9.35490704666361e-13
6.138838895651268e-13
3.9807753943085927e-13
2.544774751492994e-13
1.5992463615930061e-13
9.847749642046118e-14
5.919654070523229e-14
3.4588617775500533e-14
1.954601244765236e-14
1.0620471483774671e-14
5.509445689902716e-15
2.7058782295321424e-15
1.245536156037813e-15
5.307665916987925e-16
2.0638705395505734e-16
7.195787514557854e-17
2.2036361899060108e-17
5.783770421842474e-18
1.265227866964392e-18
2.233374892873388e-19
3.049338871239151e-20
3.0945671967244646e-21
2.2507642074247175e-22
1.0676836267992084e-23
3.043747652180506e-25
5.917201120378542e-27
5.920625614499565e-29
1.4222864562988156e-31
1.3273252938697775e-33
8.489042335710236e-34
1.248617988293498e-33
1.3913518535941579e-33

