1.9495146600723583e-12
2.943099791320321e-12
4.441363291043473e-12
6.699387067672266e-12
1.0100257174101587e-11
1.5218610433384602e-11
2.291521375465797e-11
3.447744219432801e-11
5.182703890274056e-11
7.782669913382525e-11
1.1673007176115567e-10
1.7483893523321316e-10
2.61458512069585e-10
3.902721116519322e-10
5.813088034682851e-10
8.637224934289948e-10
1.279664833693555e-09
1.8896164891805562e-09
2.779505667242292e-09
4.070055291491155e-09
5.928481963323554e-09
8.582301185556266e-09
1.233455223408705e-08
1.757700097525602e-08
2.479769863362882e-08
3.457288941877127e-08
4.752921124745934e-08
6.426305524589132e-08
8.518296325997477e-08
1.1028007924173369e-07
1.3881210240312517e-07
1.6895589124682593e-07
1.975997401181691e-07
2.2038144749640853e-07
2.3237738130823338e-07
2.2938352797829334e-07
2.0964952942957095e-07
1.7534624341141412e-07
1.3258458616247789e-07
8.967293634596296e-08
5.396534376099295e-08
2.9183578813326114e-08
1.4852667996103171e-08
7.866800606838121e-09
4.816553189792559e-09
3.3994921578607115e-09
2.5428585569012688e-09
1.8960586329560276e-09
1.3792752787031077e-09
9.747385703717208e-10
6.69683963299688e-10
4.484598463030219e-10
2.9385672795006215e-10
1.8948578417506536e-10
1.2105491064153488e-10
7.720918511437986e-11
4.9481691873885654e-11
3.201343669566589e-11
2.0921317142275374e-11
1.3781964926684473e-11
9.10886182420657e-12
6.0109148305238106e-12
3.942948382628436e-12
2.5638498201338375e-12
1.6498863272461288e-12
1.050392510949158e-12
6.617465801989328e-13
4.1275942714193343e-13
2.5496618074813733e-13
1.5593584538446677e-13
9.433008936778502e-14
5.633409013950098e-14
3.312511166861465e-14
1.911121389152394e-14
1.0774449216375583e-14
5.9079839470894514e-15
3.134040348184116e-15
1.5988131021492845e-15
7.788886514007805e-16
3.5942139686156863e-16
1.5558784494190673e-16
6.244131062385869e-17
2.2912222358631962e-17
7.556474927523627e-18
2.1954582425756494e-18
5.487427541114059e-19
1.1464160306911797e-19
1.9374448730420012e-20
2.554820405868174e-21
2.5105457071392507e-22
1.733809473788868e-23
8.119341973876103e-25
2.440403734258773e-26
3.862185353040826e-28
3.331989899380723e-30
2.8028807388904727e-32
1.9915740563488335e-33
1.8506671710512513e-33
2.698783277688815e-33
3.0168758825556574e-33

