1.4700853037686977e-13
2.21907859378949e-13
3.34833332160581e-13
5.049916389648495e-13
7.612183076040451e-13
1.1467511279230672e-12
1.726329870518498e-12
2.59673353570763e-12
3.902350472085929e-12
5.858132421830858e-12
8.783247836536503e-12
1.3150166049772128e-11
1.9655907972031146e-11
2.9324402105456096e-11
4.365273823756483e-11
6.481730667105304e-11
9.596044213963443e-11
1.415840399946767e-10
2.0807376532666906e-10
3.04385540934584e-10
4.429023729065238e-10
6.404434592411069e-10
9.193750867626375e-10
1.3085786784029828e-09
1.8440201290897795e-09
2.568217472424709e-09
3.527637926485456e-09
4.7671064754179225e-09
6.3189136866172814e-09
8.186951734060679e-09
1.0324886494223194e-08
1.2612167350633551e-08
1.4839049273380156e-08
1.6708163977386016e-08
1.7878954799950677e-08
1.805174744531801e-08
1.7083210089198478e-08
1.5084632499345925e-08
1.2429876972493427e-08
9.645946943614562e-09
7.213366009597803e-09
5.3907270761789685e-09
4.174370324545519e-09
3.3919354635746836e-09
2.8485023271775908e-09
2.414733831392911e-09
2.0355039081282657e-09
1.6975619190794385e-09
1.401393501103117e-09
1.1479099636069211e-09
9.356136043884952e-10
7.606849965949226e-10
6.181577224523673e-10
5.026170872749243e-10
4.0904682273852597e-10
3.330677781889675e-10
2.71136852114991e-10
2.2046546560918246e-10
1.7890915579407526e-10
1.4480111755253263e-10
1.1682940747013976e-10
9.393109406667381e-11
7.52306021614739e-11
5.999613403060874e-11
4.761645252504461e-11
3.758183027254955e-11
2.946971061125701e-11
2.2932803712722728e-11
1.7685449550911783e-11
1.3494206464920728e-11
1.0167614295778627e-11
7.548156710077499e-12
5.506372682557574e-12
3.9345991441262076e-12
2.7435315420764492e-12
1.858390103956781e-12
1.216219527869222e-12
7.641189081752485e-13
4.572851034900284e-13
2.582832583728132e-13
1.361810498499737e-13
6.614822736180634e-14
2.91512816094493e-14
1.1443451849201161e-14
3.917363641178256e-15
1.1406893185472986e-15
2.745442075825893e-16
5.285984916997202e-17
7.825578218479967e-18
8.540756112458654e-19
6.567713828762965e-20
3.320737595030749e-21
1.0294192505389022e-22
1.9385932290095413e-24
1.9129273713210128e-26
7.126190984284065e-29
1.6581134470669168e-31
9.249655038191418e-34
1.6507154715057418e-34
2.070605287222241e-34

