3.081462333710717e-14
4.650452326853733e-14
7.015304501532027e-14
1.057749436583308e-13
1.5939408122188646e-13
2.4003689453410596e-13
3.6120827261720673e-13
5.430791442301371e-13
8.157139727265122e-13
1.2238210156036319e-12
1.8337035227988067e-12
2.7433771048255596e-12
4.097222340708166e-12
6.106979773585419e-12
9.081666619588412e-12
1.34696136021367e-11
1.9916732429649525e-11
2.9346249393997674e-11
4.306453030309311e-11
6.28991885703376e-11
9.13709302583246e-11
1.3189566543430638e-10
1.8900697169512225e-10
2.685525046285178e-10
3.7781612532561034e-10
5.254340603313038e-10
7.209278241490347e-10
9.736822254850765e-10
1.2909546691917185e-09
1.6749686434443972e-09
2.1189099005961595e-09
2.6025191086636428e-09
3.0891671157879934e-09
3.5258652278526375e-09
3.850611388839036e-09
4.006723673818942e-09
3.962924747944878e-09
3.730522276344797e-09
3.3662589314091418e-09
2.9545809682669668e-09
2.575157134614378e-09
2.2730079898374323e-09
2.05122868948911e-09
1.885256837080535e-09
1.7467087912597037e-09
1.617585741612184e-09
1.4917518879096682e-09
1.369602116621219e-09
1.2532946989671653e-09
1.1445891740110347e-09
1.0443314486415706e-09
9.525592626736623e-10
8.688254559422185e-10
7.923802020675248e-10
7.224407195855302e-10
6.582632888521518e-10
5.992236682793877e-10
5.448049370565713e-10
4.945867119711947e-10
4.4820935323755875e-10
4.053566664152642e-10
3.6573478822695606e-10
3.29073904645602e-10
2.9511759317409397e-10
2.6363338365737423e-10
2.3441065333501704e-10
2.0726138880564842e-10
1.8202960397359693e-10
1.585815452037773e-10
1.3681773377176246e-10
1.1666887530919877e-10
9.809426470076013e-11
8.109119744921696e-11
6.567826149027651e-11
5.19020425253108e-11
3.98193438303382e-11
2.948006319525403e-11
2.0913485888986418e-11
1.4095167604311575e-11
8.935702178751999e-12
5.266030238454238e-12
2.845000438446389e-12
1.3867096587203229e-12
5.983450001553477e-13
2.2366755719023147e-13
7.065189032505353e-14
1.8314673016107667e-14
3.7702064664077405e-15
5.942995565255984e-16
6.861156636085115e-17
5.4916238734733406e-18
2.922607223398955e-19
9.768276413770762e-21
1.7515877968263632e-22
1.6818410820032215e-24
1.0558177388527412e-26
1.7581810835736828e-29
5.121847056163678e-33
5.039534204782267e-35
4.708307536723303e-35

