1.570806542052796e-14
2.3702348058983432e-14
3.5748982018541336e-14
5.389028039437401e-14
8.118926392279755e-14
1.222334692087752e-13
1.8388278353720363e-13
2.763769051425186e-13
4.149675747819007e-13
6.22318263195875e-13
9.320113341608225e-13
1.3936458194332585e-12
2.080209497892535e-12
3.0986251466103836e-12
4.604753008021202e-12
6.824432796870047e-12
1.0082596591098886e-11
1.4843028808148958e-11
2.1761043261105052e-11
3.1752110594807694e-11
4.607714261029015e-11
6.644280029689093e-11
9.511204076358833e-11
1.3500276743499226e-10
1.897516391165673e-10
2.636805259544919e-10
3.615824882081033e-10
4.882456073657817e-10
6.475228966492705e-10
8.409704371490335e-10
1.0659680969032062e-09
1.3136475023406016e-09
1.5674692991926258e-09
1.8031548558431056e-09
1.9919249151784708e-09
2.10695385536947e-09
2.1325119078281043e-09
2.0717988934006864e-09
1.948575924982494e-09
1.7993606604697775e-09
1.6591466192531418e-09
1.5479408473484583e-09
1.4674567968452928e-09
1.4071928498028633e-09
1.3550090627533249e-09
1.3033609227992686e-09
1.2499636791016417e-09
1.1954431482897385e-09
1.141147234738665e-09
1.0882181022450708e-09
1.0373113752509962e-09
9.886704881318235e-10
9.422734305260235e-10
8.979280699681594e-10
8.554056878327048e-10
8.144795634952489e-10
7.74963241300095e-10
7.367057995342757e-10
6.995833877295556e-10
6.634827487735591e-10
6.28291679313862e-10
5.938864675049835e-10
5.601394760502003e-10
5.269063811250779e-10
4.94041731983129e-10
4.6139715905481917e-10
4.288222666852545e-10
3.961894706025652e-10
3.6337994084221434e-10
3.3032263530524847e-10
2.970023335307017e-10
2.6347638629671896e-10
2.299297989387673e-10
1.96660868862517e-10
1.641373749998073e-10
1.3297574903882903e-10
1.0390748680197328e-10
7.773401320687245e-11
5.5179534221066416e-11
3.6783057561962774e-11
2.274784906927667e-11
1.2866538873073459e-11
6.5486490981606975e-12
2.942293763619521e-12
1.1419089597267073e-12
3.7337865065719863e-13
9.989670607064459e-14
2.116492170909789e-14
3.423920458306573e-15
4.0468407251989616e-16
3.3107952513815243e-17
1.7953579641923984e-18
6.09121697769612e-20
1.1153773316291112e-21
1.0906508603886606e-23
6.728514506248095e-26
1.1599000187058088e-28
3.585977267082832e-32
1.0604529836991135e-34
3.054497947290947e-35

