9.411889553241447e-15
1.419951993284596e-14
2.1412375883236108e-14
3.227157766848375e-14
4.860774972437765e-14
7.316133265676933e-14
1.1002800683298211e-13
1.6531774885994732e-13
2.4812525015278825e-13
3.719551497832329e-13
5.568026455080733e-13
8.321740476516186e-13
1.2414491382243944e-12
1.8481130590892004e-12
2.7446083046023027e-12
4.064730920018432e-12
6.00075496463057e-12
8.826781768129685e-12
1.292963230915754e-11
1.8849041167634485e-11
2.7327569048497557e-11
3.936933824636248e-11
5.630488353953098e-11
7.984965132982413e-11
1.1214324910305076e-10
1.5573432993174617e-10
2.1346487465429417e-10
2.882078354783928e-10
3.8235246910519176e-10
4.970482168568405e-10
6.311591169103422e-10
7.801090512267388e-10
9.350663031086874e-10
1.0828725193630013e-09
1.2077495562364481e-09
1.2947699086823835e-09
1.334814276668588e-09
1.3288243711141947e-09
1.2888253400081017e-09
1.2337947286736305e-09
1.182121740253798e-09
1.1443543753883227e-09
1.1214236851924938e-09
1.1077721059358376e-09
1.097002648965379e-09
1.0851661870903323e-09
1.0711223664718184e-09
1.0553004231803995e-09
1.0384968532490256e-09
1.0214013031484082e-09
1.0044180569962691e-09
9.877196193899185e-10
9.713210991259241e-10
9.551372920167985e-10
9.390555769556575e-10
9.229586459274749e-10
9.067425127106225e-10
8.903132467520722e-10
8.735765566384587e-10
8.564268567154369e-10
8.387369521848999e-10
8.203437815261998e-10
8.010538174140228e-10
7.806204788722128e-10
7.587561792809237e-10
7.351222550453915e-10
7.093187665063461e-10
6.809186415992886e-10
6.494366991807203e-10
6.143985750213306e-10
5.753653304994724e-10
5.319850916426613e-10
4.841482432027561e-10
4.3201988502824545e-10
3.762538921846024e-10
3.1805753608676154e-10
2.592289060656855e-10
2.021418649835122e-10
1.4941520295999867e-10
1.0357663547301634e-10
6.650447224833063e-11
3.898177633467851e-11
2.0518598474289778e-11
9.513297179928579e-12
3.801400684465534e-12
1.2768296816798572e-12
3.5014527013986656e-13
7.587753356199629e-14
1.2526675884177983e-14
1.5081926643820135e-15
1.2561662293714547e-16
6.912258379289637e-18
2.3691354230437176e-19
4.431905290067491e-21
4.412286722831866e-23
2.6168119355421168e-25
4.728177368617372e-28
1.7744496109929993e-31
2.9056688110330984e-34
2.3389286440987131e-35
