2.3723355944113992e-14
3.5800597852549656e-14
5.4002534360940784e-14
8.141777968083521e-14
1.2267987924677936e-13
1.8473076192707281e-13
2.779545794733791e-13
4.178577739228573e-13
6.275468801035889e-13
9.413739371608688e-13
1.4102685311860558e-12
2.109494730748624e-12
3.149879174971019e-12
4.693889852609586e-12
6.978533295680829e-12
1.0347506414347244e-11
1.529573186935493e-11
2.2530255741799114e-11
3.305101808153086e-11
4.8256193006457156e-11
7.007319387545964e-11
1.0111274246167291e-10
1.448385114616227e-10
2.057174564966212e-10
2.8931462050748297e-10
4.0223361832365496e-10
5.517704286240506e-10
7.451516275396712e-10
9.880494399008718e-10
1.2824116235840693e-09
1.623470404482867e-09
1.9964481486354935e-09
2.374343105048533e-09
2.7178934156366975e-09
2.980939996086608e-09
3.1209696214636967e-09
3.1139488806258163e-09
2.9670222117042924e-09
2.7208254369301466e-09
2.4365601507922936e-09
2.1723200759020663e-09
1.961116256104636e-09
1.8054973351178158e-09
1.6878246744541567e-09
1.58769405608073e-09
1.4922805550298993e-09
1.397423704303452e-09
1.3037362332158326e-09
1.2130763090582363e-09
1.1269827862218275e-09
1.046270179377566e-09
9.711219098161981e-10
9.013317146349582e-10
8.364459447759483e-10
7.75971525138978e-10
7.194329730382415e-10
6.664342345589824e-10
6.166503373619688e-10
5.698185762164218e-10
5.257120768288096e-10
4.841269603781597e-10
4.4486602845201015e-10
4.077437902663299e-10
3.7257608008585285e-10
3.391932227028122e-10
3.074387220345586e-10
2.771708326131389e-10
2.4827733771382735e-10
2.2066482489025503e-10
1.9427888579528993e-10
1.691029593762264e-10
1.4516084991645644e-10
1.225367385114328e-10
1.0135598295065751e-10
8.180120538108796e-11
6.408912259779312e-11
4.8444929050761746e-11
3.507778466875194e-11
2.4118743428614156e-11
1.558909922891719e-11
9.35946147274477e-12
5.1468000778225445e-12
2.550897022546006e-12
1.1180017075888422e-12
4.2401939591309376e-13
1.3573705981460121e-13
3.561801972336591e-14
7.413950079914639e-15
1.180444818559194e-15
1.3752221566176214e-16
1.1097928896484772e-17
5.949772629616539e-19
2.0015637882851638e-20
3.6114221468310375e-22
3.487325754548158e-24
2.197553176955493e-26
3.6796579250079597e-29
1.0352041273898588e-32
5.926170427977707e-35
3.9247422076577797e-35

