6.666545466406076e-15
1.0056287470157267e-14
1.516217125779149e-14
2.2847622604401538e-14
3.4406584459902934e-14
5.177534112565705e-14
7.784650442998107e-14
1.1693328279565436e-13
1.7545258386399593e-13
2.629274834324535e-13
3.9344940506019143e-13
5.877989196341878e-13
8.765056388007449e-13
1.304214959561821e-12
1.9358840404293333e-12
2.865448884814955e-12
4.22778429930934e-12
6.214992992935468e-12
9.097937566452929e-12
1.3254232526084583e-11
1.920299275575208e-11
2.7645751191262384e-11
3.951171704733078e-11
5.599895447563411e-11
7.860278135007641e-11
1.0910769559742364e-10
1.495118420293137e-10
2.018528530016153e-10
2.678647025684794e-10
3.484720737974978e-10
4.4308984894725067e-10
5.488484428040322e-10
6.600360511881203e-10
7.680360634289505e-10
8.624269454857833e-10
9.332535213172146e-10
9.742895548996387e-10
9.858386669471142e-10
9.754658821011128e-10
9.553196263892975e-10
9.372538741207616e-10
9.280718117275638e-10
9.283693368734968e-10
9.34521448398336e-10
9.423723097531119e-10
9.493585755535382e-10
9.547493722768396e-10
9.588461163543867e-10
9.621825753006451e-10
9.65227138231364e-10
9.682522498447253e-10
9.713763332722831e-10
9.746090935776749e-10
9.7789170950792e-10
9.811435758127803e-10
9.84277704036935e-10
9.872096768039232e-10
9.898540063661124e-10
9.921118439934317e-10
9.938602174752473e-10
9.949386810433752e-10
9.951297117687636e-10
9.941579578898906e-10
9.91654361890495e-10
9.871572692392734e-10
9.800856931411999e-10
9.697053118572977e-10
9.551556565622321e-10
9.353824497585068e-10
9.092155932952822e-10
8.753912343145111e-10
8.326252925840531e-10
7.798818292130339e-10
7.164793482042741e-10
6.425497503520803e-10
5.593016200624734e-10
4.69278446550236e-10
3.765309365498041e-10
2.861711184664035e-10
2.037858103183927e-10
1.3426243710266528e-10
8.064896521796031e-11
4.3441730466325666e-11
2.058119992688016e-11
8.390789265739012e-12
2.8710807875608886e-12
8.008965284444633e-13
1.7629918862909863e-13
2.9520610063137455e-14
3.600632091765645e-15
3.0370604314397845e-16
1.6886497011021946e-17
5.830195933433267e-19
1.1073734269780263e-20
1.1167858358046691e-22
6.444842742979137e-25
1.2039900209651505e-27
5.196158143779725e-31
6.046291775681176e-34
2.001742953551608e-35

