4.501731747734949e-15
6.789451803200295e-15
1.0234506343218204e-14
1.5418576387649382e-14
2.3212980276546133e-14
3.4920921926315926e-14
5.24881805768984e-14
7.881437860770628e-14
1.1821054215099096e-13
1.7706992085679643e-13
2.648453857043541e-13
3.95465493250006e-13
5.893751290139169e-13
8.764440919418219e-13
1.300088748837344e-12
1.923029956640968e-12
2.8352285972444257e-12
4.164679685295177e-12
6.091666923826514e-12
8.867278105119747e-12
1.2836385323024962e-11
1.846473446817231e-11
2.636898579652214e-11
3.7344351117163447e-11
5.2384302502689503e-11
7.267728844297083e-11
9.956090682617118e-11
1.3441361945395101e-10
1.7843994408157803e-10
2.3235259589029404e-10
2.9593097282537596e-10
3.675320992702992e-10
4.4373065973670466e-10
5.192691629425502e-10
5.877203334866813e-10
6.42881896460139e-10
6.807918482061252e-10
7.014603154393582e-10
7.093602864982462e-10
7.117992090903828e-10
7.159606993645501e-10
7.259755469890339e-10
7.422179993295835e-10
7.624834772656033e-10
7.842553131660828e-10
8.059889961866857e-10
8.272638288411555e-10
8.482990634482036e-10
8.694532425040929e-10
8.910510773068818e-10
9.132934155254434e-10
9.3628858594903e-10
9.600774451633727e-10
9.846607952481737e-10
1.0100268029196701e-09
1.0361610930658587e-09
1.0630494784911158e-09
1.0906737532587391e-09
1.1189982798349476e-09
1.1479576241558286e-09
1.1774389413254745e-09
1.2072534403593456e-09
1.2371239957337405e-09
1.2666266744824527e-09
1.2951664999892881e-09
1.3219133451821937e-09
1.3457099784993194e-09
1.3650578202013184e-09
1.377948118457201e-09
1.3818992490124383e-09
1.3739099657107545e-09
1.3505000814065677e-09
1.3081231889652144e-09
1.2433803472236086e-09
1.153976038136519e-09
1.039493674787027e-09
9.023327295714067e-10
7.485949870597687e-10
5.877767137767889e-10
4.319381591239673e-10
2.9328529809941485e-10
1.812908968434904e-10
1.0032836262905116e-10
4.875226644700152e-11
2.035100096159381e-11
7.117628061289245e-12
2.0260733750173264e-12
4.5439656175497845e-13
7.738846531299881e-14
9.587638283451108e-15
8.211215956591998e-16
4.623941894947168e-17
1.61119288880097e-18
3.116483847912074e-20
3.1923999237068988e-22
1.7876710830513946e-24
3.472152636108995e-27
1.7593674731495377e-30
1.4142902603091482e-33
1.7176991833564004e-35

