3.4926371430370258e-15
5.266807150391872e-15
7.938005739498096e-15
1.1956744039998804e-14
1.799763413232974e-14
2.706930727893103e-14
4.0677129100952546e-14
6.106344815417492e-14
9.156053252222393e-14
1.3710765017462572e-13
2.0500391421731856e-13
3.059981808911948e-13
4.558583884304666e-13
6.776065342851443e-13
1.0046830615978758e-12
1.4853637028245223e-12
2.1888418170946188e-12
3.213495011959769e-12
4.6977956420193376e-12
6.83447572061167e-12
9.888107710650688e-12
1.4215847805538418e-11
2.0290484629948236e-11
2.8721809916844464e-11
4.027220433130372e-11
5.585522533081528e-11
7.650271630005999e-11
1.0328555545247304e-10
1.3715556222444101e-10
1.7871080449533534e-10
2.2786896053045322e-10
2.8350510799462413e-10
3.4318137613054075e-10
4.0310544125074245e-10
4.5860642665168166e-10
5.051505803167794e-10
5.398137193272231e-10
5.625476466056377e-10
5.76555778684522e-10
5.871144995306507e-10
5.994352113143466e-10
6.165275030109926e-10
6.386907760343462e-10
6.643523884671983e-10
6.917207961806314e-10
7.197114728714638e-10
7.480602518560117e-10
7.76974628456409e-10
8.067651326645839e-10
8.377244236504672e-10
8.700575464406674e-10
9.039081841840588e-10
9.393759775689127e-10
9.765388745545393e-10
1.0154729233309705e-09
1.0562609930465596e-09
1.0989941479304355e-09
1.1437681351713417e-09
1.1906712152866488e-09
1.2397715286472858e-09
1.2910982850949394e-09
1.3446081015539692e-09
1.4001645096476032e-09
1.4574626099585044e-09
1.5159815743679679e-09
1.5748846985988076e-09
1.6328665579255155e-09
1.6880822491102243e-09
1.737857314231878e-09
1.7786392305912425e-09
1.805822654663553e-09
1.8136786109090333e-09
1.7958166347308027e-09
1.7454304216844353e-09
1.6567115512170433e-09
1.5261919893663166e-09
1.354545472019551e-09
1.148505033486782e-09
9.210880594537594e-10
6.908595696136601e-10
4.783655584184083e-10
3.012505769126688e-10
1.696718181866577e-10
8.382105484276379e-11
3.55343505215982e-11
1.2607677723312096e-11
3.637039474456856e-12
8.258464692592565e-13
1.4225051634539994e-13
1.7809143299655124e-14
1.5409967966210867e-15
8.753389818245015e-17
3.0698254727571854e-18
6.01075760321747e-20
6.22265133689128e-22
3.420904800909917e-24
6.815507923233925e-27
3.827274681054237e-30
2.442193250762264e-33
1.5768130585014358e-35

