 2.5793001350468082e-14
3.892971758116595e-14
5.873269275120446e-14
8.856676691849044e-14
1.334821442644775e-13
2.0104888410269387e-13
3.025974263535757e-13
4.550587099300582e-13
6.836815211882479e-13
1.026035954699492e-12
1.537878986795555e-12
2.3017037974432796e-12
3.4391412744972343e-12
5.128764259794003e-12
7.631511617088253e-12
1.1326504473140878e-11
1.6760833527656333e-11
2.4717910515215786e-11
3.630852340256361e-11
5.3090131808572686e-11
7.721596157712526e-11
1.1161100108158579e-10
1.6016649620670698e-10
2.2791119803520028e-10
3.2111545415270364e-10
4.4720712138708324e-10
6.143308515057122e-10
8.303912946212215e-10
1.101174759687644e-09
1.4276039916186178e-09
1.8019494745262464e-09
2.203655184269914e-09
2.5967553356973803e-09
2.9301937502763827e-09
3.145713788951551e-09
3.1927414087447904e-09
3.0486579721372423e-09
2.7359959893010884e-09
2.323052655427662e-09
1.903813307886197e-09
1.5616346979827918e-09
1.3380137025882491e-09
1.2260411216893157e-09
1.1882726479318014e-09
1.1839111918023133e-09
1.1852315015974211e-09
1.1793277830198978e-09
1.162326051935532e-09
1.1342758727967346e-09
1.0965900926699302e-09
1.051273352288884e-09
1.0006051483397224e-09
9.468975717024432e-10
8.923384452807959e-10
8.387743809613451e-10
7.876382696000003e-10
7.398345995925207e-10
6.958229178042333e-10
6.555815827314857e-10
6.188042875247051e-10
5.849487787482702e-10
5.533953229860725e-10
5.235340738534577e-10
4.948402083875503e-10
4.669125482009151e-10
4.3948380450380414e-10
4.1240798802019027e-10
3.8562798796659963e-10
3.5915057872059814e-10
3.3301047317871654e-10
3.072549864056394e-10
2.8192339058242376e-10
2.570551286187376e-10
2.3267835814984944e-10
2.0883195201412225e-10
1.855681632918104e-10
1.6296129451063962e-10
1.411266654413414e-10
1.2020916185714062e-10
1.0039824076423766e-10
8.19146098957486e-11
6.499456178070857e-11
4.9883282969808594e-11
3.678961319501676e-11
2.5869104705754887e-11
1.7179777340749434e-11
1.0653159711849462e-11
6.08706687353869e-12
3.15428245103145e-12
1.4555577915291451e-12
5.855870365249217e-13
2.0042662369081788e-13
5.677179658733095e-14
1.288642999925214e-14
2.2613190954885057e-15
2.945627205425983e-16
2.7111956500145633e-17
1.6704439025201123e-18
6.546137554963685e-20
1.5051855391062791e-21

