7.043363015968649e-15
1.062673663255524e-14
1.602576852792303e-14
2.415503614918246e-14
3.6385922526935506e-14
5.477194012089001e-14
8.23831311709038e-14
1.2380119338213704e-13
1.8584916351451302e-13
2.7866414229750645e-13
4.172652292474383e-13
6.238330931900624e-13
9.310076924399706e-13
1.3866091180253619e-12
2.0603587095680284e-12
3.0533180047476627e-12
4.5109698116949315e-12
6.641120119626247e-12
9.737684469447819e-12
1.42117757161244e-11
2.063050861845628e-11
2.9762861920270594e-11
4.26305556808408e-11
6.055381804651189e-11
8.518140676631508e-11
1.1847559519150196e-10
1.626118608728549e-10
2.1975444944151444e-10
2.916120107969589e-10
3.7878456004314854e-10
4.798589844015053e-10
5.904096897764388e-10
7.02353677940599e-10
8.039876436726676e-10
8.817620238842409e-10
9.236970751165489e-10
9.240734883566716e-10
8.874238790550141e-10
8.287995245023863e-10
7.692212169484983e-10
7.274390991589068e-10
7.127250498237616e-10
7.233422745890553e-10
7.505172469240638e-10
7.846739333194509e-10
8.191916543144943e-10
8.508874943724042e-10
8.787244894646237e-10
9.026915247430463e-10
9.231960745979954e-10
9.408912037145532e-10
9.565500866317881e-10
9.710037266906805e-10
9.850290187641899e-10
9.993038134533848e-10
1.0143362302747817e-09
1.0304311157334284e-09
1.0477167524772717e-09
1.0661184822837841e-09
1.0854422902513508e-09
1.105381848340976e-09
1.1255843918398363e-09
1.1456679319251282e-09
1.1652526740279783e-09
1.183952144006239e-09
1.2013725634960824e-09
1.2170768044326044e-09
1.2305720133728336e-09
1.2412564953587144e-09
1.2484140308809569e-09
1.2511842302030183e-09
1.2485436505754621e-09
1.2393515058405702e-09
1.222319077522646e-09
1.1961170172151422e-09
1.1594263747865265e-09
1.111030886399847e-09
1.050047392823264e-09
9.759990477962261e-10
8.891560357507134e-10
7.907206345731988e-10
6.830036982566521e-10
5.696844578171281e-10
4.555442064587085e-10
3.4629025318271154e-10
2.477386265793512e-10
1.6481727307606226e-10
1.005808589543229e-10
5.539864321447622e-11
2.7036834527201805e-11
1.1446578842348343e-11
4.102939804758353e-12
1.211515610418194e-12
2.853986093787213e-13
5.177452403831866e-14
6.952359636784556e-15
6.566229948983152e-16
4.1301374850209464e-17
1.6641352194421403e-18
3.916659744887785e-20
