6.141139590457848e-14
9.270052298980138e-14
1.3987559804786965e-13
2.1096096706020453e-13
3.180042215705094e-13
4.790710645989918e-13
7.212126941410188e-13
1.0848705133333739e-12
1.6303858521745378e-12
2.4475988658498185e-12
3.66992561323034e-12
5.494897088503413e-12
8.213986142357257e-12
1.2255480259450231e-11
1.824578048239482e-11
2.7095873480330428e-11
4.0121695961854536e-11
5.920961504909622e-11
8.703715016235643e-11
1.2736250093823732e-10
1.8538669444864228e-10
2.681810292919865e-10
3.8515897852463776e-10
5.484884398647934e-10
7.733347445695414e-10
1.0776319830320947e-09
1.4809592864389076e-09
2.0021242142824824e-09
2.6544288482900427e-09
3.4387631429912933e-09
4.334083927185556e-09
5.286936501983059e-09
6.205092933635189e-09
6.958547648052841e-09
7.399878762381781e-09
7.40234027568565e-09
6.911545543786793e-09
5.98923999174672e-09
4.814185609591762e-09
3.630417355024517e-09
2.653716899357022e-09
1.9918303177743696e-09
1.6278420572015691e-09
1.466623672040147e-09
1.4044681167804481e-09
1.3712278850914517e-09
1.334363938203931e-09
1.2839621301720678e-09
1.219394321321401e-09
1.142907247781722e-09
1.057688739671754e-09
9.672925948679474e-10
8.752387797629984e-10
7.848218476619603e-10
6.987689838092585e-10
6.191518082160093e-10
5.472540558860943e-10
4.836338421979696e-10
4.2816749574790857e-10
3.802529325465656e-10
3.3895592896085136e-10
3.031921009059492e-10
2.7190315492407465e-10
2.441296307990592e-10
2.191080607631629e-10
1.962660365207303e-10
1.7522424873661536e-10
1.5574553053355768e-10
1.377062138854539e-10
1.2104032474666126e-10
1.0571512211497655e-10
9.170115329437875e-11
7.896362375356435e-11
6.745338326330792e-11
5.711134176326176e-11
4.787071630220832e-11
3.9661209274607e-11
3.2416779005028616e-11
2.60739562578762e-11
2.057721464725224e-11
1.5875999227576617e-11
1.1922262100142157e-11
8.669402365101704e-12
6.065380422768587e-12
4.052065382926252e-12
2.5614128354652776e-12
1.5151758155250534e-12
8.279805245630886e-13
4.114981317369527e-13
1.8267580310053454e-13
7.092939285351997e-14
2.3504237456566592e-14
6.4656189608835405e-15
1.4301230300738627e-15
2.4521584978907987e-16
3.12351380262925e-17
2.826109270880626e-18
1.7239734417716237e-19
6.561337368646444e-21
1.474248657068142e-22

