.2709814342881698e-13
1.918657187790811e-13
2.8952466872020315e-13
4.3669481889496647e-13
6.583328326823402e-13
9.918686958679636e-13
1.4933606873017822e-12
2.246634789061635e-12
3.3767971376265965e-12
5.070167163789421e-12
7.603524167907087e-12
1.1386801332685146e-11
1.702512130198598e-11
2.5408020229491018e-11
3.783710183570526e-11
5.620624059046553e-11
8.325259087447627e-11
1.2290194056574746e-10
1.8072966297540215e-10
2.645657625908414e-10
3.8525204792893405e-10
5.57535860121104e-10
8.010564022863831e-10
1.1412031886225175e-09
1.609614434258127e-09
2.2436740575539573e-09
3.0841068461726467e-09
4.16982864253038e-09
5.527866669606474e-09
7.1586647989536765e-09
9.01583666502959e-09
1.0983894556664415e-08
1.2864864013145708e-08
1.4380618669698338e-08
1.5216781087786282e-08
1.510451564047424e-08
1.3931269759767754e-08
1.1834486681315442e-08
9.202700906315321e-09
6.563985795220575e-09
4.384423235835729e-09
2.896938118634473e-09
2.0657403328854967e-09
1.6869114210005953e-09
1.5380270852242456e-09
1.4687822114568726e-09
1.40921717015177e-09
1.3373355414997368e-09
1.2502113777954182e-09
1.1503690082993028e-09
1.041751121177313e-09
9.287264645272268e-10
8.155850995111855e-10
7.062861943933574e-10
6.040771492699702e-10
5.113571405795754e-10
4.2957905592023353e-10
3.5924802053056196e-10
3.000827003455252e-10
2.5116289692467967e-10
2.11191718870606e-10
1.7866415587429871e-10
1.5212200758537842e-10
1.3021535664913621e-10
1.118490010263222e-10
9.616301307957843e-11
8.254745144933208e-11
7.058409786039292e-11
6.001040312701436e-11
5.065789422562769e-11
4.241826291468408e-11
3.520923690555559e-11
2.895681660559738e-11
2.3585762879156512e-11
1.9016404667655924e-11
1.5166139718405546e-11
1.1951436498792436e-11
9.292434724857035e-12
7.113831320641041e-12
5.348017523583838e-12
3.934836442075918e-12
2.8213330177087367e-12
1.961380946969205e-12
1.3137095575429667e-12
8.414076782221396e-13
5.106941627180599e-13
2.9055057472581597e-13
1.5298911958395495e-13
7.341383534853948e-14
3.1537987750285967e-14
1.1878876487448637e-14
3.827803747875122e-15
1.0264169327297029e-15
2.2193326399011436e-16
3.728440187579891e-17
4.655923783329554e-18
4.1490348278075107e-19
2.5087217871458878e-20
9.303382727086859e-22
2.0479207621851204e-23

