2.661245092962298e-13
4.017507647403443e-13
6.062621741297547e-13
9.14472553637643e-13
1.3786636621569818e-12
2.077255520398572e-12
3.127709843331581e-12
4.705693811674513e-12
7.07341966797723e-12
1.0621460346967825e-11
1.593011952353339e-11
2.385904578162072e-11
3.567748660068317e-11
5.325169564823105e-11
7.931315915356168e-11
1.1783739268831547e-10
1.7457179185825332e-10
2.5776220030951685e-10
3.7912306569777134e-10
5.551113697043218e-10
8.085213461222142e-10
1.1703669015223713e-09
1.6819587388770593e-09
2.396708472854759e-09
3.3811670821238917e-09
4.713936106943587e-09
6.480536468127339e-09
8.762445321594381e-09
1.1615646403316966e-08
1.503937211880787e-08
1.8933046758485628e-08
2.3048938854431158e-08
2.69638722680303e-08
3.0084462897118775e-08
3.174122788641576e-08
3.136351409892879e-08
2.871604023473415e-08
2.4098965307144538e-08
1.8349206235683798e-08
1.260127506325132e-08
7.855346617305961e-09
4.611356680401738e-09
2.7931320908504817e-09
1.964616886221943e-09
1.6500168969344553e-09
1.5278212150525137e-09
1.4478275984375946e-09
1.3616015243308541e-09
1.2604254965823755e-09
1.1463263702527873e-09
1.0236605002664271e-09
8.972993027714582e-10
7.720173129302493e-10
6.52167025804678e-10
5.413036413920114e-10
4.419996254754538e-10
3.557750260481581e-10
2.830619347333601e-10
2.2343355333118975e-10
1.7572758048280343e-10
1.3836781697418375e-10
1.0954998818162496e-10
8.751547532738893e-11
7.063996196566013e-11
5.758781294059699e-11
4.72984418913392e-11
3.900087958604823e-11
3.2157261526065684e-11
2.6416705568210447e-11
2.1554143507359785e-11
1.7427546459202186e-11
1.3940996754929196e-11
1.1021117591862855e-11
8.604753834527201e-12
6.631488204679609e-12
5.042619504626657e-12
3.781122739968982e-12
2.793529812484907e-12
2.030879581950078e-12
1.4500959165078584e-12
1.0142221132877178e-12
6.922996488079547e-13
4.590475143896948e-13
2.938868549296951e-13
1.8032475571056227e-13
1.0509057681347344e-13
5.753752822944282e-14
2.9219306343341775e-14
1.3552190023315614e-14
5.639435695235663e-15
2.0621485739832487e-15
6.465317763608063e-16
1.690457347438584e-16
3.573175137235017e-17
5.880641396319151e-18
7.198082468748586e-19
6.314668046866321e-20
3.781274667863614e-21
1.3671930571088402e-22
2.949382714259687e-24
