4.0078277882555656e-14
6.049503720891233e-14
9.127543917615266e-14
1.3765279683331055e-13
2.0748318476204127e-13
3.125451223859548e-13
4.704723423704726e-13
7.0762188769698e-13
1.0633114271610657e-12
1.5960651061892546e-12
2.392769499845388e-12
3.5820266003929567e-12
5.353535746037395e-12
7.985938334749971e-12
1.1886607942903954e-11
1.7647747588370523e-11
2.612442816922935e-11
3.854181078568988e-11
5.663808349912576e-11
8.285185494558976e-11
1.205564613529311e-10
1.743365251648974e-10
2.502933963635813e-10
3.563128692955607e-10
5.022250875174425e-10
6.996633322161537e-10
9.613517805193926e-10
1.2995677908407867e-09
1.723127114741988e-09
2.2329822496206444e-09
2.816151794387522e-09
3.439036245571322e-09
4.043325577601252e-09
4.546579845962653e-09
4.855061893391055e-09
4.887830352773813e-09
4.609486027377778e-09
4.057924720536606e-09
3.345089615280009e-09
2.6243471078316305e-09
2.0314971376480554e-09
1.6342717077139716e-09
1.421783784464763e-09
1.3337049580758274e-09
1.3042885959158239e-09
1.288991368810635e-09
1.2671513951109957e-09
1.2325592870453422e-09
1.1850919508331939e-09
1.1266184680008562e-09
1.0597597860253955e-09
9.874620793191532e-10
9.126719666508326e-10
8.381663107760714e-10
7.662639050215071e-10
6.987509612144852e-10
6.367479267483699e-10
5.80793123561758e-10
5.308338234063803e-10
4.864393957566052e-10
4.4688967100634713e-10
4.113525956621311e-10
3.7901251190080623e-10
3.4914751359228865e-10
3.211953124872904e-10
2.947569735974903e-10
2.695910766017182e-10
2.455705855225321e-10
2.2265690415078583e-10
2.0085181063100533e-10
1.8017791357911767e-10
1.6065237464058738e-10
1.4228544727932687e-10
1.250702874122919e-10
1.0899412851947599e-10
9.404002044878045e-11
8.019229567041041e-11
6.744728336838601e-11
5.58075685737949e-11
4.528955417240482e-11
3.591625211495528e-11
2.7710201827744407e-11
2.0690440757717336e-11
1.4854920327717865e-11
1.0176651712301384e-11
6.590939786009017e-12
3.990465664276032e-12
2.229229743479655e-12
1.1310850965321598e-12
5.118765959163159e-13
2.0229753121770597e-13
6.812736814896405e-14
1.9017048690162588e-14
4.261170962069678e-15
7.391585690038847e-16
9.521622340386015e-17
8.689107014107169e-18
5.326577055868362e-19
2.0575001471598818e-20
4.677238304380398e-22

