1.5920459820895268e-14
2.4026418637676054e-14
3.6243968666526865e-14
5.464720670927463e-14
8.234822678316288e-14
1.2401048548537145e-13
1.866115638601672e-13
2.8057396819504214e-13
4.21433961499783e-13
6.322986003671073e-13
9.474429104461234e-13
1.4175487457947624e-12
2.117297634066329e-12
3.1562614506388352e-12
4.694439102095645e-12
6.964121687963403e-12
1.0300256435401242e-11
1.5182088723013593e-11
2.228858670504604e-11
3.257099394954536e-11
4.734345915295953e-11
6.839004470682163e-11
9.808310184104037e-11
1.3948817243621967e-10
1.96429303903934e-10
2.7344284674944057e-10
3.7552003081289633e-10
5.075433942774327e-10
6.731779914566807e-10
8.732483631934398e-10
1.1034963114062964e-09
1.3521083223876568e-09
1.5981638306678517e-09
1.8117912758874411e-09
1.9587460232592224e-09
2.0091019249406723e-09
1.949123427098155e-09
1.791346446594433e-09
1.5750469137238624e-09
1.3545701764436854e-09
1.178209820911407e-09
1.0699389285407603e-09
1.0255646095596938e-09
1.0230517416508043e-09
1.0383907349938913e-09
1.0551768562877308e-09
1.0657015946139008e-09
1.0676013789657778e-09
1.06092127835188e-09
1.0465979259014203e-09
1.026010506228121e-09
1.0007518715606023e-09
9.72469476970263e-10
9.427211275176042e-10
9.128365584200035e-10
8.838418715839171e-10
8.563772832633699e-10
8.307624592544717e-10
8.069554789538233e-10
7.84710645200356e-10
7.636033458752979e-10
7.43156339893979e-10
7.2289384887059e-10
7.024062659371584e-10
6.813668609174818e-10
6.595447266932186e-10
6.367862749456673e-10
6.129956666213465e-10
5.881077741137898e-10
5.620688579647765e-10
5.348243455554478e-10
5.063062820140054e-10
4.764565229154691e-10
4.4521522976984975e-10
4.1256430202448024e-10
3.785383872142352e-10
3.4324607864460955e-10
3.0691757004373836e-10
2.6989252076240125e-10
2.326674102797236e-10
1.9588431226559754e-10
1.603098698058284e-10
1.268325161585908e-10
9.635112126240832e-11
6.971746927554788e-11
4.75864561060241e-11
3.0285678100802064e-11
1.7732418817087988e-11
9.399699926882138e-12
4.4290560507904566e-12
1.8161044190571983e-12
6.324085771096e-13
1.8194059603301599e-13
4.187137220810296e-14
7.438775326634548e-15
9.803395739442542e-16
9.107488433401433e-17
5.646760798660386e-18
2.242718516371217e-19
5.212791031122958e-21
