1.8668655958126796e-13
2.818249549533756e-13
4.252819968124424e-13
6.414755789543502e-13
9.670740517263257e-13
1.4570758957617333e-12
2.1938570459413442e-12
3.3006066556116867e-12
4.96119427639575e-12
7.449481469261074e-12
1.1172335807565844e-11
1.673243360083548e-11
2.501953162429067e-11
3.734176856724357e-11
5.5613561702268155e-11
8.262091616178175e-11
1.2239107045613367e-10
1.807012102082365e-10
2.6575762226791765e-10
3.8908736178847654e-10
5.666543114547807e-10
8.201765581207666e-10
1.178580118092483e-09
1.6792626246184448e-09
2.368823221324266e-09
3.302308815822581e-09
4.539641664735151e-09
6.137979749656752e-09
8.136767423965109e-09
1.0535946709500256e-08
1.3265940911913555e-08
1.6154643079139152e-08
1.8907645209864667e-08
2.111181238428213e-08
2.230067795494973e-08
2.2076113044650754e-08
2.0272934574746657e-08
1.7098160153236075e-08
1.3132214099103533e-08
9.162747832811862e-09
5.884476675261944e-09
3.6446353909622413e-09
2.3901579082518856e-09
1.8177578094339277e-09
1.59655735210779e-09
1.5029780764148336e-09
1.4327410717938687e-09
1.3525808302573043e-09
1.2571552523604998e-09
1.1488520425175701e-09
1.0318738391822104e-09
9.108882441840306e-10
7.904714810616728e-10
6.748177914968398e-10
5.673585275980761e-10
4.705979866731264e-10
3.8603365393423507e-10
3.1412999984993277e-10
2.545257393595209e-10
2.061601147778784e-10
1.6757743846073532e-10
1.3709726564399034e-10
1.1309006149855916e-10
9.404497615072922e-11
7.872829685397436e-11
6.616251562129372e-11
5.5643765139878604e-11
4.668298186496627e-11
3.8965023467093096e-11
3.228662190485085e-11
2.6517690581849987e-11
2.156554124257047e-11
1.7353719319979968e-11
1.3811129415719856e-11
1.0866261944488442e-11
8.447442645547081e-12
6.48370444977626e-12
4.907864272343936e-12
3.657590348907018e-12
2.6775242106973154e-12
1.9194084193047768e-12
1.341966616575028e-12
9.105572268284907e-13
5.958579645123492e-13
3.7324910447711374e-13
2.2179375483671225e-13
1.2366630779939744e-13
6.388197816239716e-14
3.010516131305598e-14
1.2715062409054229e-14
4.713954149189254e-15
1.4968845852154789e-15
3.960015919260666e-16
8.459242570000537e-17
1.4056152072020597e-17
1.7366073443255783e-18
1.5347153128979429e-19
9.232921340465679e-21
3.3773101791870067e-22
7.35371634070159e-24

