9.691811196028811e-15
1.4624310335470874e-14
2.2057238615077374e-14
3.3250913078020745e-14
5.009568729828637e-14
7.542308260800875e-14
1.1346776470872105e-13
1.705519353263856e-13
2.560945470955059e-13
3.8409591671069093e-13
5.753092003137631e-13
8.603997439193311e-13
1.2845191199935121e-12
1.913858426265505e-12
2.8449862350858114e-12
4.217974019186827e-12
6.234601532920056e-12
9.183293199881641e-12
1.3472274075366186e-11
1.967293064168852e-11
2.8573948934031574e-11
4.124526795107114e-11
5.91089343480069e-11
8.400242718054268e-11
1.182192902581387e-10
1.6448531807382255e-10
2.258127028995776e-10
3.0517690711051245e-10
4.0487878627599606e-10
5.256088358533113e-10
6.651526090833842e-10
8.169615415423232e-10
9.69241124274556e-10
1.1050189481583178e-09
1.2047261369604597e-09
1.2511384248826311e-09
1.2361466346865183e-09
1.1665128650161825e-09
1.0642082114850292e-09
9.598111964375111e-10
8.805542799567045e-10
8.399155738223685e-10
8.354167745881819e-10
8.544186643116933e-10
8.831393061354167e-10
9.120932827797014e-10
9.36758394302045e-10
9.556911736790722e-10
9.688877282785139e-10
9.769100059954058e-10
9.806335601695765e-10
9.810869172281638e-10
9.793587465343891e-10
9.764713169801922e-10
9.733062907108733e-10
9.705297723528391e-10
9.685424209242086e-10
9.675202900621337e-10
9.67381753706343e-10
9.678988956217132e-10
9.687097876429755e-10
9.694075822022851e-10
9.695701515188236e-10
9.688065613822406e-10
9.667576076815476e-10
9.631039802089585e-10
9.575397621165779e-10
9.49761538788581e-10
9.394312939493189e-10
9.261709357535733e-10
9.095464935698411e-10
8.890594380248478e-10
8.641879296095962e-10
8.343721733306252e-10
7.99095224967079e-10
7.579168788257204e-10
7.105301780802718e-10
6.568911511241766e-10
5.972365827732754e-10
5.322478879459403e-10
4.631015468664527e-10
3.9150052172002627e-10
3.1974662292879177e-10
2.5052006828539286e-10
1.8674188915197096e-10
1.3112950919231645e-10
8.572066678961979e-11
5.146220816333581e-11
2.7919104287849052e-11
1.3438045501703267e-11
5.617908662793147e-12
1.9908455572981806e-12
5.818520766772876e-13
1.358064242271392e-13
2.4433356888372103e-14
3.2570174457339577e-15
3.0557842270866506e-16
1.9102756999920696e-17
7.660613289770763e-19
1.7952611742380513e-20

