2.661245092949601e-13
4.017507647384275e-13
6.062621741268622e-13
9.144725536332799e-13
1.3786636621504043e-12
2.0772555203886614e-12
3.1277098433166583e-12
4.7056938116520624e-12
7.073419667943484e-12
1.062146034691715e-11
1.593011952345739e-11
2.3859045781506892e-11
3.567748660051295e-11
5.325169564797698e-11
7.931315915318327e-11
1.1783739268775327e-10
1.7457179185742043e-10
2.577622003082871e-10
3.7912306569596245e-10
5.551113697016733e-10
8.085213461183568e-10
1.1703669015167877e-09
1.6819587388690346e-09
2.3967084728433243e-09
3.38116708210776e-09
4.713936106921097e-09
6.48053646809642e-09
8.762445321552577e-09
1.1615646403261546e-08
1.503937211873612e-08
1.89330467583953e-08
2.3048938854321193e-08
2.696387226790165e-08
3.008446289697524e-08
3.1741227886264326e-08
3.1363514098779155e-08
2.8716040234597147e-08
2.4098965307029563e-08
1.8349206235596253e-08
1.26012750631912e-08
7.855346617268485e-09
4.611356680379737e-09
2.793132090837156e-09
1.9646168862125697e-09
1.6500168969265832e-09
1.5278212150452246e-09
1.447827598430687e-09
1.3616015243243578e-09
1.260425496576362e-09
1.1463263702473182e-09
1.0236605002615433e-09
8.972993027671772e-10
7.720173129265659e-10
6.521670258015665e-10
5.413036413894289e-10
4.4199962547334496e-10
3.5577502604646066e-10
2.830619347320096e-10
2.2343355333012378e-10
1.7572758048196503e-10
1.383678169735236e-10
1.0954998818110231e-10
8.751547532697139e-11
7.063996196532311e-11
5.7587812940322236e-11
4.7298441891113543e-11
3.900087958586215e-11
3.215726152591226e-11
2.641670556808441e-11
2.155414350725695e-11
1.742754645911904e-11
1.3940996754862684e-11
1.1021117591810272e-11
8.604753834486148e-12
6.63148820464797e-12
5.042619504602599e-12
3.781122739950942e-12
2.7935298124715794e-12
2.0308795819403887e-12
1.45009591650094e-12
1.014222113282879e-12
6.922996488046517e-13
4.590475143875047e-13
2.9388685492829294e-13
1.8032475570970195e-13
1.0509057681297206e-13
5.753752822916831e-14
2.921930634320237e-14
1.3552190023250956e-14
5.639435695208757e-15
2.06214857397341e-15
6.465317763577217e-16
1.690457347430519e-16
3.573175137217969e-17
5.880641396291094e-18
7.198082468714244e-19
6.314668046836195e-20
3.781274667845574e-21
1.3671930571023173e-22
2.9493827142456157e-24

