5.702305265131081e-15
8.602642909277607e-15
1.297202720621628e-14
1.9550086012572076e-14
2.9445633727809566e-14
4.431862140063766e-14
6.665006856908055e-14
1.0014157687133617e-13
1.5030385303570332e-13
2.2532151478350128e-13
3.373164951090203e-13
5.041839081526716e-13
7.522464078427768e-13
1.1200518439764689e-12
1.6637767910773622e-12
2.4648104953571945e-12
3.640259031556353e-12
5.357312029043494e-12
7.852323026395097e-12
1.1455736334739409e-11
1.6623197223632334e-11
2.3972335137806063e-11
3.4323610832362654e-11
4.87372354079274e-11
6.853776981829703e-11
9.530328609603411e-11
1.3078738707756562e-10
1.7674338940768746e-10
2.345753958696736e-10
3.048248068594282e-10
3.8645849287501746e-10
4.760818541757613e-10
5.674270101760368e-10
6.513765223893366e-10
7.173439042289273e-10
7.559432511721483e-10
7.62659899888833e-10
7.409759825826749e-10
7.025962951684454e-10
6.639009989012464e-10
6.395183918311751e-10
6.366858629329691e-10
6.540495857691581e-10
6.847499721540604e-10
7.212934852485891e-10
7.584880796928852e-10
7.938314000956365e-10
8.265077394575743e-10
8.565191308314284e-10
8.842101715136049e-10
9.101333824732882e-10
9.349438449606698e-10
9.593524681729401e-10
9.840247545534768e-10
1.009550425320248e-09
1.0363771876929194e-09
1.0647858815303648e-09
1.0949094647674683e-09
1.1267109630067e-09
1.1600507687668318e-09
1.1946909710885861e-09
1.2303470247680522e-09
1.2666978070616962e-09
1.3034061989289578e-09
1.3401037469809147e-09
1.3763815157820672e-09
1.4117446519447324e-09
1.4455942357833701e-09
1.4771568948373316e-09
1.5054712043707652e-09
1.529338900196005e-09
1.547286744891535e-09
1.5576046000473572e-09
1.5582875758353764e-09
1.5471529335457155e-09
1.5218935108874477e-09
1.4801917722118653e-09
1.4200403269552921e-09
1.339872276131296e-09
1.2390931008343025e-09
1.118436315999586e-09
9.803441880929742e-10
8.294939765718939e-10
6.725702224664132e-10
5.18120917000903e-10
3.753865798658511e-10
2.5272961041966903e-10
1.559494812586282e-10
8.677908031516796e-11
4.275106926902532e-11
1.825481823905115e-11
6.594081275413645e-12
1.960698977349457e-12
4.647979873994313e-13
8.479742765735286e-14
1.1443343331518525e-14
1.0857205973121076e-15
6.858953810877691e-17
2.771830560409714e-18
6.541642775203836e-20

