4.100660813525149e-15
6.185385975065543e-15
9.325376171431578e-15
1.4051482966160709e-14
2.1159238433754733e-14
3.1839109706533995e-14
4.7869618568542e-14
7.190297772160259e-14
1.0788555583684836e-13
1.6167525576910637e-13
2.419427007638735e-13
3.614796230049333e-13
5.39088831561953e-13
8.022856832868779e-13
1.1911381261089718e-12
1.7636509443857043e-12
2.6032162018196383e-12
3.828793636509316e-12
5.608421540846935e-12
8.176856525271002e-12
1.1857585957365782e-11
1.7088874865233214e-11
2.4452743998382007e-11
3.470137425109614e-11
4.877516003060613e-11
6.779648092541525e-11
9.30174289899443e-11
1.257002791674102e-10
1.6687921054644517e-10
2.1700878614968034e-10
2.754759014016708e-10
3.400597187016433e-10
4.065760826476268e-10
4.688880618204337e-10
5.198358236037008e-10
5.530475260815047e-10
5.654342999244798e-10
5.593170294334617e-10
5.425979980803978e-10
5.263631644724655e-10
5.205355025069805e-10
5.300432135897516e-10
5.54000998914316e-10
5.877829780270504e-10
6.263273785627285e-10
6.661264584239186e-10
7.05501722663558e-10
7.439315163010023e-10
7.81467999831827e-10
8.184158468675027e-10
8.552414001648741e-10
8.924943386649694e-10
9.307792458529537e-10
9.706720729454095e-10
1.0127063914142046e-09
1.0573163900782944e-09
1.1048229542364057e-09
1.1554439817944393e-09
1.2092790699476084e-09
1.266356060077191e-09
1.326632770165455e-09
1.390029813954646e-09
1.4564317496913874e-09
1.5256911334483373e-09
1.5976031193941928e-09
1.6718798168085718e-09
1.7480851036239227e-09
1.8255987871942387e-09
1.903505790991074e-09
1.9805523701619497e-09
2.0550428165555936e-09
2.124737399488478e-09
2.186844109960383e-09
2.2378648262191793e-09
2.273686483472274e-09
2.2895891978113176e-09
2.2803566410843673e-09
2.2407569251973838e-09
2.165781968998932e-09
2.0516398929362524e-09
1.896585996790356e-09
1.7019378400784402e-09
1.4734605942440974e-09
1.2215051763579476e-09
9.612007914394721e-10
7.105751601083655e-10
4.875336889407286e-10
3.0618194538384293e-10
1.7316861809181498e-10
8.659020825431082e-11
3.74793394890097e-11
1.3705844543252343e-11
4.120737058988354e-12
9.867059896503128e-13
1.816500074738203e-13
2.4708941489139873e-14
2.3616451459373085e-15
1.5025935419990174e-16
6.100483849271549e-18
1.446027269968619e-19

