2.734643465675014e-15
4.123961903655392e-15
6.215902926429093e-15
9.363500437279477e-15
1.4095536536343914e-14
2.1202856912036115e-14
3.186623794840619e-14
4.784534016357209e-14
7.175658420287993e-14
1.0748074548181272e-13
1.607572694943636e-13
2.400461505593354e-13
3.5777142018665557e-13
5.320963969056706e-13
7.894439658932526e-13
1.1680259286881919e-12
1.7227209925021131e-12
2.531732289835519e-12
3.705415493399845e-12
5.397796647683393e-12
7.820944826094869e-12
1.1261999899811449e-11
1.610216764964255e-11
2.2834218583845485e-11
3.20748572998422e-11
4.456192610046656e-11
6.112279793264961e-11
8.260053868491344e-11
1.0970569342080551e-10
1.4279684611164724e-10
1.8157527263253376e-10
2.2474664779818445e-10
2.6979498907325595e-10
3.1298522234457415e-10
3.499328080328776e-10
3.7672316386242555e-10
3.9145737499582786e-10
3.9557180826742095e-10
3.9395796688097954e-10
3.934873656366645e-10
4.0033491341015015e-10
4.1760607544762073e-10
4.448278322968907e-10
4.792149026604004e-10
5.177128493463385e-10
5.582274646435079e-10
5.998041644414842e-10
6.422200968285594e-10
6.856285635890111e-10
7.303638697899633e-10
7.768861251838855e-10
8.257299488304314e-10
8.774915693528617e-10
9.3276770160769e-10
9.921555080345523e-10
1.0562102860016842e-09
1.1254429569539723e-09
1.2003266552674314e-09
1.2812915718015743e-09
1.3687562995990705e-09
1.4631319354738392e-09
1.564841566117336e-09
1.6743181014107264e-09
1.7919954222314809e-09
1.918275946350815e-09
2.0534871187461936e-09
2.197789862383202e-09
2.3511118072168877e-09
2.5129670038423707e-09
2.682341290512748e-09
2.8574685058845724e-09
3.035564571554211e-09
3.212660327703351e-09
3.383162730438378e-09
3.5397482465649445e-09
3.6730978560132753e-09
3.7717799111733414e-09
3.822823118968586e-09
3.811982985089052e-09
3.7255926063949e-09
3.552482408681102e-09
3.2867197439971233e-09
2.931531507735219e-09
2.5012218160650146e-09
2.0231663424015733e-09
1.535181057535851e-09
1.0794254901766498e-09
6.935343752514862e-10
4.0059161523993735e-10
2.0421699495632424e-10
8.996547004932366e-11
3.3430848023503497e-11
1.0197908955246559e-11
2.474291455479011e-12
4.609828369542828e-13
6.336866862879675e-14
6.116328535986966e-15
3.9287165158533556e-16
1.6050897198635658e-17
3.8272078790083103e-19
