1.531631927422625e-15
2.3088715206111243e-15
3.478590906232498e-15
5.2376057905292526e-15
7.880465489444631e-15
1.184730010932453e-14
1.7794609336340735e-14
2.6699724355046753e-14
4.001420413936202e-14
5.988849220945566e-14
8.949895408731189e-14
1.3352134990757935e-13
1.988127354199985e-13
2.953832531646118e-13
4.3777325853003584e-13
6.469784139551963e-13
9.531060520872856e-13
1.398994797530131e-12
2.0450092808279204e-12
2.9752905791453828e-12
4.3055581241504635e-12
6.192373399388499e-12
8.843521051372789e-12
1.252773514369639e-11
1.7581913123581696e-11
2.441066456009932e-11
3.3471236013184934e-11
4.5236873176620213e-11
6.012232531693433e-11
7.837286259495793e-11
9.990927232087952e-11
1.24155857832321e-10
1.4992327671692614e-10
1.7540761108816873e-10
1.9847214199684684e-10
2.172082545131606e-10
2.3071170897184137e-10
2.397471405563906e-10
2.4681752377965664e-10
2.5543134102389273e-10
2.6876997344732986e-10
2.884980734544562e-10
3.1450784437638254e-10
3.4554361112737964e-10
3.8022645828621623e-10
4.176706551205461e-10
4.575813723727284e-10
5.000588861401432e-10
5.454256120508754e-10
5.941356273397251e-10
6.467508645566372e-10
7.039192857598911e-10
7.663774431391975e-10
8.349207133405388e-10
9.104178855143384e-10
9.937952018581865e-10
1.0860523454569935e-09
1.1882792149769916e-09
1.3016754022572313e-09
1.4275858239216331e-09
1.5675296269546139e-09
1.7232342625219341e-09
1.8966615675899486e-09
2.0900237708530857e-09
2.30578369874041e-09
2.546636378132106e-09
2.8154292828086105e-09
3.1150947897835586e-09
3.4484015107586976e-09
3.81773326298268e-09
4.224636385082723e-09
4.669150221275853e-09
5.149144830456817e-09
5.658930153620509e-09
6.188170607104184e-09
6.720171137188056e-09
7.230094097708427e-09
7.684393573298877e-09
8.039625335925409e-09
8.245256477204184e-09
8.247863998024663e-09
7.99936078455296e-09
7.47065032956826e-09
6.663416588047493e-09
5.623549287005875e-09
4.442233887021547e-09
3.2436957084045092e-09
2.1587913589962693e-09
1.2882919903709854e-09
6.768019507298017e-10
3.065013911385306e-10
1.168048261880667e-10
3.645942149023025e-11
9.034584395660053e-12
1.7159781939095508e-12
2.3997016467651927e-13
2.353696773747558e-14
1.5356730276463428e-15
6.342815807335441e-17
1.5280230162875112e-18
