2.0851494915252946e-15
3.1439516915805765e-15
4.737860010285414e-15
7.135501505444809e-15
1.073907946598495e-14
1.61498813277765e-14
2.4265263892550652e-14
3.642187994290862e-14
5.460616462285247e-14
8.176285990652575e-14
1.2224453302891507e-13
1.8246295793310984e-13
2.7182812760773297e-13
4.040877121077444e-13
5.99227030553505e-13
8.86127507635931e-13
1.3062381202047118e-12
1.9185823687647637e-12
2.806394268527489e-12
4.085772579781319e-12
5.916481028227303e-12
8.514756191280084e-12
1.2167624396572928e-11
1.7246194036931868e-11
2.4215266733986718e-11
3.363191598420388e-11
4.612307055103446e-11
6.233224161597214e-11
8.281199018427528e-11
1.0786427802476211e-10
1.3731794890263965e-10
1.7028200977163142e-10
2.0497921380259983e-10
2.3874625026782167e-10
2.684435072374227e-10
2.9126526824604596e-10
3.0585980193209834e-10
3.132867336766723e-10
3.1711025768425315e-10
3.223354075530107e-10
3.3347624441503523e-10
3.528373554700956e-10
3.8014455234752177e-10
4.1345429284279827e-10
4.5063279472576793e-10
4.902457956060488e-10
5.3169327153769e-10
5.749191803502855e-10
6.201569648621984e-10
6.677919037168123e-10
7.183226673608146e-10
7.723250009395805e-10
8.304466852683844e-10
8.933613346769571e-10
9.617754922154748e-10
1.036397988215839e-09
1.1179454385107947e-09
1.2071512844804947e-09
1.3047702879792864e-09
1.4116077349808927e-09
1.5285312422346543e-09
1.6564910508737805e-09
1.7965246837879221e-09
1.949750873115969e-09
2.1173429507547487e-09
2.300485022931966e-09
2.500272713807032e-09
2.7176322356337833e-09
2.9530942789889477e-09
3.2066205168516043e-09
3.477270773340383e-09
3.762765892197873e-09
4.0591261310524584e-09
4.359878344519558e-09
4.655621884981438e-09
4.933299457801879e-09
5.175590820565863e-09
5.361264958225377e-09
5.465146784652148e-09
5.4605966994914135e-09
5.3224830079224056e-09
5.031988297446405e-09
4.583901150563662e-09
3.9915656816158745e-09
3.292200687103986e-09
2.544669667533444e-09
1.8205084270828897e-09
1.1887216882639802e-09
6.969492196465866e-10
3.6021158688136737e-10
1.60696477107379e-10
6.040315048833918e-11
1.861871391956799e-11
4.560659607260905e-12
8.570968301916609e-13
1.1873050655556473e-13
1.1542506566064698e-14
7.466126082100519e-16
3.064905126967082e-17
7.340983010877127e-19

