1.253906340363251e-15
1.889933683880343e-15
2.8469512453433233e-15
4.2858084966641324e-15
6.447155648631047e-15
9.690466832698088e-15
1.4551747644057575e-14
2.1828651852190384e-14
3.270540646010287e-14
4.893567274814113e-14
7.310859152774541e-14
1.0903373228251926e-13
1.6229516912218123e-13
2.4104063959995613e-13
3.5709918610940135e-13
5.275426093999369e-13
7.768389192490949e-13
1.1397851852749609e-12
1.6653913294560537e-12
2.4219419781545817e-12
3.503315892137638e-12
5.0364958771846755e-12
7.1899988037005435e-12
1.0181820597247802e-11
1.4285424002522277e-11
1.9829677047046762e-11
2.7187228410381118e-11
3.67457950020632e-11
4.884947541906923e-11
6.371111078897783e-11
8.12897140275766e-11
1.0115439425568468e-10
1.2239113387506326e-10
1.436016514098971e-10
1.6312465548999724e-10
1.7947810148125414e-10
1.919715570083733e-10
2.0123096145793015e-10
2.0925584278054546e-10
2.1884362868151275e-10
2.3254169574577708e-10
2.517100141586639e-10
2.7631988159597516e-10
3.0544415295885236e-10
3.380656853900032e-10
3.7356391486142943e-10
4.1179460743372074e-10
4.529388548977065e-10
4.973690732636232e-10
5.455813203622292e-10
5.981791341860554e-10
6.558597766990593e-10
7.194211966711259e-10
7.897423631786957e-10
8.678026219092729e-10
9.546757278820504e-10
1.051553514745464e-09
1.1597702063745992e-09
1.2808340368116549e-09
1.4164720824531304e-09
1.568675607556785e-09
1.7397514741780976e-09
1.9323717940430855e-09
2.1496185856206465e-09
2.395017963325022e-09
2.6725610704862314e-09
2.986664817309639e-09
3.342145642924251e-09
3.743995463480298e-09
4.1971675407242025e-09
4.706081602753761e-09
5.2738155997125495e-09
5.9012331562967065e-09
6.5851033855203214e-09
7.316411421316801e-09
8.077656438250861e-09
8.839771925337348e-09
9.560299384310705e-09
1.0180567850188467e-08
1.0628052072854852e-08
1.082097756793385e-08
1.0679262968187392e-08
1.0144176538883714e-08
9.197592080270495e-09
7.884931336755528e-09
6.3219208014728214e-09
4.68134755586767e-09
3.156692814178598e-09
1.906917791364821e-09
1.0131807386312587e-09
4.636526556154758e-10
1.7840079775119204e-10
5.6179972778452194e-11
1.4035492500792904e-11
2.6859802115960503e-12
3.7817599197066626e-13
3.732989607299645e-14
2.4507681989071256e-15
1.0168781868812178e-16
2.460293884851169e-18
