1.2539063402473597e-15
1.8899336837056675e-15
2.8469512450801964e-15
4.28580849626802e-15
6.447155648035174e-15
9.690466831802456e-15
1.4551747642712643e-14
2.182865185017289e-14
3.27054064570801e-14
4.8935672743618294e-14
7.31085915209884e-14
1.0903373227244191e-13
1.6229516910718124e-13
2.4104063957767814e-13
3.5709918607639677e-13
5.275426093511792e-13
7.768389191772963e-13
1.1397851851696173e-12
1.6653913293021314e-12
2.4219419779307357e-12
3.5033158918138468e-12
5.036495876719182e-12
7.189998803036013e-12
1.0181820596306755e-11
1.428542400120196e-11
1.9829677045214017e-11
2.718722840786836e-11
3.6745794998667e-11
4.8849475414554365e-11
6.371111078308939e-11
8.128971402006346e-11
1.0115439424633556e-10
1.2239113386375136e-10
1.4360165139662484e-10
1.6312465547492059e-10
1.7947810146466604e-10
1.9197155699063047e-10
2.0123096143933154e-10
2.0925584276120515e-10
2.188436286612863e-10
2.325416957242846e-10
2.517100141353998e-10
2.763198815704365e-10
3.0544415293062193e-10
3.3806568535875776e-10
3.735639148269031e-10
4.117946073956609e-10
4.5293885485584404e-10
4.973690732176543e-10
5.455813203118043e-10
5.981791341307691e-10
6.55859776638442e-10
7.194211966046341e-10
7.897423631057045e-10
8.67802621829067e-10
9.546757277938153e-10
1.0515535146482751e-09
1.1597702062674086e-09
1.280834036693275e-09
1.416472082322214e-09
1.5686756074118016e-09
1.7397514740173026e-09
1.9323717938644877e-09
2.14961858542197e-09
2.3950179631036643e-09
2.6725610702392224e-09
2.9866648170335993e-09
3.3421456426153558e-09
3.743995463134262e-09
4.197167540336283e-09
4.706081602318805e-09
5.273815599225122e-09
5.90123315575129e-09
6.585103384911699e-09
7.316411420640589e-09
8.07765643750429e-09
8.83977192452034e-09
9.560299383427103e-09
1.0180567849247538e-08
1.0628052071872563e-08
1.082097756693373e-08
1.067926296720037e-08
1.0144176537946148e-08
9.197592079420414e-09
7.884931336026768e-09
6.321920800888523e-09
4.681347555435e-09
3.1566928138868432e-09
1.9069177911885756e-09
1.0131807385376162e-09
4.6365265557262305e-10
1.784007977347035e-10
5.617997277325981e-11
1.4035492499495685e-11
2.685980211347801e-12
3.7817599193571364e-13
3.7329896069546265e-14
2.4507681986806157e-15
1.0168781867872338e-16
2.4602938846237784e-18

