1.0606907061258241e-13
1.6011475071310976e-13
2.416026390157309e-13
3.6439608424015326e-13
5.493103737454685e-13
8.275604939487224e-13
1.245890172272647e-12
1.8741860367827692e-12
2.816731715183263e-12
4.2288042636674406e-12
6.341015881536493e-12
9.494832935301245e-12
1.4194161986941219e-11
2.1179504150551598e-11
3.1533987137734484e-11
4.683294495025786e-11
6.935212262830791e-11
1.0235391089590113e-10
1.5046907860564486e-10
2.2019741829916263e-10
3.20533752182402e-10
4.6370645976957244e-10
6.659922035127716e-10
9.484264485332525e-10
1.337220022672136e-09
1.86335855522785e-09
2.5606537542232788e-09
3.461559248799043e-09
4.588984959640179e-09
5.94436044761384e-09
7.491186975463877e-09
9.136940187681206e-09
1.0722052742198227e-08
1.202157525474287e-08
1.278016604783e-08
1.2777613055569818e-08
1.1917867591836126e-08
1.0304494534960658e-08
8.242773960681911e-09
6.151188625612705e-09
4.4012945698520225e-09
3.180686506818903e-09
2.4642310680684703e-09
2.093245856879154e-09
1.8945922430691257e-09
1.7526051963130587e-09
1.6158028852113571e-09
1.4708549517616785e-09
1.3193911890969856e-09
1.1666791835872557e-09
1.0181566973763658e-09
8.784328975842563e-10
7.508588867432155e-10
6.374994055730074e-10
5.390783414159497e-10
4.552597526076855e-10
3.848447692012827e-10
3.261908019189274e-10
2.774000689972136e-10
2.366664688737634e-10
2.023635561175481e-10
1.7317102184934515e-10
1.4806643891065457e-10
1.2630542740454755e-10
1.0735359400151513e-10
9.083060946893905e-11
7.645143361459446e-11
6.398517703507258e-11
5.323058251407514e-11
4.4001075500040345e-11
3.6121479336919305e-11
2.9426597896094886e-11
2.3765650149808715e-11
1.9001532566102592e-11
1.501425471642594e-11
1.1699286891868992e-11
8.96637691703408e-12
6.738247771764903e-12
4.9469912765478185e-12
3.532809366673124e-12
2.441446826858761e-12
1.6226158986720612e-12
1.029557832894264e-12
6.180763147958066e-13
3.473528742968847e-13
1.8042433654939028e-13
8.529978334909187e-14
3.6059200403318705e-14
1.334514992734104e-14
4.219725201723701e-15
1.1080110281362493e-15
2.340747585046182e-16
3.836989668327768e-17
4.6556907512615574e-18
4.003680805578633e-19
2.3478861025795944e-20
8.44505547919496e-22
1.7015440263433764e-23
2.2427260018739675e-25
1.3980666547343804e-27

