4.741676852309234e-13
7.15824026919564e-13
1.0802215525890526e-12
1.6293943658314217e-12
2.45650376945987e-12
3.7012893696791085e-12
5.573064469151734e-12
8.384869046143912e-12
1.2603977033080968e-11
1.8926423048386123e-11
2.8386383777234844e-11
4.25159042752738e-11
6.357706676411682e-11
9.489603909350293e-11
1.413411916806104e-10
2.0999831574862478e-10
3.1111153641229927e-10
4.5937843845239574e-10
6.75679331447528e-10
9.893478821402762e-10
1.441013254968528e-09
2.085954561945116e-09
2.9978014858645386e-09
4.2717469101666045e-09
6.0263930913155714e-09
8.401804123925513e-09
1.1550352342092496e-08
1.561716968399203e-08
2.070191421274964e-08
2.680306170268776e-08
3.374117866193084e-08
4.107455582641401e-08
4.8048766820552375e-08
5.360593067152713e-08
5.6552190314892304e-08
5.586908745365531e-08
5.113477781175514e-08
4.288035967134858e-08
3.2592968492444014e-08
2.2290721085520028e-08
1.3754840021358535e-08
7.878596339514889e-09
4.5319975433033705e-09
2.9456737463708284e-09
2.279787186190304e-09
1.96863274693625e-09
1.7505861689507203e-09
1.5439920943783375e-09
1.3363806090472074e-09
1.132541776433358e-09
9.393724493592018e-10
7.627129845166232e-10
6.065869398272777e-10
4.731610958476953e-10
3.6274257000237303e-10
2.741349586398704e-10
2.050518846378154e-10
1.5254336589599955e-10
1.1347375380720159e-10
8.482493048129769e-11
6.396529698486035e-11
4.8731074061298053e-11
3.7484850889449403e-11
2.902792647711209e-11
2.2543499978422136e-11
1.748360734935888e-11
1.3492040957579035e-11
1.032990160835409e-11
7.832058583858402e-12
5.873452959709899e-12
4.354206003530888e-12
3.190204768685357e-12
2.3098416577759234e-12
1.6523977539283169e-12
1.167366819696786e-12
8.136720569440428e-13
5.586315117453471e-13
3.76898967551624e-13
2.490597817790409e-13
1.6052685390700021e-13
1.0039010316745218e-13
6.05305187197728e-14
3.4928280653190085e-14
1.911651415355418e-14
9.82053454033758e-15
4.6771639359208134e-15
2.0347867754706374e-15
7.948636611095897e-16
2.7311033889199995e-16
8.059576290117883e-17
1.9866913846947438e-17
3.960474220803697e-18
6.15538365451597e-19
7.145142339647283e-20
5.904221539661311e-21
3.289033914515709e-22
1.157167810491841e-23
2.392395785253665e-25
2.7030741183273708e-27
1.505257402661654e-29
