1.511329984141427e-14
2.2806762716140156e-14
3.4401474146752776e-14
5.1864616933942304e-14
7.814728479122266e-14
1.1767068144536041e-13
1.770482223795354e-13
2.6615556526762487e-13
3.9970889238807533e-13
5.99587247561893e-13
8.982301136707495e-13
1.343581667836189e-12
2.006250310665922e-12
2.9897671912050127e-12
4.445204796664009e-12
6.591723442099929e-12
9.745064612806437e-12
1.4356567608626349e-11
2.1065016559558843e-11
3.076439905169792e-11
4.468840963186847e-11
6.45101268840677e-11
9.245219938887609e-11
1.3138489466447745e-10
1.8488826705729493e-10
2.5721329223758886e-10
3.5305263074700563e-10
4.770351347024792e-10
6.327320379374994e-10
8.21200970482786e-10
1.0389738369879667e-09
1.275836384509378e-09
1.5133950952098507e-09
1.7251520517836066e-09
1.8804260879263215e-09
1.9518978537844067e-09
1.926006019805115e-09
1.8117980992680973e-09
1.6416729114995028e-09
1.461467703475355e-09
1.3124830755119069e-09
1.2156598072969666e-09
1.1681881514845988e-09
1.1521340434976454e-09
1.1480076583685698e-09
1.1429021461326613e-09
1.1314309180235488e-09
1.1127737989272452e-09
1.0880670673550564e-09
1.058972587272768e-09
1.0272154557565814e-09
9.94309947453728e-10
9.614953426818773e-10
9.296038421635657e-10
8.99127399365468e-10
8.702108866053738e-10
8.427495646429265e-10
8.164874203715964e-10
7.910826196569144e-10
7.662004136446701e-10
7.415430943216097e-10
7.168812830566499e-10
6.920444146245539e-10
6.669141156884079e-10
6.413957833328364e-10
6.154052898692626e-10
5.888436453542373e-10
5.616038810334015e-10
5.335513945393962e-10
5.045489089408506e-10
4.744587944382175e-10
4.4315652955140636e-10
4.105690151908541e-10
3.76670444268719e-10
3.4153382646174063e-10
3.053437391961744e-10
2.684132662645679e-10
2.3123181729083853e-10
1.9443108015224714e-10
1.588131017339057e-10
1.2529071199012254e-10
9.4807686863773e-11
6.825397593230375e-11
4.628819122893213e-11
2.9232058792868894e-11
1.69582434627649e-11
8.893412709751836e-12
4.1397563385441855e-12
1.6740290406298991e-12
5.7390522311793e-13
1.621927395068768e-13
3.6593306972894e-14
6.357468537073934e-15
8.15262949562367e-16
7.360735563637361e-17
4.435654632124971e-18
1.6736332373907152e-19
3.682434017025191e-21
4.387940968586147e-23
2.560674059660398e-25
