2.2400929379151755e-13
3.3816539884323e-13
5.10296928563814e-13
7.697004376126712e-13
1.1603695160562924e-12
1.7482878719218552e-12
2.632281771357743e-12
3.9601355076527995e-12
5.952419174009338e-12
8.937640687083599e-12
1.3403825094657252e-11
2.0073814041588938e-11
3.001468421162172e-11
4.479512768584766e-11
6.671062741874239e-11
9.910133337869079e-11
1.467948393477126e-10
2.1671537253625565e-10
3.186968343260636e-10
4.665499043917568e-10
6.793972060516332e-10
9.83248861496159e-10
1.4127405715180314e-09
2.0126448951828828e-09
2.8387459191282533e-09
3.9569459256558285e-09
5.439017056309237e-09
7.3535116689936715e-09
9.747983966171429e-09
1.2623078898479452e-08
1.5896839615604863e-08
1.9365452377793304e-08
2.267962038298174e-08
2.5348614197396992e-08
2.6817453497560994e-08
2.6610773466620474e-08
2.452776348887481e-08
2.0807185736838e-08
1.6129986849802426e-08
1.1423680008263902e-08
7.508754319569129e-09
4.797842243658375e-09
3.232951547321015e-09
2.4615004575551943e-09
2.09864326106824e-09
1.8859925469878714e-09
1.7057722905655414e-09
1.5235556568438297e-09
1.3371479388385437e-09
1.1522945233747985e-09
9.754263868951297e-10
8.119495609696349e-10
6.656555024795926e-10
5.387219881570683e-10
4.316528974972328e-10
3.436339069246439e-10
2.7283081225281215e-10
2.1684348632639857e-10
1.7303377727166291e-10
1.3888175196784187e-10
1.1215410844899615e-10
9.102301524287107e-11
7.408591605761172e-11
6.031445894631295e-11
4.8987993886687464e-11
3.960777025048695e-11
3.182644635871752e-11
2.5387609693852402e-11
2.0091517589597143e-11
1.576863429931677e-11
1.2270636574075432e-11
9.464379515404331e-12
7.2319883716496516e-12
5.469936394868469e-12
4.0898686317954105e-12
3.0175291194644317e-12
2.1915918304773285e-12
1.5622359924844124e-12
1.0889339370969525e-12
7.389715482680453e-13
4.856997654967823e-13
3.0726970282665386e-13
1.8575505274587393e-13
1.063651232653297e-13
5.709362045242193e-14
2.8373121966920335e-14
1.286005158550576e-14
5.2243235068515005e-15
1.8630117265486806e-15
5.692460049731733e-16
1.4486617756552988e-16
2.9749616891635207e-17
4.754300678567368e-18
5.638399976383644e-19
4.7515302487286026e-20
2.739256824114026e-21
9.693051477191521e-23
1.9204102404030634e-24
2.5179034352280445e-26
1.560532367761258e-28

