2.5678973069964483e-14
3.875577602813811e-14
5.846708852872599e-14
8.816074061990407e-14
1.3286069121321328e-13
2.000964266198945e-13
3.0113554042007637e-13
4.528114413274003e-13
6.802212622766429e-13
1.0206988961218363e-12
1.5296328709749269e-12
2.2889410021387493e-12
3.419355208951213e-12
5.098043988361122e-12
7.583755061722981e-12
1.1252198925655072e-11
1.6645180637193933e-11
2.4537968395477713e-11
3.6028921971294534e-11
5.265676157569174e-11
7.654692744675852e-11
1.1058418934860768e-10
1.5860324735274535e-10
2.2555701329390187e-10
3.176202663014135e-10
4.4211246016625993e-10
6.070793045530946e-10
8.203801961976252e-10
1.0878985539718565e-09
1.4109250437802229e-09
1.7825458307781419e-09
2.183661467369372e-09
2.5804679525160986e-09
2.924669074611754e-09
3.1607332982097296e-09
3.2397186977859333e-09
3.138234612390368e-09
2.8745616005326966e-09
2.509712743713027e-09
2.129116015024401e-09
1.8094133040600238e-09
1.5895058336647508e-09
1.4643821719163544e-09
1.4012047859391436e-09
1.3642372799824546e-09
1.329826511846543e-09
1.2880181661511795e-09
1.2371043632705909e-09
1.178811859518575e-09
1.115738541440176e-09
1.0505451929012358e-09
9.855506205011633e-10
9.226062540991019e-10
8.629572756876461e-10
8.073004432286008e-10
7.558205497287798e-10
7.083133980069295e-10
6.643554966229119e-10
6.233900335296135e-10
5.848812813871368e-10
5.483533592672836e-10
5.134471758630339e-10
4.799064459698702e-10
4.4757535547296306e-10
4.163568067634664e-10
3.861950664079532e-10
3.570433495799542e-10
3.288604746693814e-10
3.015936714921187e-10
2.7519159336444693e-10
2.4960482006910066e-10
2.247935218538775e-10
2.0074595808125378e-10
1.774731639587834e-10
1.5502855641565973e-10
1.3350518988018182e-10
1.1303387820622263e-10
9.379155930066527e-11
7.597621020468702e-11
5.980803245465368e-11
4.550034740289795e-11
3.322996404496161e-11
2.3114538026519233e-11
1.5166711507863505e-11
9.282029675401721e-12
5.2277762870725856e-12
2.666944678171276e-12
1.2101303307528885e-12
4.780341744019961e-13
1.6043042609986968e-13
4.4471276289829115e-14
9.861395178092861e-15
1.6872124528214397e-15
2.1322557909563832e-16
1.9004823397916036e-17
1.1369899745381535e-18
4.235533602384369e-20
9.102716172670901e-22
1.1140205365003868e-23
6.615302446504096e-26
