3.312164990621804e-13
5.000136113312149e-13
7.545418001315823e-13
1.1381273591671187e-12
1.7158347352703493e-12
2.585255672254301e-12
3.892565393248633e-12
5.856367811569905e-12
8.802956362633515e-12
1.321833924767497e-11
1.9824588351710813e-11
2.969131722912693e-11
4.4397699682385205e-11
6.626555345249536e-11
9.869290067841724e-11
1.4662496130433153e-10
2.17210371203616e-10
3.20704274268867e-10
4.716739268484516e-10
6.905814494703082e-10
1.005764633172569e-09
1.4557746217156083e-09
2.0919547849425987e-09
2.9806809299144963e-09
4.2046523189533915e-09
5.86154713327442e-09
8.057673758938007e-09
1.0894402422394695e-08
1.4441627772547394e-08
1.8699098269668793e-08
2.3543152275600086e-08
2.8668145657553906e-08
3.355133842750053e-08
3.7459169203162397e-08
3.956308061932006e-08
3.915508373662777e-08
3.593955978559263e-08
3.028017783611437e-08
2.3202754639761127e-08
1.6101461436736512e-08
1.0207952842707768e-08
6.1406294974337e-09
3.8108083911034354e-09
2.687670377143694e-09
2.191787895469809e-09
1.933386541875934e-09
1.7332659754413128e-09
1.536931156385487e-09
1.3379312132265792e-09
1.1417350838079504e-09
9.550819027747897e-10
7.836428359353096e-10
6.313504603864005e-10
5.003847503768639e-10
3.9113880877388954e-10
3.0257990361082295e-10
2.3261220442950468e-10
1.7851664551781182e-10
1.373640189715742e-10
1.0634396477849203e-10
8.29891253872095e-11
6.52742470883185e-11
5.16571647574394e-11
4.1007610219342584e-11
3.254557149184515e-11
2.5740457095384767e-11
2.0236471525771618e-11
1.5784118354830027e-11
1.2200767452156264e-11
9.339908570184725e-12
7.07890005663049e-12
5.310992912640137e-12
3.94347369682747e-12
2.896400477258219e-12
2.102492228997288e-12
1.5062304677336842e-12
1.0627207944356736e-12
7.364324865110556e-13
4.994243637593797e-13
3.300240710840301e-13
2.1138860719369436e-13
1.3041976694294727e-13
7.694078605814479e-14
4.3020716713174876e-14
2.2563531458745278e-14
1.0964328490023865e-14
4.863486683243643e-15
1.9355802959738734e-15
6.769769986613367e-16
2.0314836512820958e-16
5.08525659921667e-17
1.0285098994682923e-17
1.6205955144980366e-18
1.9005660008022354e-19
1.5854462545432092e-20
8.996248236087239e-22
3.170700508868068e-23
6.382757274144495e-25
7.86618550941329e-27
4.661919367606992e-29

