4.281854662544481e-14
6.462932748542927e-14
9.750993646084888e-14
1.4704923529435395e-13
2.2163626241675106e-13
3.3384726215495186e-13
5.025079261371192e-13
7.557529181799731e-13
1.1355447359127258e-12
1.7043325205409164e-12
2.554809756445333e-12
3.824138805491138e-12
5.714588018323128e-12
8.523162573195238e-12
1.2683920647848295e-11
1.8827587628145406e-11
2.786442017843476e-11
4.109795542378405e-11
6.037649870868404e-11
8.829152566510069e-11
1.2842548411904713e-10
1.8564405132275242e-10
2.664186648494403e-10
3.7910966173563625e-10
5.341368462010356e-10
7.438361798366694e-10
1.021723326047242e-09
1.3808994354134002e-09
1.8309290320899587e-09
2.373280998447224e-09
2.995041308710882e-09
3.6619886084587275e-09
4.3142846929318215e-09
4.866957572490908e-09
5.222851302310561e-09
5.29710745411723e-09
5.050610950826022e-09
4.5183870650373425e-09
3.811023129739552e-09
3.081977383323593e-09
2.468362491752021e-09
2.0397118700661215e-09
1.7871200899349513e-09
1.6521736321289203e-09
1.5712225900218269e-09
1.5020398742430448e-09
1.426529368771212e-09
1.3410325528904125e-09
1.247747608461407e-09
1.1503101619329453e-09
1.0524137384506043e-09
9.572454118324125e-10
8.672684117417941e-10
7.841062381722673e-10
7.085683951589857e-10
6.407615589108108e-10
5.802337525646929e-10
5.262352307532495e-10
4.778278644570399e-10
4.3411353828446506e-10
3.942830470964078e-10
3.5770169078635325e-10
3.2389254858365756e-10
2.925335525444855e-10
2.634029181287835e-10
2.3635221817330136e-10
2.112646184036173e-10
1.8803907392680012e-10
1.6657233791992366e-10
1.4676132463546929e-10
1.2850267343729728e-10
1.1169681245434231e-10
9.625839827282321e-11
8.211308649943645e-11
6.920657465252194e-11
5.7500890190895706e-11
4.6971567176584656e-11
3.7608198527336804e-11
2.940216552750634e-11
2.2345805390751333e-11
1.6421585107589696e-11
1.1593479148318565e-11
7.803192571309854e-12
4.960283776752904e-12
2.945189501372308e-12
1.6119955042887239e-12
8.00629378983169e-13
3.543797676745143e-13
1.3683542930259605e-13
4.49788013452094e-14
1.2235117106485945e-14
2.6677554733389735e-15
4.496871536530703e-16
5.602891189837685e-17
4.9318170055944694e-18
2.930403285472902e-19
1.0781983655559144e-20
2.2641978927804078e-22
2.847129409533268e-24
1.7210243764764474e-26

