1.0727337312117181e-14
1.6186449439606444e-14
2.4412631214042153e-14
3.680034966589301e-14
5.544097695820256e-14
8.346679220398025e-14
1.2556164762985927e-13
1.8871729134036058e-13
2.8334828166871153e-13
4.249314850190404e-13
6.364029980352429e-13
9.516436483907424e-13
1.4205221480230298e-12
2.1161150588462787e-12
3.1449862452486594e-12
4.661621213432961e-12
6.8884258966170195e-12
1.0143085117136083e-11
1.487488814102586e-11
2.1712165826316126e-11
3.15214245957488e-11
4.547711877118206e-11
6.513885952100637e-11
9.252054917894107e-11
1.3013518802870065e-10
1.8097077721006497e-10
2.4833646696059193e-10
3.3552008319517034e-10
4.45113193707467e-10
5.780206088847338e-10
7.320900636361334e-10
9.005986843260297e-10
1.0712622857608982e-09
1.2262656381116389e-09
1.3448745388196589e-09
1.4085003154547108e-09
1.4077001029834023e-09
1.348142314191214e-09
1.2511797228037465e-09
1.1472315385967625e-09
1.0637813187254453e-09
1.0147430706687133e-09
9.981759803121013e-10
1.002005494325952e-09
1.0131191435936767e-09
1.0228149259376913e-09
1.0274559582983491e-09
1.0265019622526618e-09
1.0207611290032939e-09
1.0114211841023362e-09
9.997264850755453e-10
9.867719119808866e-10
9.734624739850513e-10
9.603966261646292e-10
9.479289237957108e-10
9.361503450640903e-10
9.249683176403386e-10
9.141722444460295e-10
9.034864549065493e-10
8.926330487635995e-10
8.813558146986305e-10
8.69437578957981e-10
8.566924740493313e-10
8.429538589569301e-10
8.280518479100378e-10
8.117982881939722e-10
7.93961682538762e-10
7.742770043512087e-10
7.524191128826004e-10
7.280333690214281e-10
7.007365721486784e-10
6.701326267134204e-10
6.358714117745414e-10
5.976468700359389e-10
5.552901950257502e-10
5.088113951100958e-10
4.5845582810927566e-10
4.048259562221761e-10
3.488680930664021e-10
2.9197266099922047e-10
2.3591182604618224e-10
1.8272092143039014e-10
1.3453884264884393e-10
9.322910090159464e-11
6.009265352058485e-11
3.5537498183301134e-11
1.8973344347597764e-11
8.978875817376832e-12
3.686169050787876e-12
1.2812254193187288e-12
3.666401471925362e-13
8.365048809753574e-14
1.4677990837126677e-14
1.9001555454249295e-15
1.7300175509750866e-16
1.0476596588371106e-17
3.985740593307073e-19
8.900025943793384e-21
1.0438892675142223e-22
6.030060401307228e-25

