6.802928331487404e-14
1.0268802600547171e-13
1.5494189191423732e-13
2.336773647343175e-13
3.5223554319101273e-13
5.306202364754883e-13
7.987820406848556e-13
1.2014923232077136e-12
1.8055449972600713e-12
2.7103734861968677e-12
4.0636165509939646e-12
6.083822302389171e-12
9.093407380442089e-12
1.356601147330516e-11
2.0194172578805205e-11
2.9984740293207945e-11
4.439160465533859e-11
6.549804945435906e-11
9.625979507964744e-11
1.408235559268493e-10
2.0492516015651612e-10
2.9635915408918673e-10
4.254969136019292e-10
6.057397247779338e-10
8.537874826530426e-10
1.1893942930888564e-09
1.6341531045053022e-09
2.2088774687808177e-09
2.928477558165581e-09
3.794484091553467e-09
4.784743422314985e-09
5.8420747506287e-09
6.867298006787677e-09
7.72016588532062e-09
8.240981280589995e-09
8.291242199011268e-09
7.809002297050851e-09
6.855825508099634e-09
5.618556547784837e-09
4.354699776747951e-09
3.293542714596942e-09
2.551130874675447e-09
2.112337787617806e-09
1.8794926928850557e-09
1.7460806194398927e-09
1.641194446489787e-09
1.5338409813842356e-09
1.416814694081519e-09
1.292370406262887e-09
1.165059979153105e-09
1.039513758970255e-09
9.196892628724198e-10
8.085482651611891e-10
7.079840605377232e-10
6.188038757420819e-10
5.409281960730545e-10
4.735556010284549e-10
4.1551262032902534e-10
3.6539386433824043e-10
3.2185895609913977e-10
2.836959017220029e-10
2.499315485679218e-10
2.1981637338797944e-10
1.9281581058279882e-10
1.6854689778467644e-10
1.4673824565056095e-10
1.27179479133918e-10
1.096927889477631e-10
9.411251317477311e-11
8.027847183323719e-11
6.803464661159172e-11
5.7230567456750255e-11
4.772833081473336e-11
3.940114344429767e-11
3.213879913784762e-11
2.5845208136087602e-11
2.043671988195703e-11
1.5841270212016052e-11
1.1992310632650336e-11
8.827884526233214e-12
6.286172679234515e-12
4.302671853114143e-12
2.8097943659406594e-12
1.7346201078441834e-12
1.0014296748579543e-12
5.336887988234832e-13
2.584988844289389e-13
1.1177597671064196e-13
4.2240267151153204e-14
1.3614107902868239e-14
3.637551977699337e-15
7.80522993303236e-16
1.2971759408988632e-16
1.5945822558493798e-17
1.3870485870129368e-18
8.187628860653417e-20
2.9776547304436772e-21
6.119866241971548e-23
7.889778099449043e-25
4.847812162208523e-27

