8.544782217742015e-15
1.2892173806230243e-14
1.944242007750693e-14
2.930515893475482e-14
4.414425241502255e-14
6.645113692478269e-14
9.995046416846573e-14
1.502006434807942e-13
2.2547873635603397e-13
3.380811118902174e-13
5.062240281617423e-13
7.568059012195858e-13
1.1294017184948923e-12
1.6819781340161081e-12
2.4990252044956177e-12
3.70296740502182e-12
5.469963428336174e-12
8.051505944800408e-12
1.1803085199478063e-11
1.7221601312297907e-11
2.4991989605115954e-11
3.604224978034725e-11
5.160439329901713e-11
7.326927271180708e-11
1.0302268662014795e-10
1.43228189346462e-10
1.965095589641744e-10
2.6548720188342384e-10
3.522576077128227e-10
4.5762839282926894e-10
5.800591085160206e-10
7.144905839160826e-10
8.515711601715015e-10
9.776691400797577e-10
1.076860775773413e-09
1.1348061666030255e-09
1.1441179331675007e-09
1.1089393171462672e-09
1.0454212830695153e-09
9.766755139145057e-10
9.236208546738067e-10
8.968373191042542e-10
8.948126397599717e-10
9.082849334350227e-10
9.27199261659087e-10
9.448704864046532e-10
9.584973908088891e-10
9.67665159774664e-10
9.730078372336061e-10
9.754649140387398e-10
9.760263200842838e-10
9.75564384699298e-10
9.748041491983899e-10
9.742192159851507e-10
9.740890736215015e-10
9.744754757202114e-10
9.752911861412944e-10
9.76348710138459e-10
9.774053049946474e-10
9.782096793789816e-10
9.785215786708519e-10
9.781208008626178e-10
9.767995160022565e-10
9.743451672184863e-10
9.705196425077038e-10
9.650403480468261e-10
9.575516823079132e-10
9.476333471710357e-10
9.347639832706727e-10
9.183516912751757e-10
8.977292134461209e-10
8.721662162298485e-10
8.40942613884636e-10
8.033449606003005e-10
7.58798124015831e-10
7.069375215814855e-10
6.477128953012644e-10
5.816003518352582e-10
5.096345227418862e-10
4.3361592931785627e-10
3.560827348554778e-10
2.801859507580973e-10
2.0947239901748887e-10
1.4728713317395395e-10
9.625801081659441e-11
5.766818816558214e-11
3.1162725085206674e-11
1.4912495636674836e-11
6.1848866288168375e-12
2.1697651192229306e-12
6.261644738588581e-13
1.4394733961209544e-13
2.542916054024461e-14
3.3130854725757306e-15
3.03361934644195e-16
1.8435939546105414e-17
7.052651562673679e-19
1.5897430378411092e-20
1.847628386703666e-22
1.0611241177916678e-24

