5.986063649586959e-15
9.030331461896055e-15
1.3616247073125642e-14
2.05197632825573e-14
3.09039796933416e-14
4.650981577727083e-14
6.993878804026128e-14
1.0507137477630035e-13
1.576830193397168e-13
2.363488487243834e-13
3.537645606258255e-13
5.286644437509079e-13
7.885922675803979e-13
1.1738618000475637e-12
1.7431861039580693e-12
2.581568408894748e-12
3.811216430227385e-12
5.606447108810091e-12
8.213448693767645e-12
1.1976054360896824e-11
1.7367852572350275e-11
2.5030108901624348e-11
3.5813836631114284e-11
5.081795557720497e-11
7.141510252479578e-11
9.924195191363428e-11
1.3612271214755215e-10
1.8389510440458484e-10
2.4406531438101163e-10
3.172996615111215e-10
4.027196326780644e-10
4.971218594125242e-10
5.944544219288099e-10
6.858136623421581e-10
7.607344766344187e-10
8.097297598993447e-10
8.278193390199391e-10
8.175425371176123e-10
7.893101854458272e-10
7.581154447123953e-10
7.375681055185178e-10
7.34548332442039e-10
7.48053567367656e-10
7.720067264933727e-10
7.99811100683921e-10
8.270712913140363e-10
8.519434532581969e-10
8.741653508004212e-10
8.941784174277266e-10
9.126417984746856e-10
9.302554398375841e-10
9.476410251080362e-10
9.653233999881862e-10
9.83647117962455e-10
1.002823634962726e-09
1.0229065083370414e-09
1.0438439756562835e-09
1.0655081172551038e-09
1.0877284903781227e-09
1.1103189478217235e-09
1.1330902132445605e-09
1.1558471935015686e-09
1.178379256203634e-09
1.2004329859973506e-09
1.221689068204821e-09
1.241731575819249e-09
1.2600054307969581e-09
1.2758130881876333e-09
1.2882483551654706e-09
1.296212860825578e-09
1.298383879586217e-09
1.2931999891340602e-09
1.2789456655835774e-09
1.2537225934034686e-09
1.2156508828084447e-09
1.163002895371635e-09
1.094423601605746e-09
1.009388095241994e-09
9.084036148382013e-10
7.935746060009941e-10
6.687812244957527e-10
5.3966980324593e-10
4.1339575358007784e-10
2.9750165061098343e-10
1.9874901229020893e-10
1.2154928445482537e-10
6.695310526411303e-11
3.261064400483325e-11
1.3745769281049345e-11
4.893872516258439e-12
1.4313547050664302e-12
3.3304525444350536e-13
5.947432388308555e-14
7.827882531131579e-15
7.232871634948564e-16
4.422963861091979e-17
1.7065478935066678e-18
3.8982757361956836e-20
4.485080695147977e-22
2.560366093048228e-24
