3.863059872028655e-15
5.8263964327930946e-15
8.783124976201892e-15
1.3232666923530361e-14
1.992323795777014e-14
2.997413349841639e-14
4.505692849952184e-14
6.766331102298698e-14
1.0149904448851409e-13
1.5206195732771713e-13
2.274848302168255e-13
3.3975784551312253e-13
5.064923305653197e-13
7.534383900100092e-13
1.1180584130048503e-12
1.6545292574999448e-12
2.440651831377399e-12
3.5872741250136504e-12
5.250772357889467e-12
7.649314176455983e-12
1.1083116066546384e-11
1.5958393547517173e-11
2.2814001409222256e-11
3.2345875950723785e-11
4.542416739762897e-11
6.308902467350801e-11
8.650614489899041e-11
1.1686338558823024e-10
1.5516439087560198e-10
2.0192339172893744e-10
2.5674094254368376e-10
3.178337927396198e-10
3.8171306930442914e-10
4.4317415958838743e-10
4.960492167966801e-10
5.347070489326801e-10
5.561451794669939e-10
5.617784576772257e-10
5.576748655923942e-10
5.526252043615101e-10
5.546415323499521e-10
5.677925263159488e-10
5.915200464948955e-10
6.222706521451152e-10
6.561854774172238e-10
6.907028992056226e-10
7.247751404455379e-10
7.583057501655926e-10
7.91628263391883e-10
8.252236577434884e-10
8.596074192361361e-10
8.952553059245072e-10
9.325929882284621e-10
9.719371348665187e-10
1.013530698657574e-09
1.0575223204311268e-09
1.1040034906963804e-09
1.1530234235663898e-09
1.2046124143740318e-09
1.2587929827567953e-09
1.3155857670543453e-09
1.3749963499666996e-09
1.4370014690128048e-09
1.5015081544855219e-09
1.5683205967203573e-09
1.6370860807741377e-09
1.7072181563438657e-09
1.7778573409332999e-09
1.8477312684177409e-09
1.915109957974841e-09
1.9776775970265465e-09
2.0324024445141594e-09
2.075561742554697e-09
2.1025653730698794e-09
2.108191204132257e-09
2.086748580676325e-09
2.03248063143689e-09
1.9405596915415162e-09
1.8077843890962357e-09
1.6342187161177825e-09
1.424270254107417e-09
1.1874886770806305e-09
9.387448351801268e-10
6.961985375112321e-10
4.785252420698705e-10
3.005646194480274e-10
1.6971993971622913e-10
8.458101593899449e-11
3.6409619160864366e-11
1.3214189915614712e-11
3.9330207838252346e-12
9.297434394978829e-13
1.6843065212860362e-13
2.246359433616807e-14
2.1004471777776713e-15
1.2969203217596875e-16
5.056905899174724e-18
1.1699968754848617e-19
1.3444209214353811e-21
7.679639980327061e-24

