2.8816944206138727e-15
4.345531208479793e-15
6.549528760397137e-15
9.865467199228987e-15
1.4850119218746827e-14
2.2336038996832092e-14
3.356600657699866e-14
5.0391616935658844e-14
7.55651760043812e-14
1.1316761658483538e-13
1.6923201667617794e-13
2.526471195267637e-13
3.764597405166195e-13
5.597321577283479e-13
8.301759567053765e-13
1.2278353750798523e-12
1.8101705890841669e-12
2.6589838913331593e-12
3.889587793176162e-12
5.662744836568634e-12
8.199539659990935e-12
1.1798978984158484e-11
1.6857609587089646e-11
2.3887670000012485e-11
3.353013420474439e-11
4.655263222057404e-11
6.381882995832114e-11
8.621587795658589e-11
1.145087607646097e-10
1.4912423870833691e-10
1.8984994264438916e-10
2.3550060141882527e-10
2.836866570005827e-10
3.308035357159977e-10
3.725545785488531e-10
4.0500266434076283e-10
4.2604020437811987e-10
4.3664735833506664e-10
4.410698542797711e-10
4.4547153670745927e-10
4.554894044943516e-10
4.74012002854068e-10
5.006997462841238e-10
5.331162962123819e-10
5.686151339201296e-10
6.054613583913043e-10
6.429883785167997e-10
6.812096348428464e-10
7.204516104811213e-10
7.611599659618123e-10
8.038165798923382e-10
8.488877269722795e-10
8.968179185523851e-10
9.479861546792763e-10
1.0027354095420153e-09
1.0613575482020696e-09
1.1241242605278295e-09
1.1912982475757763e-09
1.263153898056924e-09
1.3399843273740471e-09
1.4221068811565645e-09
1.5098483095937466e-09
1.6035311685919157e-09
1.7034280031311292e-09
1.8097217764685915e-09
1.9224358778318443e-09
2.0413276219177655e-09
2.1658129743593884e-09
2.2947512659297468e-09
2.426321223281445e-09
2.5577670967176744e-09
2.6850979159488912e-09
2.8029691514272104e-09
2.904242520352175e-09
2.9801117757815977e-09
3.020135261847041e-09
3.0126790082948014e-09
2.9463917038952997e-09
2.8114613886381566e-09
2.60264474931518e-09
2.3217829063485003e-09
1.9801574137537536e-09
1.5998976528245828e-09
1.2114783362765227e-09
8.492440186984856e-10
5.433492900765407e-10
3.12129613026052e-10
1.580434851208122e-10
6.903553790502205e-11
2.539327880621967e-11
7.65100164482822e-12
1.828967753893322e-12
3.3473570263105093e-13
4.5060740145819757e-14
4.2490867670743756e-15
2.6439306227894227e-16
1.0382513191606479e-17
2.417820505811882e-19
2.7945337749349908e-21
1.6047238588197493e-23

