2.0648438855457225e-15
3.1130636087542864e-15
4.690843553100344e-15
7.063883865105777e-15
1.0629903357302479e-14
1.5983311029457157e-14
2.4010902256058335e-14
3.603309773437348e-14
5.4011363811766096e-14
8.085201031847039e-14
1.2084842704762443e-13
1.8032127239542657e-13
2.685403179418682e-13
3.9903772043537876e-13
5.91468251679088e-13
8.742079827932385e-13
1.2879370782131496e-12
1.8905166888674705e-12
2.7634401677823575e-12
4.020230204701361e-12
5.81689952071935e-12
8.364346299322719e-12
1.1942208073204416e-11
1.6911810228037834e-11
2.3725740088260683e-11
3.292724039682682e-11
4.513034732910938e-11
6.097163146360117e-11
8.101255426217222e-11
1.055940479825525e-10
1.3463350889928482e-10
1.6739936403376363e-10
2.0235265235117698e-10
2.3713743206789626e-10
2.689260721981746e-10
2.951207675067001e-10
3.1433612510351377e-10
3.272414649929685e-10
3.3668840235564485e-10
3.4681692461265613e-10
3.614322493704396e-10
3.8252166974027907e-10
4.099349209282651e-10
4.4212983026852327e-10
4.774318973770234e-10
5.147815191937155e-10
5.538427642756691e-10
5.947502750275245e-10
6.378640795380109e-10
6.836455773959793e-10
7.326005721461546e-10
7.852474635650018e-10
8.421159143647265e-10
9.037191995319936e-10
9.705803321983996e-10
1.0432257865485614e-09
1.1222144559941593e-09
1.2081507957202635e-09
1.301708759223991e-09
1.4036423457625639e-09
1.5147987101025673e-09
1.6361117051191218e-09
1.768598137807851e-09
1.9133196490881434e-09
2.071346823737789e-09
2.2436843164634555e-09
2.431138891262473e-09
2.634206175622882e-09
2.8527568526640454e-09
3.0857890474527114e-09
3.3309617275963425e-09
3.5839695434513635e-09
3.838088552443132e-09
4.083135866496774e-09
4.305157001402527e-09
4.485903398764691e-09
4.6029600900267425e-09
4.631664872884348e-09
4.547119503546875e-09
4.329726666810583e-09
3.970803376661398e-09
3.4788092346218816e-09
2.8844464585988026e-09
2.2387795655848027e-09
1.606488315451327e-09
1.050647585314578e-09
6.160393546301484e-10
3.17909815304385e-10
1.4132776694206867e-10
5.283170016245747e-11
1.6155907062504912e-11
3.9150182712579264e-12
7.255784598078099e-13
9.879555607518889e-14
9.413831945055648e-15
5.916539494971817e-16
2.3435970603820776e-17
5.495275625021173e-19
6.419449422497042e-21
3.719622143864854e-23

