1.6634608180407968e-15
2.5075351584350836e-15
3.777781766842489e-15
5.68786271397187e-15
8.557498211494026e-15
1.2864356228033737e-14
1.9320796237454114e-14
2.898707492577655e-14
4.343750259526464e-14
6.500365750788956e-14
9.712820730247225e-14
1.4487677299905852e-13
2.1567448760536447e-13
3.20354595929185e-13
4.746427436200112e-13
7.012290839065278e-13
1.032623303909469e-12
1.5150385320242313e-12
2.2135270521102158e-12
3.21866322715461e-12
4.654870061614832e-12
6.690295006708659e-12
9.547868513127562e-12
1.3515709330607442e-11
1.8954959682305553e-11
2.6299755879196e-11
3.604229648244427e-11
4.869587423199128e-11
6.471964013026078e-11
8.440623767451713e-11
1.0772468005969812e-10
1.3414575106682901e-10
1.6251830447794162e-10
1.910608718594366e-10
2.1762560488287455e-10
2.4023799829219626e-10
2.578536262405978e-10
2.710075685557853e-10
2.8191679530080773e-10
2.9379518957692507e-10
3.096088972835524e-10
3.30935322861068e-10
3.577178544101216e-10
3.888353850565396e-10
4.2307228231121717e-10
4.596930271637134e-10
4.985285203770063e-10
5.397851215077355e-10
5.838566024722937e-10
6.312327039737373e-10
6.824556902989695e-10
7.380991128263998e-10
7.987699081818232e-10
8.650906007243973e-10
9.377252491963214e-10
1.0173802634885966e-09
1.1048351998675769e-09
1.2009607844080435e-09
1.3067493116390181e-09
1.4233329994063308e-09
1.5520084590519754e-09
1.6942441116371751e-09
1.8516921723562664e-09
2.026168770625113e-09
2.2196341299538716e-09
2.4341322331635154e-09
2.6716599614950083e-09
2.934046110157422e-09
3.2225841071489394e-09
3.537701225835797e-09
3.878326260544224e-09
4.240977084406424e-09
4.6189662456518505e-09
5.000731354475924e-09
5.368944393591424e-09
5.699209586026847e-09
5.959539029707776e-09
6.112246798057432e-09
6.116307028932463e-09
5.935053041222125e-09
5.5449488189106884e-09
4.94626416678395e-09
4.172974955744633e-09
3.292992232655957e-09
2.4003516051488072e-09
1.5932023482958904e-09
9.471671924557853e-10
4.951234771622622e-10
2.2275474938275418e-10
8.419677040140957e-11
2.601105244585726e-11
6.362866389313994e-12
1.1896095813720386e-12
1.632776053249385e-13
1.5672895006787827e-14
9.921290604818059e-16
3.95414396892431e-17
9.31535599235917e-19
1.0972526274663461e-20
6.402185872061209e-23

