2.763504323641087e-13
4.1714043480658843e-13
6.294033056734376e-13
9.492350696948589e-13
1.430824406305986e-12
2.1554194541205718e-12
3.2446625879898007e-12
4.880378325345831e-12
7.333806239513433e-12
1.1008686960681471e-11
1.650441233138402e-11
2.47080980119474e-11
3.6928180115244016e-11
5.5086228471784887e-11
8.199085249162215e-11
1.217234477524498e-10
1.8017406043921455e-10
2.6577636927481034e-10
3.904849779450582e-10
5.710529967329523e-10
8.306227593906288e-10
1.2005939642665754e-09
1.7226723652880753e-09
2.4506451670296033e-09
3.4514143917662532e-09
4.804004832976277e-09
6.594823782748123e-09
8.907527401841072e-09
1.1803491000334746e-08
1.529352094909217e-08
1.929914676793427e-08
2.361039773951858e-08
2.785848581217583e-08
3.151712461219695e-08
3.397511225829619e-08
3.467570669405348e-08
3.3312818891499355e-08
2.99995344486697e-08
2.5304867096325475e-08
2.0092081670735296e-08
1.5211278879238313e-08
1.1206066633913048e-08
8.214012425940722e-09
6.0762736532147064e-09
4.542468527939515e-09
3.410040154263869e-09
2.5560865215932336e-09
1.909834514661196e-09
1.4231747442315909e-09
1.0587723513354595e-09
7.866412185075208e-10
5.836176992496867e-10
4.321960699227614e-10
3.1933021332580024e-10
2.3529510160372375e-10
1.7282683085116756e-10
1.2647949822779845e-10
9.217080523405268e-11
6.683855812406666e-11
4.8190822315097303e-11
3.45128022115298e-11
2.4522525404143655e-11
1.7263389575677477e-11
1.2020957524556955e-11
8.263243483619727e-12
5.594157130014616e-12
3.719134577090548e-12
2.419919731800019e-12
1.5345977888232483e-12
9.437694588182995e-13
5.595143327194489e-13
3.174400723999135e-13
1.7088372142173383e-13
8.637456539767207e-14
4.0495049151389116e-14
1.735566460275925e-14
6.684011195478927e-15
2.267827063759422e-15
6.620929451807857e-16
1.6195229968460417e-16
3.2191973979643124e-17
5.010199807017892e-18
5.858866174303555e-19
4.9423521724020257e-20
2.8316129883707464e-21
1.011559895934265e-22
2.2369672729728487e-24
2.909982347461306e-26
1.42390248252805e-28
3.3316770238677274e-31
1.73449319263554e-33
1.468812170849217e-34
1.3999480666233738e-34
2.011294104357014e-34
2.2527430170516143e-34
2.477122932846383e-34
2.891932568270732e-34
3.3334142597720606e-34
3.8095293356265776e-34
4.375933290828182e-34

