5.588879438773993e-12
8.437208871407284e-12
1.2732246223368762e-11
1.9205161262806947e-11
2.8954002259229606e-11
4.36258047657233e-11
6.568761380628627e-11
9.882900038442839e-11
1.4855730635045123e-10
2.230759342861192e-10
3.345733294106981e-10
5.011051095249866e-10
7.493295887496563e-10
1.1184431957764552e-09
1.6658123261475034e-09
2.4749252202614342e-09
3.6664697899933777e-09
5.413576629586098e-09
7.962161418314201e-09
1.1657620551197824e-08
1.6978217563181967e-08
2.4574445621356446e-08
3.531238666884404e-08
5.031125105248175e-08
7.096480685783898e-08
9.891829573890395e-08
1.3596125316164245e-07
1.837991653753528e-07
2.436086200607541e-07
3.1539048654777174e-07
3.9708092316961916e-07
4.835765502517902e-07
5.661457417488275e-07
6.325265094986757e-07
6.688235461613226e-07
6.630465974508162e-07
6.099280179137954e-07
5.150166964571306e-07
3.948818745162413e-07
2.724437718327907e-07
1.6841722771782648e-07
9.389081026445766e-08
4.8518843408328967e-08
2.452289337551859e-08
1.2870885158566303e-08
7.1564686968812315e-09
4.10039291431597e-09
2.3398604501570208e-09
1.312009078063519e-09
7.240735349495794e-10
3.961577522474051e-10
2.161777718945944e-10
1.180865048269932e-10
6.456153696873921e-11
3.526995601044271e-11
1.9204981691290437e-11
1.0405248275645243e-11
5.6037814988378765e-12
2.998688130296725e-12
1.593819783907236e-12
8.408579415071332e-13
4.3984905291716314e-13
2.277954291854838e-13
1.1659001227820686e-13
5.885248486946434e-14
2.923144415307614e-14
1.4247722161470483e-14
6.793661141571768e-15
3.1571011558794053e-15
1.4235564404138448e-15
6.195248191508844e-16
2.585599504370479e-16
1.0271512747246454e-16
3.848612984286269e-17
1.3455823855311543e-17
4.334035454086035e-18
1.2660969438669266e-18
3.2943985947839054e-19
7.475768088819968e-20
1.4413802794650395e-20
2.285798655677974e-21
2.898392217271526e-22
2.831754874418092e-23
1.95654823362284e-24
9.401433388660878e-26
3.379767383939405e-27
5.899514846605265e-29
3.948208175272671e-31
8.293897989836128e-33
2.4200865678755225e-33
2.271874004878699e-33
2.7928223549164858e-33
3.260321702172938e-33
3.6703634339832375e-33
4.222292055510344e-33
4.864788887979056e-33
5.5779004460633214e-33
6.402254577141856e-33
7.353540564464638e-33
8.442679388952058e-33

