8.986160014957468e-13
1.356517296652126e-12
2.046941078004958e-12
3.0873666549789254e-12
4.654193162719416e-12
7.011965708715271e-12
1.0556856458713304e-11
1.588121767103149e-11
2.3869000026018008e-11
3.583647389704325e-11
5.373863040054049e-11
8.047035870128577e-11
1.2030385167834737e-10
1.795172985426509e-10
2.672936972744161e-10
3.969884211577145e-10
5.878927369604425e-10
8.676567408995873e-10
1.2755172058710644e-09
1.8665256497599183e-09
2.7168244174106856e-09
3.929854335545611e-09
5.643175837337519e-09
8.034370854532287e-09
1.1324431363641937e-08
1.5774251386536153e-08
2.1668228044198896e-08
2.9279308931009427e-08
3.880130568961373e-08
5.025071529243946e-08
6.33321447600636e-08
7.729122441116379e-08
9.082286755504838e-08
1.0208134828072482e-07
1.089506423900544e-07
1.095550076366341e-07
1.0296509266795894e-07
8.980201776003959e-08
7.231791343414894e-08
5.3764473015345226e-08
3.721039207771841e-08
2.4467924785025196e-08
1.5772978751738966e-08
1.0271819382176013e-08
6.839271020803777e-09
4.618361300232385e-09
3.1214550325633447e-09
2.097417864919728e-09
1.4010475178395733e-09
9.32629333538543e-10
6.197800167802196e-10
4.114184441488635e-10
2.7270211929504363e-10
1.803530453865773e-10
1.1892120603616798e-10
7.813313395299061e-11
5.1123063931559184e-11
3.329418358323219e-11
2.1567063062174805e-11
1.3884274854459425e-11
8.874052132416857e-12
5.624175733605777e-12
3.529589903365936e-12
2.1897123234965323e-12
1.3402797527732269e-12
8.074899397706631e-13
4.775206155134814e-13
2.7627103328944377e-13
1.557482999047794e-13
8.515310273780336e-14
4.4895221656312904e-14
2.2668916228356242e-14
1.0873971772907672e-14
4.90667631147559e-15
2.058696831160598e-15
7.921254090158508e-16
2.749445353831764e-16
8.446331766200593e-17
2.2438734678422643e-17
5.022912495167847e-18
9.198638309645474e-19
1.3257529427164882e-19
1.4419405048728565e-20
1.1475674128329522e-21
6.230008904429977e-23
2.044329183259146e-24
4.4187766521721825e-26
6.240679878862932e-28
2.2004252873721323e-30
4.6624216462590545e-33
4.3539940625888104e-34
4.584608019471474e-34
5.394720239531928e-34
6.016392019377925e-34
6.927406910276194e-34
7.994722778977801e-34
9.160709486976498e-34
1.0512985788452553e-33
1.2077221305360714e-33
1.3865743553697992e-33
