4.413604929658403e-13
6.662374054832565e-13
1.0052894070818138e-12
1.5161893911070215e-12
2.285525912414084e-12
3.4431396140287655e-12
5.183447387001884e-12
7.797092738102251e-12
1.1717715227766497e-11
1.7590902472821835e-11
2.6375284832855665e-11
3.9489985671197014e-11
5.902865946753079e-11
8.806695076206592e-11
1.3110177195548277e-10
1.9467033091297652e-10
2.8821064122927387e-10
4.2524267939815535e-10
6.249402580089431e-10
9.14187676549307e-10
1.3301429023428865e-09
1.923250055606301e-09
2.760545623880441e-09
3.928520799683022e-09
5.534775928623056e-09
7.706371295390338e-09
1.058203836679431e-08
1.429555676529165e-08
1.8943656956795944e-08
2.4539506805549662e-08
3.094902560217674e-08
3.7821366220370003e-08
4.4544666125556434e-08
5.024938086062835e-08
5.393144499634733e-08
5.4686950195782986e-08
5.203989992095259e-08
4.622333786641085e-08
3.8230347998829365e-08
2.953426256631997e-08
2.1559616139635372e-08
1.5188449556624413e-08
1.0600676056805308e-08
7.475286161405428e-09
5.348206274982588e-09
3.853214976910402e-09
2.7730720487878363e-09
1.987445919374641e-09
1.4192474231356729e-09
1.0113490524242312e-09
7.196868902411128e-10
5.114438816387859e-10
3.628040339198283e-10
2.567613641695811e-10
1.8119264338417768e-10
1.274383753293257e-10
8.928708133550635e-11
6.228153024992e-11
4.3221983376288275e-11
2.9816847519735844e-11
2.0426618907150664e-11
1.3880055507511026e-11
9.342128587158237e-12
6.217745600322863e-12
4.084121564848663e-12
2.6413232626129483e-12
1.6771177882170062e-12
1.0420105083425822e-12
6.309001781165711e-13
3.7043757209464553e-13
2.0969561383710797e-13
1.1362909838500018e-13
5.845048459895382e-14
2.8252051974726385e-14
1.2678708079598322e-14
5.208069856866649e-15
1.925387494766473e-15
6.282599362938112e-16
1.7675059345276823e-16
4.175666573018654e-17
8.038288250947406e-18
1.2139180024647882e-18
1.379573127220254e-19
1.1380621113203182e-20
6.386320809252007e-22
2.200934256567557e-23
4.833112336284337e-25
6.55812224829506e-27
2.755011427661274e-29
5.805636938114276e-32
8.380462168760457e-34
2.302581288999121e-34
2.3804482157621757e-34
3.0990574155344055e-34
3.511528885797609e-34
3.9386945811746425e-34
4.563417921888156e-34
5.250625295060083e-34
6.0133788090070125e-34
6.906000399395797e-34

