2.155471241923454e-11
3.2540446496089265e-11
4.9106390337319875e-11
7.40730851217862e-11
1.1167654330507261e-10
1.6827100437331764e-10
2.5337491778258605e-10
3.812246004418126e-10
5.730721320474754e-10
8.605764593793509e-10
1.2907811419918564e-09
1.9333842793152262e-09
2.8913073529650463e-09
4.315904465632869e-09
6.4287348644435304e-09
9.552316707765967e-09
1.4152989432460052e-08
2.0899921984118344e-08
3.074390932877012e-08
4.5020845417282507e-08
6.55812330561624e-08
9.494299677722752e-08
1.3645997750288056e-07
1.944679109787985e-07
2.7436772014744655e-07
3.825351103591678e-07
5.2590068565179e-07
7.110550972794795e-07
9.425014738392395e-07
1.2201115700840852e-06
1.5356252738095564e-06
1.8688062390460698e-06
2.1851450366211788e-06
2.4362849617450335e-06
2.567645957336461e-06
2.5325914229272615e-06
2.3116165282446344e-06
1.9286027721638716e-06
1.451132278121152e-06
9.713416039524417e-07
5.711579896580414e-07
2.9263937726327004e-07
1.314191977972852e-07
5.3708960884471236e-08
2.179273446966619e-08
9.697062714447359e-09
4.792736812282887e-09
2.454346150708487e-09
1.2329681181834558e-09
5.982783090937975e-10
2.818264159599934e-10
1.304007942134054e-10
6.002759973518522e-11
2.773456700905305e-11
1.2908978406970661e-11
6.034591338174752e-12
2.818579839886472e-12
1.308025833679832e-12
6.014687614691252e-13
2.7377683127554057e-13
1.2343845559140055e-13
5.5152216934040054e-14
2.441625046705079e-14
1.0694699426478807e-14
4.624580889209595e-15
1.9684928390074537e-15
8.22237797448797e-16
3.3591432964408936e-16
1.3374013896289963e-16
5.167918447085768e-17
1.9287516663131675e-17
6.910990399840911e-18
2.3606273157528778e-18
7.619896502129353e-19
2.300518101586554e-19
6.41628121745099e-20
1.6291760910248534e-20
3.701803361116741e-21
7.3626423945700565e-22
1.2519915804767548e-22
1.774462611575775e-23
2.0051039391037528e-24
1.7281438954810644e-25
1.1441352391628676e-26
5.2295492563666715e-28
1.2807694510649316e-29
2.6548641603190077e-31
1.4595946990091273e-32
6.327251034838169e-33
7.628952204153601e-33
9.742646163775173e-33
1.0715025778624205e-32
1.2183143526720087e-32
1.4151035865932133e-32
1.6228849634088487e-32
1.8594635430843148e-32
2.1366793301039006e-32
2.4536982864436351e-32
2.816592882842824e-32
3.233952882677046e-32

