1.760205656010827e-12
2.6572069472265927e-12
4.009754110285804e-12
6.048041627756034e-12
9.117739777092836e-12
1.3737292887636486e-11
2.0683177970943684e-11
3.111650390558517e-11
4.677018230105484e-11
7.022502755744404e-11
1.0531483488307545e-10
1.5771764971554132e-10
2.3581478281959146e-10
3.519260146132016e-10
5.240763193311954e-10
7.784887895508747e-10
1.1530550629322617e-09
1.7021067131751496e-09
2.502776772693938e-09
3.6633395384474497e-09
5.333627828559931e-09
7.71730053148518e-09
1.1085336587491406e-08
1.578771097759937e-08
2.2260075497820602e-08
3.101669292770104e-08
4.261755630452754e-08
5.759833940571306e-08
7.633440073388997e-08
9.884333291950582e-08
1.2451402114082952e-07
1.5181013029922604e-07
1.7808789023706864e-07
1.996208016396719e-07
2.1215920381635062e-07
2.1198080624604249e-07
1.973331229687259e-07
1.696642436069898e-07
1.3374118915976617e-07
9.631283437422811e-08
6.362824810237606e-08
3.9229764158510045e-08
2.334533427677875e-08
1.3970853994734669e-08
8.619895850971275e-09
5.454734173351404e-09
3.4721430571568454e-09
2.194199403660127e-09
1.3738044551867716e-09
8.549149040963036e-10
5.306265469540977e-10
3.290520193337383e-10
2.0389519522533045e-10
1.2612398274700852e-10
7.779393122298716e-11
4.780227068966704e-11
2.924276833707509e-11
1.7800442516495215e-11
1.0775119181990106e-11
6.481246431442113e-12
3.869921328345364e-12
2.2909569106783064e-12
1.3427040615442088e-12
7.777770593925063e-13
4.44416968469269e-13
2.499107719629119e-13
1.3792300011848436e-13
7.446404676888222e-14
3.917497252069912e-14
1.9990186733283487e-14
9.83943614555232e-15
4.64048912894545e-15
2.0806444304735802e-15
8.784441058460128e-16
3.453208298019112e-16
1.2470441672186171e-16
4.0709612008723074e-17
1.1791046946302782e-17
2.9622875996042595e-18
6.290641151625684e-19
1.095826373654939e-19
1.5094390150915395e-20
1.577994759805702e-21
1.2014468130630938e-22
6.273371175895237e-24
2.0645502615489012e-25
4.231424817923287e-27
5.120811352208219e-29
2.4282948538765083e-31
1.651036935267238e-33
6.004902598141977e-34
8.865881782724682e-34
1.0981858152564472e-33
1.1530004269773151e-33
1.3351441794111035e-33
1.5569409644921432e-33
1.7767360779846488e-33
2.037085444107866e-33
2.3428127644682337e-33
2.6894620379929343e-33

