1.375960639952878e-11
2.0772344349459568e-11
3.134714440109957e-11
4.7284420881257625e-11
7.128808197611683e-11
1.0741407395319893e-10
1.61737977709963e-10
2.433465984815188e-10
3.6580449756047874e-10
5.49318132782875e-10
8.239124154924889e-10
1.2340697778417552e-09
1.845473927479404e-09
2.754713825100198e-09
4.103174131333362e-09
6.096653597908202e-09
9.032704740514017e-09
1.3338267375003546e-08
1.961991488232476e-08
2.872982522378048e-08
4.1848335682717505e-08
6.058133221112403e-08
8.706760584989971e-08
1.2407184519874283e-07
1.7503769831674913e-07
2.440302715754389e-07
3.35469121168212e-07
4.535592689413577e-07
6.011807203380686e-07
7.782724664441516e-07
9.796094729099238e-07
1.1923622781428527e-06
1.3946350721830946e-06
1.5557297824426264e-06
1.6409631430986978e-06
1.6206259703458874e-06
1.4821337354883006e-06
1.240328022740032e-06
9.377549455305287e-07
6.326295850660763e-07
3.769311911612617e-07
1.9763651310339892e-07
9.246259609340362e-08
4.046026903169076e-08
1.801681694268845e-08
8.746229961448265e-09
4.57058703755256e-09
2.4241743520446135e-09
1.2583917378144738e-09
6.349730248767586e-10
3.137602656752163e-10
1.5343107233978106e-10
7.497572786749524e-11
3.677599127732329e-11
1.8115014110732506e-11
8.926494527979269e-12
4.3827687884737245e-12
2.1368925463708622e-12
1.0333898353921429e-12
4.955392049580773e-13
2.3569146629544747e-13
1.111543236652608e-13
5.192946637451341e-14
2.3989139465781954e-14
1.0933225454189057e-14
4.903214003366159e-15
2.157639880169518e-15
9.287512396589464e-16
3.896521917926074e-16
1.5866542839182267e-16
6.238980772336463e-17
2.3544483255560464e-17
8.4656383421976e-18
2.874568148281429e-18
9.122301878928799e-19
2.672113700581399e-19
7.116796999408865e-20
1.6934734783710704e-20
3.525208697273334e-21
6.260623173989358e-22
9.203603218070721e-23
1.0839667883393741e-23
9.837393397986175e-25
6.484296032083061e-26
2.9753217983554137e-27
9.31135664798712e-29
1.657290611739298e-30
2.2597522054630598e-32
4.0148582859928344e-33
4.7465987531394914e-33
6.362571596514395e-33
6.853252000862771e-33
7.756863074538261e-33
9.058704420048106e-33
1.0383165839046073e-32
1.1885204635165612e-32
1.366228974378074e-32
1.5690751644023677e-32
1.800947467435905e-32
2.0678316155742214e-32
