3.1964251663486274e-12
4.8254031849330314e-12
7.281722214497279e-12
1.098349278642557e-11
1.6558598875476193e-11
2.494880820442382e-11
3.756470234076468e-11
5.6515756721148416e-11
8.495055099759551e-11
1.2755869827381918e-10
1.9130738230359595e-10
2.8651666491746045e-10
4.284220959895024e-10
6.39422279804665e-10
9.522945848020998e-10
1.414734341601789e-09
2.095676539477313e-09
3.093991462100923e-09
4.5500846746979206e-09
6.661113290218013e-09
9.700005987584508e-09
1.4037876205215268e-08
2.01686957590392e-08
2.8730650018461733e-08
4.051833752639889e-08
5.64697170462517e-08
7.760547036452069e-08
1.0489982795802926e-07
1.3902929819502758e-07
1.800075569792561e-07
2.2668399947943154e-07
2.7619437002035135e-07
3.2362656412932517e-07
3.6207188663771874e-07
3.8368051578980673e-07
3.816354077808487e-07
3.5284930482051695e-07
3.0026087447884044e-07
2.329945183237299e-07
1.6379554995806052e-07
1.0430364063872138e-07
6.090956132770325e-08
3.36878459254414e-08
1.8542869646990212e-08
1.0587516894738427e-08
6.292008278455475e-09
3.795709123941839e-09
2.2734854222516436e-09
1.343700633501334e-09
7.861277716210493e-10
4.577620434689964e-10
2.6624191258666443e-10
1.548811420814892e-10
9.003520351791519e-11
5.2221939321992296e-11
3.017512521677739e-11
1.7352673777387977e-11
9.925303266985191e-12
5.643836853820835e-12
3.188534288610972e-12
1.7881213717921e-12
9.941750198691457e-13
5.472057823189087e-13
2.976506533517124e-13
1.5968809538163838e-13
8.430487279781401e-14
4.3678048921662194e-14
2.2137600446667434e-14
1.0934059862417843e-14
5.239026902525171e-15
2.422081756882771e-15
1.0733943673961816e-15
4.525281174407431e-16
1.7979982632616015e-16
6.659218024807444e-17
2.2691022967329e-17
7.001620933713117e-18
1.920768117375427e-18
4.583487854459895e-19
9.270069428476729e-20
1.540153146365578e-20
2.0349123440919336e-21
2.056310880911149e-22
1.4909735549301712e-23
7.466735086772098e-25
2.5709315069811055e-26
4.858844992387344e-28
4.3335927233583765e-30
4.0582277008820214e-32
1.8599964353655474e-33
1.1580967003257482e-33
1.6017251605264613e-33
1.9328817611342595e-33
2.0925052142143885e-33
2.4161853411221733e-33
2.8028760497735263e-33
3.205157071917317e-33
3.676566019623603e-33
4.225959503853097e-33
4.851516264577376e-33
