3.211015481869114e-11
4.847578425337791e-11
7.315443989584779e-11
1.1034804673404275e-10
1.663672908927487e-10
2.5067861826805767e-10
3.774626161550245e-10
5.679288103159308e-10
8.537393841651843e-10
1.2820618404442917e-09
1.922985949279656e-09
2.8803564806354217e-09
4.307522196185086e-09
6.430000761457999e-09
9.577926034006344e-09
1.4231882938651684e-08
2.1086793466859522e-08
3.1139875309122745e-08
4.5808109045227616e-08
6.708250885325366e-08
9.772123826578353e-08
1.4147750460814098e-07
2.0335088300664395e-07
2.898050849432407e-07
4.0889221250251144e-07
5.701177651617744e-07
7.838135513731235e-07
1.0598011373389398e-06
1.4047805669347331e-06
1.818528483769038e-06
2.288665392140914e-06
2.784907277227971e-06
3.2556372324844158e-06
3.6285518271449745e-06
3.822096375519168e-06
3.766701295451606e-06
3.433521290178447e-06
2.858766512514824e-06
2.144047592882166e-06
1.4275589144836037e-06
8.318399794866605e-07
4.193302974830244e-07
1.827223522507602e-07
7.070398566614489e-08
2.6366111118744462e-08
1.0721093491223475e-08
4.992085266232391e-09
2.475365724458588e-09
1.2121667163260684e-09
5.707890557176099e-10
2.587652854569463e-10
1.1424540057984061e-10
4.983997361822976e-11
2.1770323942405552e-11
9.597472141123102e-12
4.268932431913678e-12
1.905376997441377e-12
8.467662244177582e-13
3.7278402879352537e-13
1.6216382837905673e-13
6.973266018632376e-14
2.9673339293310355e-14
1.2507048570789866e-14
5.218344415570091e-15
2.151421636846023e-15
8.738084299280233e-16
3.4841187859777093e-16
1.358744494532172e-16
5.1629424929634796e-17
1.903629364250311e-17
6.7789500800932184e-18
2.318124936342724e-18
7.560149469269387e-19
2.3314982222821196e-19
6.730020926258047e-20
1.796012074517406e-20
4.36815628022908e-21
9.519762680827994e-22
1.8169172639659637e-22
2.9700168442407464e-23
4.070168105738914e-24
4.428912878032505e-25
3.64446580722639e-26
2.415878982349769e-27
1.0980961438275875e-28
2.1915979787407694e-30
5.753845247000677e-32
1.2388343913145195e-32
1.0075356810008658e-32
1.1807049191277938e-32
1.4099937818397108e-32
1.5938894282687927e-32
1.8234819802699043e-32
2.1025649768964994e-32
2.4130488794432114e-32
2.768446482110925e-32
3.179546044683845e-32
3.6508594589030646e-32
4.191403956028767e-32
4.812414680864049e-32

