1.2226071108407188e-13
1.8453450288598913e-13
2.784122168503758e-13
4.1984776134419507e-13
6.327866536601523e-13
9.531230578480669e-13
1.434581818402131e-12
2.157442720839513e-12
3.241421431026971e-12
4.8646425427784035e-12
7.291427218393509e-12
1.0912773701214023e-11
1.6305039636199048e-11
2.431410497832102e-11
3.6175415515959976e-11
5.3682814533125e-11
7.94227390173684e-11
1.1709492104369576e-10
1.7193809015801246e-10
2.512854935859436e-10
3.6525530594144363e-10
5.275604090056373e-10
7.563954387530631e-10
1.0752082346827882e-09
1.513157526957071e-09
2.1047163302481217e-09
2.8877066297507517e-09
3.899075577432861e-09
5.166778432658666e-09
6.69802394993397e-09
8.463199723920348e-09
1.0378349046208884e-08
1.2293437622612122e-08
1.3992273959942106e-08
1.5220703334126667e-08
1.5741747123962853e-08
1.5414518778653147e-08
1.4262108929835747e-08
1.2491344880459464e-08
1.0432109247391102e-08
8.421281775610219e-09
6.686543287154494e-09
5.304280515262019e-09
4.235456046331674e-09
3.401398908320151e-09
2.735568061846743e-09
2.1968500881242783e-09
1.760658362266888e-09
1.4087420734984708e-09
1.1257980435265116e-09
8.985971301601088e-10
7.162394018081845e-10
5.699030942253762e-10
4.5252978924089546e-10
3.584606119439187e-10
2.83148477531934e-10
2.2292765348576394e-10
1.7484606284168829e-10
1.365219616422325e-10
1.0603901825848785e-10
8.185412105313065e-11
6.272431183017837e-11
4.765126171159959e-11
3.582965279992813e-11
2.6612793924251727e-11
1.9479866167228274e-11
1.4010653370109864e-11
9.867331177235816e-12
6.77532976867624e-12
4.512399305588843e-12
2.8967449240250356e-12
1.7787763820132738e-12
1.0354973247662361e-12
5.652577368230383e-13
2.8568274972876743e-13
1.316845290853393e-13
5.4388525187021127e-14
1.972512882519656e-14
6.133915331736282e-15
1.5918195372775402e-15
3.34122679368475e-16
5.4729134250971e-17
6.717776169355127e-18
5.886064096188764e-19
3.493485760558167e-20
1.3264642177405989e-21
2.9692951765403996e-23
3.5981363517800157e-25
2.2790226758905244e-27
6.420034925549263e-30
6.877646941446326e-33
6.978163785636349e-35
5.760276780867916e-35
9.507131798502262e-35
1.0449730660692125e-34
1.1138243560860174e-34
1.3157070547385303e-34
1.5208303111761863e-34
1.732271481475107e-34
1.9904797300215328e-34
