6.507292171422986e-14
9.82102730794653e-14
1.481592337019958e-13
2.234024086887715e-13
3.366686186153223e-13
5.070333616649963e-13
7.630396602510852e-13
1.147324544780568e-12
1.7234457111771642e-12
2.5859303305546885e-12
3.8749811936116114e-12
5.7978823221893534e-12
8.660000453261834e-12
1.2909200310423475e-11
1.9199122766264922e-11
2.8478064881452206e-11
4.211210219134464e-11
6.20534338842992e-11
9.106350467113007e-11
1.3300371244923618e-10
1.9319616876654217e-10
2.788464934313266e-10
3.9950677029126237e-10
5.67480214086186e-10
7.980667827810231e-10
1.1093757468653013e-09
1.5213478306329143e-09
2.0536379888243467e-09
2.721551648407413e-09
3.5301559084893824e-09
4.466224756752186e-09
5.489456772940645e-09
6.526404193496063e-09
7.470137392643813e-09
8.193483745666158e-09
8.575437843693461e-09
8.5395429789802e-09
8.08690687831189e-09
7.30790003135964e-09
6.354317261747143e-09
5.386202542655372e-09
4.516071319741218e-09
3.788148508588741e-09
3.192544687354592e-09
2.6998401113835335e-09
2.2842931613209514e-09
1.930369454680368e-09
1.628977927052884e-09
1.3730049046016788e-09
1.1561016190199932e-09
9.724134389535834e-10
8.168690211668852e-10
6.851535530394188e-10
5.736351107199783e-10
4.792490740540098e-10
3.9940214699997696e-10
3.31892339284316e-10
2.7485521205679285e-10
2.2670579345688365e-10
1.861038358582799e-10
1.519140955012973e-10
1.2317402951106294e-10
9.907374052520305e-11
7.892513848934112e-11
6.215062385208483e-11
4.826288676742042e-11
3.684932947187871e-11
2.7564665576454228e-11
2.0111537085293192e-11
1.4235874098937372e-11
9.712729901559971e-12
6.336745504636656e-12
3.9166398433020375e-12
2.2675892624011956e-12
1.2137039199791583e-12
5.91369624746275e-13
2.575998057582327e-13
9.827571402410605e-14
3.205929034452418e-14
8.701325678177681e-15
1.9036365123381712e-15
3.241318073522384e-16
4.126298110619264e-17
3.725172787095356e-18
2.273052022412731e-19
8.992057299548038e-21
2.0406539194598445e-22
2.3940835932567046e-24
1.7557600937945006e-26
5.50331791720014e-29
2.5146344278403526e-32
5.532779194637472e-35
3.227411697377013e-35
5.198586051150589e-35
5.722285200184348e-35
6.113648765605295e-35
7.215422870240099e-35
8.338568864008851e-35
9.500261284532793e-35
1.0916078601404233e-34
