2.0168615210508787e-13
3.0442999703948635e-13
4.593268525602766e-13
6.927116170198964e-13
1.044116327281952e-12
1.5728086506339425e-12
2.3675139763425276e-12
3.5608398942065824e-12
5.350581336727579e-12
8.031115049353089e-12
1.2039401791187696e-11
1.8022037783745028e-11
2.6932514179425293e-11
4.01708055333804e-11
5.978261792054413e-11
8.873985939433209e-11
1.313300580207126e-10
1.9369017192008166e-10
2.845159456338204e-10
4.1598862734638585e-10
6.049280314851167e-10
8.741460075530921e-10
1.253929996986078e-09
1.7833300318852489e-09
2.5109124876077346e-09
3.4940600173420506e-09
4.795589007183122e-09
6.476506749432934e-09
8.582069727971891e-09
1.112159351411917e-08
1.4040834622112604e-08
1.7191874614148857e-08
2.0313393949517178e-08
2.3031227673700776e-08
2.4908940272260605e-08
2.554554963973086e-08
2.4713912974418375e-08
2.247968262809854e-08
1.923044573754356e-08
1.556457489180644e-08
1.2079250756690912e-08
9.164716515228662e-09
6.932427994766529e-09
5.286960848466195e-09
4.065997886868602e-09
3.1359602713779933e-09
2.4148875057577376e-09
1.8546208025583865e-09
1.4212123725352994e-09
1.0875131970590506e-09
8.311046192370131e-10
6.3423307729102e-10
4.831161748604555e-10
3.671905675955529e-10
2.7835106694563583e-10
2.1036579913033505e-10
1.584264739480203e-10
1.1882486254277543e-10
8.869825067136558e-11
6.584158356581561e-11
4.855623791231306e-11
3.553417065297821e-11
2.5770090947481737e-11
1.8489870989097442e-11
1.309927509040406e-11
9.141714425590887e-12
6.266393226510116e-12
4.204675954941888e-12
2.74999864659146e-12
1.7443330440549742e-12
1.0665396726027696e-12
6.239534482808296e-13
3.462370781633185e-13
1.8031119325455892e-13
8.703686882923849e-14
3.837284282655912e-14
1.5185560894858707e-14
5.287673018631773e-15
1.5821460155121092e-15
3.960250981203216e-16
8.040796495805893e-17
1.2766209288897198e-17
1.521346898144661e-18
1.3024267294687872e-19
7.565054277096458e-21
2.7679323531686543e-22
6.14907225088069e-24
7.775262589740329e-26
4.213789349319925e-28
1.0607750992698213e-30
2.923946375041097e-33
1.0897988367285033e-34
9.864986477526528e-35
1.5057591610649173e-34
1.6734564082019948e-34
1.816338973526692e-34
2.1309926486311033e-34
2.459199776253473e-34
2.806533767731558e-34
3.224254461356426e-34
