4.226666227152203e-14
6.37858857951515e-14
9.621930224968036e-14
1.4507158632185915e-13
2.1860131851035984e-13
3.291821090729014e-13
4.953241518251743e-13
7.446697635455243e-13
1.118411245987864e-12
1.6777904065410598e-12
2.513604413893314e-12
3.760032517737347e-12
5.614645758222072e-12
8.367049868990437e-12
1.243965517604674e-11
1.8444882952847992e-11
2.726432719467273e-11
4.015686663734488e-11
5.890179330533615e-11
8.598508409937341e-11
1.2483033164769626e-10
1.8006928830218317e-10
2.5783815076218085e-10
3.660378419173424e-10
5.144952502177939e-10
7.148543763279012e-10
9.799763670449563e-10
1.3226306471616402e-09
1.7529826560804714e-09
2.274949398065189e-09
2.8812113175557387e-09
3.5477705137583853e-09
4.230096509121815e-09
4.862777641937209e-09
5.367303695574666e-09
5.667862728044243e-09
5.714565432155702e-09
5.503409589358565e-09
5.084267052366291e-09
4.54471482955161e-09
3.97930371142089e-09
3.4561109504829964e-09
3.004239296730977e-09
2.6210277100805107e-09
2.2921734371160724e-09
2.0048832118654873e-09
1.7518326065205435e-09
1.529035156065462e-09
1.333295826073023e-09
1.1616153484800314e-09
1.0110685136273085e-09
8.790312708912473e-10
7.631979270549231e-10
6.61564508282496e-10
5.723852778686285e-10
4.941336735964187e-10
4.254692296429484e-10
3.652218478970526e-10
3.1236236616823197e-10
2.6599488303133597e-10
2.2533766291320866e-10
1.8970760784956418e-10
1.5851877306306148e-10
1.312596023398218e-10
1.0749708003265268e-10
8.68637024938256e-11
6.904798633812217e-11
5.379781409279248e-11
4.089721325709974e-11
3.0168270225436276e-11
2.1449720832527803e-11
1.4579901561281867e-11
9.384024855626448e-12
5.653052704001999e-12
3.1449096969673216e-12
1.5905551190389876e-12
7.180337387792707e-13
2.833897764887694e-13
9.545573662430038e-14
2.6697305703957218e-14
6.006008876959568e-15
1.0494711982089979e-15
1.3684084167788956e-16
1.2622752090784118e-17
7.855656496903642e-19
3.1703011790004994e-20
7.305011359304557e-22
8.64040076929527e-24
6.522749398702895e-26
2.0917132318328495e-28
8.520832396857837e-32
9.440934266600397e-35
2.5517342977939943e-35
3.306863998564848e-35
3.7250527313049395e-35
4.136063247650739e-35
4.810789807982856e-35
5.540332609594656e-35
6.338266591432212e-35
7.279896853556047e-35

