2.5661661989955398e-14
3.872290274645504e-14
5.840580126588253e-14
8.804806579580114e-14
1.3265581081197203e-13
1.9972719422878914e-13
3.0047502391889877e-13
4.516373215471845e-13
6.781457080925879e-13
1.017048167565191e-12
1.5232413564316603e-12
2.2778007499005633e-12
3.4000234504138095e-12
5.0646473552587045e-12
7.526331129526343e-12
1.1153957921572244e-11
1.6478040677756742e-11
2.4255369508890025e-11
3.5554482220120844e-11
5.186674890659222e-11
7.524394743107605e-11
1.084594202451766e-10
1.5518469503202032e-10
2.2014583922556287e-10
3.0922316408373755e-10
4.293957598274816e-10
5.884049762553846e-10
7.940112521172943e-10
1.0525658019155447e-09
1.3669343141383365e-09
1.733651234978392e-09
2.1398116259741193e-09
2.5608021673836207e-09
2.9600016879120336e-09
3.2929270255607495e-09
3.515858910397623e-09
3.5987051295388943e-09
3.536043366489047e-09
3.3521367378195787e-09
3.092387506586907e-09
2.807264387236583e-09
2.5339591884538387e-09
2.2896068803132364e-09
2.0744167317710066e-09
1.8824087989971117e-09
1.7081053950783756e-09
1.5487338163422091e-09
1.4030951498140334e-09
1.2702296176439556e-09
1.1491501347867005e-09
1.0387882030936625e-09
9.381406013803597e-10
8.462933787267248e-10
7.624233284434782e-10
6.857878800885214e-10
6.157124026682581e-10
5.515791702284175e-10
4.928309017747994e-10
4.3895457228981524e-10
3.894895615432666e-10
3.440203252281054e-10
3.021701869586438e-10
2.6361683645040747e-10
2.280722373135124e-10
1.9530640838608685e-10
1.651431998529297e-10
1.3746017466139048e-10
1.1221597199105101e-10
8.942153488276809e-11
6.916139547855315e-11
5.1557794151080584e-11
3.6732502416709025e-11
2.476451822310444e-11
1.561147282686391e-11
9.076611144487825e-12
4.7898869965740156e-12
2.2520782587828212e-12
9.238477435215883e-13
3.227352769752947e-13
9.340264543587091e-14
2.1694642017831163e-14
3.904634900763864e-15
5.231504176988694e-16
4.9510574538936214e-17
3.154232007872736e-18
1.2967135184860371e-19
3.0521709631249958e-21
3.711075375709355e-23
2.778209465940475e-25
8.882520516792255e-28
4.176230917052784e-31
3.309945462122474e-34
2.35727412475337e-35
1.932426232503167e-35
2.2569345240000584e-35
2.674334910802199e-35
3.032556687747122e-35
3.47185268944635e-35
3.999836523614052e-35
4.5908742315948704e-35

