1.8506799955887457e-14
2.792412453960217e-14
4.21141485104469e-14
6.348146189163977e-14
9.563183575176432e-14
1.4396465950064397e-13
2.1655198633833455e-13
3.254397135545291e-13
4.885642349996947e-13
7.325684950615946e-13
1.0969144335522631e-12
1.6398550278417093e-12
2.4470614666278315e-12
3.643948405985725e-12
5.41318112493226e-12
8.01918520534781e-12
1.1841985219811753e-11
1.7423304422790155e-11
2.552745895953851e-11
3.722043224388911e-11
5.3967750279697045e-11
7.77491510792535e-11
1.1118437028881489e-10
1.5764519084844988e-10
2.2132848939019694e-10
3.072219312136808e-10
4.2087562317436844e-10
5.678924265522094e-10
7.52946582229166e-10
9.783543379985727e-10
1.2421122951474538e-09
1.5357525892145601e-09
1.8427441961255548e-09
2.1382387279362375e-09
2.391789137987852e-09
2.5731172183685466e-09
2.660797098217818e-09
2.6497015909027228e-09
2.554648093273802e-09
2.4047967783802157e-09
2.233217552557629e-09
2.0645785495982118e-09
1.910670191698411e-09
1.772148593020405e-09
1.6456509324104033e-09
1.5280501986306509e-09
1.4179525871761119e-09
1.314940959607301e-09
1.2187000622813108e-09
1.1288561250514446e-09
1.04494160699764e-09
9.664986116662881e-10
8.930984598340239e-10
8.243438004247165e-10
7.598659535070798e-10
6.993179617295763e-10
6.423678503455438e-10
5.88706466795376e-10
5.380328408313147e-10
4.900664458676804e-10
4.4454246237116363e-10
4.012065746914489e-10
3.5983988582104735e-10
3.202365762326716e-10
2.822432422767676e-10
2.4576294904380325e-10
2.1076641823442813e-10
1.7735149946126634e-10
1.4571764205644834e-10
1.1622256579525374e-10
8.934312708630009e-11
6.562170869462149e-11
4.558780814122174e-11
2.959237397254073e-11
1.7700394647920133e-11
9.599242338772409e-12
4.632524038396902e-12
1.9479685906355875e-12
6.965724130451907e-13
2.060622292841847e-13
4.885518652107272e-14
8.962046992234962e-15
1.2219671391131663e-15
1.1760044737384992e-16
7.608028236206786e-18
3.1637222300378418e-19
7.555679641813118e-21
9.379618981807301e-23
6.942710764376544e-25
2.2064166898969425e-27
1.1860834382534144e-30
8.360250171531105e-34
2.43634890697277e-35
1.367150853780153e-35
1.6331273103387006e-35
2.022942309894952e-35
2.2531654396676083e-35
2.569104810559787e-35
2.9741136908861175e-35
3.411946654324019e-35
