1.7138000376743264e-14
2.5872281446200936e-14
3.9042957273945885e-14
5.889235350513431e-14
8.878808469446388e-14
1.337817591188947e-13
2.0144058510350722e-13
3.0308265739460423e-13
4.556040909916524e-13
6.841756012438572e-13
1.0262011599215507e-12
1.5371002571441093e-12
2.2987152118956414e-12
3.4314121006091743e-12
5.111407268672147e-12
7.595247694449056e-12
1.1253940880161939e-11
1.6619958846763078e-11
2.4450035567033455e-11
3.5807675754236685e-11
5.216650227880342e-11
7.553231023443795e-11
1.085778181340959e-10
1.547596839022841e-10
2.183857084160903e-10
3.0454344730023714e-10
4.187650518033466e-10
5.663114688116535e-10
7.507709686946494e-10
9.72016138976356e-10
1.2233883861297562e-09
1.4885996159349284e-09
1.7398862899150718e-09
1.9383578662422534e-09
2.040187596080663e-09
2.0081124947529357e-09
1.826984646239764e-09
1.5169467735688343e-09
1.1335039561984112e-09
7.517949778388218e-10
4.3811304169658595e-10
2.257946995635796e-10
1.101772579356879e-10
6.287519379447238e-11
5.2885923053528987e-11
5.942570367383807e-11
7.305601825417865e-11
9.110757388246082e-11
1.1359616293815582e-10
1.4134215431093545e-10
1.7545688612215946e-10
2.1727384135717396e-10
2.6836779268921644e-10
3.3058494744630137e-10
4.060749801348682e-10
4.973212712569151e-10
6.071683655882197e-10
7.388446046354628e-10
8.959743866675161e-10
1.0825801353677375e-09
1.3030650683578867e-09
1.562173607397502e-09
1.8649255672983727e-09
2.2165094297317693e-09
2.6221413337203343e-09
3.086869741236289e-09
3.6153274345732534e-09
4.211435980557009e-09
4.8780339891433306e-09
5.616478769810151e-09
6.42618408535356e-09
7.304137348232281e-09
8.244440451992772e-09
9.237833861202969e-09
1.0271369446289333e-08
1.1328156167931539e-08
1.238732101051572e-08
1.3424251414300352e-08
1.4411065237547814e-08
1.5317544295909513e-08
1.61123303413486e-08
1.6764591869514013e-08
1.7245892702542656e-08
1.7532420227158546e-08
1.7607149145037274e-08
1.746184655466061e-08
1.7099173508694843e-08
1.653301365312564e-08
1.5789890808559942e-08
1.490719072413387e-08
1.393157563893308e-08
1.291715513745093e-08
1.1918792124770404e-08
1.0991495002848168e-08
1.0181000664897885e-08
9.523414033351843e-09
9.035640063086685e-09
8.719249049292427e-09
8.54945705024718e-09
8.484713845530808e-09

