4.1745312615600795e-16
6.299869996712987e-16
9.50349355046063e-16
1.4329743081003885e-15
2.1595793283805514e-15
3.2526955363337782e-15
4.8958005673915804e-15
7.363215898560204e-15
1.1064319628684944e-14
1.660878756553384e-14
2.4902363939045864e-14
3.728675763170023e-14
5.574307898994306e-14
8.318476321306927e-14
1.2387719289274328e-13
1.840310520237753e-13
2.726304998267242e-13
4.0257538048848215e-13
5.922107064919911e-13
8.673418552566997e-13
1.2637699328794157e-12
1.8303067523924768e-12
2.6321389573743256e-12
3.753832546743964e-12
5.301225797925867e-12
7.400101816658205e-12
1.0188636983698935e-11
1.3800767184528655e-11
1.833304271763436e-11
2.3795730411232032e-11
3.0044621113696026e-11
3.670473697816961e-11
4.3122433412561543e-11
4.8368854677298575e-11
5.138425161112777e-11
5.125403650612289e-11
4.759072091396205e-11
4.086953678075266e-11
3.245350854714702e-11
2.4231446293351576e-11
1.7928115719648322e-11
1.4499448447961412e-11
1.3984943313339787e-11
1.5845204712766657e-11
1.9490830571441218e-11
2.4621978427764278e-11
3.128015342506558e-11
3.9753395407370115e-11
5.049202891178501e-11
6.408315796372269e-11
8.12648638514671e-11
1.0295784251529225e-10
1.3030639184322298e-10
1.6472638368235509e-10
2.0796260279062723e-10
2.6215384985600875e-10
3.29907534572497e-10
4.143836866566943e-10
5.193853808760188e-10
6.494580160875559e-10
8.099900829969236e-10
1.0073154741781245e-09
1.248809933893827e-09
1.5429746416604241e-09
1.899500189718369e-09
2.3292982019022007e-09
2.8444949595906624e-09
3.4583679711508644e-09
4.1852339189277826e-09
5.040262744717445e-09
6.0392397828284095e-09
7.19830477520639e-09
8.533619431757227e-09
1.0061191300411638e-08
1.1796664159226896e-08
1.3755413484804154e-08
1.5953033419669152e-08
1.8405908542675692e-08
2.1133093121818364e-08
2.4157981889079578e-08
2.7511581218891972e-08
3.1236451495412065e-08
3.5390765596934046e-08
4.005475391938951e-08
4.533528987558412e-08
5.137316813628444e-08
5.8346776199317534e-08
6.647900935183856e-08
7.603539623797188e-08
8.732695518239464e-08
1.0070129069770094e-07
1.1652790058612561e-07
1.3518156784286016e-07
1.5699467894511572e-07
1.8221364938780198e-07
2.1091189678154938e-07
2.4287991653843653e-07
2.7749832545792047e-07
3.1355701866052645e-07
3.49125313773491e-07

