1.2371520060145446e-15
1.867292223478464e-15
2.817290999753892e-15
4.2487050143759476e-15
6.40410931075096e-15
9.64729589932384e-15
1.4523096626047274e-14
2.1846230791351907e-14
3.2832705670156905e-14
4.929372572404715e-14
7.392034654908657e-14
1.1069926792762019e-13
1.6551743547957704e-13
2.470324400478985e-13
3.679191149578076e-13
5.466316081146006e-13
8.098615446039436e-13
1.1959261162925853e-12
1.7593002998084289e-12
2.5765809162562858e-12
3.753975387517536e-12
5.436179997325139e-12
7.816240013655929e-12
1.114424857576119e-11
1.5732617075900227e-11
2.195159713639621e-11
3.020609288475935e-11
4.088530797631588e-11
5.4263210676622e-11
7.035247985857115e-11
8.870190098874064e-11
1.0817135291271841e-10
1.2679372673203282e-10
1.4179180574608022e-10
1.5001449037000712e-10
1.4876020128420444e-10
1.369044157234873e-10
1.1587438174395175e-10
8.969167893840725e-11
6.387036532980784e-11
4.336636342067504e-11
3.08075255858268e-11
2.6088658367338113e-11
2.7384010449336297e-11
3.269197547985456e-11
4.080097088515295e-11
5.140406916478406e-11
6.478793716770218e-11
8.155281005254656e-11
1.0249639351921483e-10
1.2860256379895513e-10
1.610675491881185e-10
2.0133727717296556e-10
2.511487675721743e-10
3.125764516453502e-10
3.880801527833253e-10
4.805550500536057e-10
5.933814078651536e-10
7.304696350365159e-10
8.963003599072838e-10
1.0959511688742613e-09
1.3351075117510583e-09
1.6200500404138051e-09
1.9576101728351843e-09
2.355088539024323e-09
2.8201252241782755e-09
3.360517427758789e-09
3.9839772099122216e-09
4.697828512497529e-09
5.508645726521914e-09
6.421840479687695e-09
7.44122878298735e-09
8.568569545594457e-09
9.803188964000184e-09
1.1141641125760907e-08
1.2577551405736388e-08
1.4101754683577271e-08
1.5702508469998926e-08
1.7366507367835616e-08
1.9079815331793655e-08
2.082962381802017e-08
2.2606636803625432e-08
2.440683080661674e-08
2.623544570365952e-08
2.8108547802705422e-08
3.005665577442539e-08
3.212652113935668e-08
3.438211687730091e-08
3.690498642222078e-08
3.979156903587605e-08
4.315057390815943e-08
4.709253340025182e-08
5.172662382945729e-08
5.713727408870032e-08
6.337659667192894e-08
7.043386389731577e-08
7.82106513507702e-08
8.649131239508703e-08
9.490387304634482e-08
1.028999304963994e-07

