4.393198578842181e-15
6.631759532574728e-15
1.0007119172641158e-14
1.509373406369005e-14
2.2754281592711433e-14
3.4282730576204983e-14
5.161728246791884e-14
7.765666155168706e-14
1.1672792585134027e-13
1.752768628072165e-13
2.6288149170037194e-13
3.937324482626261e-13
5.887854704026311e-13
8.788597041694159e-13
1.3090742721346827e-12
1.9451173912544248e-12
2.8819881382594896e-12
4.256038389043207e-12
6.261066702661577e-12
9.169473312598759e-12
1.3358776979625224e-11
1.9342966638978222e-11
2.7807174689229394e-11
3.963792816455837e-11
5.594080682284617e-11
7.802284755352988e-11
1.0730769215465806e-10
1.4515350778252876e-10
1.9249551282170178e-10
2.4932388165683996e-10
3.1396287866181624e-10
3.8227547707802737e-10
4.47185374523781e-10
4.987578628433269e-10
5.25775471218396e-10
5.18678212073791e-10
4.735539219156423e-10
3.955386851863055e-10
2.988729387881626e-10
2.0290432891248176e-10
1.247940357164458e-10
7.330746116128191e-11
4.7480076658133594e-11
4.025705485696541e-11
4.392212281251956e-11
5.3424605195994e-11
6.66988145744663e-11
8.350716851743703e-11
1.0440402718863374e-10
1.3026778160920897e-10
1.6218791133996032e-10
2.0146958107409335e-10
2.4966338878060513e-10
3.0859912336219844e-10
3.804218218349566e-10
4.676267933531336e-10
5.730930168909674e-10
7.001126765167893e-10
8.524116860603121e-10
1.034160934074097e-09
1.2499696441465082e-09
1.5048577578841926e-09
1.8042022425046575e-09
2.1536448905084176e-09
2.5589642484263056e-09
3.0258949148902566e-09
3.559893904110694e-09
4.165855604963686e-09
4.8477556773717726e-09
5.608258784631752e-09
6.448266724746711e-09
7.366447129122017e-09
8.358769320459895e-09
9.418056002512927e-09
1.053364739231186e-08
1.1691168859951145e-08
1.2872540577676283e-08
1.4056186133367996e-08
1.5217659437828543e-08
1.6330537706468432e-08
1.73677314657149e-08
1.830337920894865e-08
1.9114476668927314e-08
1.9783760700243018e-08
2.030143381680685e-08
2.066752275227412e-08
2.0894268730308377e-08
2.1005501407415598e-08
2.1039311826694496e-08
2.104416210542261e-08
2.107879108246143e-08
2.1206384091275173e-08
2.149128554620156e-08
2.198959505567855e-08
2.2744480162290698e-08
2.377593658696152e-08
2.5070404956764446e-08
2.6576951706993574e-08
2.8191954001158513e-08
2.9761800509310063e-08

