2.4023119922148527e-14
3.626661121566895e-14
5.472906912970161e-14
8.255387744633026e-14
1.2446193584668975e-13
1.8753491409647006e-13
2.8238109780854207e-13
4.2486717246793176e-13
6.386797483204659e-13
9.591058093527805e-13
1.438582532695012e-12
2.1548037076676106e-12
3.2225063175458107e-12
4.8104352809198085e-12
7.165633957945363e-12
1.0647763401658368e-11
1.5776948488152142e-11
2.3299670467112653e-11
3.42767961238792e-11
5.019923268778136e-11
7.313278168674666e-11
1.0588919170844686e-10
1.522149699678795e-10
2.1695525975230916e-10
3.0614778831260687e-10
4.269223797768538e-10
5.870305101683496e-10
7.938410870339911e-10
1.0523748548710733e-09
1.362439616664723e-09
1.7146830395534052e-09
2.08625019523389e-09
2.4381987856355704e-09
2.715992538356595e-09
2.8581859310763314e-09
2.81254901733186e-09
2.5578645059777252e-09
2.1223834204326363e-09
1.5839035482976143e-09
1.0477011712619003e-09
6.066057996328075e-10
3.0721888279309205e-10
1.4286967593869936e-10
7.363938291545283e-11
5.5936024002844734e-11
6.046643238722981e-11
7.379786903234965e-11
9.193484643752423e-11
1.1458871492098266e-10
1.425345304830012e-10
1.7688159393187875e-10
2.189657470049483e-10
2.703638436839092e-10
3.329232692011164e-10
4.0879353626562643e-10
5.004560233034025e-10
6.107508160188853e-10
7.428986326152364e-10
9.005122391811437e-10
1.0875974832289092e-09
1.3085349973321752e-09
1.568039412567923e-09
1.8710923559613723e-09
2.2228342801062364e-09
2.6284222076308493e-09
3.0928329708778555e-09
3.6206138232450647e-09
4.215585949492311e-09
4.8804711963951016e-09
5.616493253910643e-09
6.422914455754276e-09
7.2965518769627e-09
8.231318929830365e-09
9.217746593311203e-09
1.0242657484343798e-08
1.1288909553726126e-08
1.2335351899634086e-08
1.3357072135647616e-08
1.4325849326848119e-08
1.5211093643566693e-08
1.5981032547332937e-08
1.6604350357830726e-08
1.7052094664639982e-08
1.7299823097133704e-08
1.732982603322807e-08
1.7133111087267344e-08
1.6711415443551254e-08
1.607776956182932e-08
1.5257599007806015e-08
1.4287329631636214e-08
1.321264473752494e-08
1.2086777282524749e-08
1.096409819967855e-08
9.89944801311678e-09
8.939431326559939e-09
8.121506505245294e-09
7.466534451607916e-09
6.980513562148576e-09
6.647003130532688e-09
6.4345520648211704e-09

