3.105428031069531e-15
4.6876690804544045e-15
7.073336431935399e-15
1.0668382893097044e-14
1.608241797276054e-14
2.422979153499012e-14
3.648003904503219e-14
5.488133850121965e-14
8.249100980549789e-14
1.2386325876575308e-13
1.857651819215963e-13
2.782226099786976e-13
4.1604078346668194e-13
6.209932866909339e-13
9.249565710678834e-13
1.3743394840092652e-12
2.03626042169913e-12
3.0070574233373763e-12
4.423663835524344e-12
6.478564622946712e-12
9.438550023689598e-12
1.3666900693366458e-11
1.9647944136531143e-11
2.8008528017237735e-11
3.95306520139175e-11
5.51392724730775e-11
7.584268560237674e-11
1.0260429772038885e-10
1.3609053160975225e-10
1.7630229692382672e-10
2.2206568017831577e-10
2.7046925277596175e-10
3.1652448873080943e-10
3.532199771767692e-10
3.7263134912749827e-10
3.6799716506563167e-10
3.365412115674035e-10
2.81884458283144e-10
2.1409798184448472e-10
1.4688948758591172e-10
9.244959188379915e-11
5.705226148291767e-11
4.00971494004275e-11
3.667570381515433e-11
4.14158126261446e-11
5.0847112840557413e-11
6.363809985766586e-11
7.978462764793039e-11
9.988200252745114e-11
1.2480022306770337e-10
1.5561202274420086e-10
1.9360555769953902e-10
2.4031615744533965e-10
2.9756165068659704e-10
3.674804339270052e-10
4.525689461266867e-10
5.557181391440259e-10
6.802466491182324e-10
8.299256906240888e-10
1.0089952940872945e-09
1.222163386251706e-09
1.4745846848867254e-09
1.7718137293880964e-09
2.1197206218062883e-09
2.5243702911717488e-09
2.991849955262148e-09
3.5280435633961764e-09
4.138353003148339e-09
4.827350565487406e-09
5.598390658148855e-09
6.453163827811409e-09
7.391231643528501e-09
8.409561159285763e-09
9.502090230192409e-09
1.0659388683875986e-08
1.1868438283621663e-08
1.3112666278204275e-08
1.4372144742452558e-08
1.562429267050676e-08
1.684475974925259e-08
1.8008805484868314e-08
1.9093291851308486e-08
2.0078262595745063e-08
2.0950087624630994e-08
2.1703049709756615e-08
2.234193168442661e-08
2.2884333369443216e-08
2.3360104321447818e-08
2.3813880267684916e-08
2.4300978946434077e-08
2.488737258889126e-08
2.564225321212127e-08
2.6636034628863404e-08
2.7926983396992335e-08
2.955802106747013e-08
3.154160624744926e-08
3.38487056346748e-08
3.639988796274051e-08
3.904793908087231e-08
4.157638575277176e-08
