1.1974829495986009e-14
1.8077549240489807e-14
2.727991394715442e-14
4.1148547947893474e-14
6.203624149313142e-14
9.347226746493714e-14
1.4074334396008275e-13
2.1175660096206048e-13
3.1831600046877837e-13
4.780061329364604e-13
7.169576747394761e-13
1.0738867869487188e-12
1.605968343439813e-12
2.3972895338655185e-12
3.5709541427896914e-12
5.306184822987116e-12
7.862167294798643e-12
1.1610889953469216e-11
1.7081020168455424e-11
2.5015556901275472e-11
3.644405240875518e-11
5.276792182820298e-11
7.585465355283376e-11
1.0811968167308655e-10
1.5257353001643823e-10
2.1277223835767607e-10
2.925836432046309e-10
3.956878489048886e-10
5.24598769760309e-10
6.792373486172832e-10
8.549646990808827e-10
1.0404167638964414e-09
1.2162124536827682e-09
1.3551934576635728e-09
1.42674496079423e-09
1.4048275421079612e-09
1.2788447985854643e-09
1.062859239317377e-09
7.956586540692259e-10
5.297812135042594e-10
3.1161938666857493e-10
1.6456073083430788e-10
8.544658601918875e-11
5.453851421999011e-11
5.027307447205328e-11
5.824601209998033e-11
7.201213639748026e-11
8.989451421721101e-11
1.1213493876480495e-10
1.3958540865874843e-10
1.7335650156933854e-10
2.147778508607957e-10
2.6542098744644906e-10
3.2713019254208583e-10
4.0205516715925663e-10
4.926820134858509e-10
6.018616094683531e-10
7.328332950685482e-10
8.892383909271795e-10
1.0751235645397277e-09
1.2949251902554186e-09
1.5534315494376846e-09
1.8557188070842348e-09
2.2070464448411924e-09
2.6127181258237663e-09
3.077888496384851e-09
3.607317259703872e-09
4.2050750823533244e-09
4.874174122995027e-09
5.6161704150788294e-09
6.43070303457885e-09
7.3150129022657185e-09
8.263482516255279e-09
9.267164193917836e-09
1.0313451118065293e-08
1.138582597092184e-08
1.2463829283028128e-08
1.3523295001728739e-08
1.4536845148805815e-08
1.5474814888998657e-08
1.6306463584898907e-08
1.7001680064282822e-08
1.753280029351263e-08
1.787695005841983e-08
1.8018126174367615e-08
1.7949239259716085e-08
1.7674318467873483e-08
1.720855427067212e-08
1.658009891431705e-08
1.582778099851074e-08
1.4999800322025966e-08
1.4151463200209552e-08
1.3338593681685577e-08
1.2616215615201433e-08
1.2029088926282924e-08
1.161092302235059e-08
1.1373405680528895e-08
1.1310783876462735e-08
1.1386531271136374e-08
1.1543368378187849e-08

