6.269374298246232e-15
9.464161121292186e-15
1.428146635491055e-14
2.1541261504140414e-14
3.247495494683462e-14
4.892964237206342e-14
7.367211261636805e-14
1.1084040895759881e-13
1.6661172365711844e-13
2.501880896357534e-13
3.7524338674018555e-13
5.620369276678786e-13
8.404866013439126e-13
1.2545922902719155e-12
1.868769735424878e-12
2.7768002184351164e-12
4.114309310307832e-12
6.075955084617057e-12
8.938396726552611e-12
1.3090481002816755e-11
1.9071069340723554e-11
2.7613742758761173e-11
3.969621040615932e-11
5.6583339868204514e-11
7.985212078385083e-11
1.1136617144748055e-10
1.5315407268240998e-10
2.0714876672162862e-10
2.7467646140620133e-10
3.557107095020472e-10
4.4784324860903255e-10
5.451496110623236e-10
6.375096577455082e-10
7.107276134511327e-10
7.487867403230541e-10
7.380493323963997e-10
6.729488687492816e-10
5.608298725972625e-10
4.220072586217821e-10
2.840432201696708e-10
1.7133525258822281e-10
9.627100644563348e-11
5.734716974107279e-11
4.437418779071434e-11
4.621298734398175e-11
5.550234296025844e-11
6.909748376823396e-11
8.640992377656684e-11
1.0792242712919288e-10
1.3451288099341974e-10
1.672820548771575e-10
2.0754696992568958e-10
2.568685160558675e-10
3.1708395293290894e-10
3.9034141755200715e-10
4.791330852853972e-10
5.863262463681471e-10
7.151901243049377e-10
8.694131441134777e-10
1.0531104963364086e-09
1.2708132901822031e-09
1.5274361685217955e-09
1.8282187514464838e-09
2.1786276433669942e-09
2.5842231263246414e-09
3.0504725792536987e-09
3.5825110550056183e-09
4.184851913510344e-09
4.861024495319819e-09
5.613179253641429e-09
6.4416317060456546e-09
7.34438661287202e-09
8.316675437519645e-09
9.350497524525302e-09
1.0434287182277721e-08
1.1552672494366443e-08
1.268646648864181e-08
1.3812886327735342e-08
1.4906121137570975e-08
1.5938237182593357e-08
1.6880440103527362e-08
1.7704888257657205e-08
1.8386390228539943e-08
1.8905060918874545e-08
1.924818918103068e-08
1.941243690576809e-08
1.940621283531783e-08
1.924919430984528e-08
1.8974829793474122e-08
1.8626944437760968e-08
1.8259255123831294e-08
1.7931141114192372e-08
1.7702808284675463e-08
1.7629639311753905e-08
1.7755326079108964e-08
1.810613394681173e-08
1.8680049854313415e-08
1.9447299654354453e-08
2.0335653644058723e-08
2.123667753028307e-08

