2.1718983964505925e-15
3.2783789379804195e-15
4.946637650109704e-15
7.460491600258351e-15
1.1246123404564917e-14
1.6942734688788846e-14
2.5507697824342185e-14
3.837273352949843e-14
5.767489717070328e-14
8.659745759991166e-14
1.298703019147585e-13
1.9450086305440316e-13
2.9083691785001163e-13
4.3409648887506365e-13
6.465587534427174e-13
9.60660368084586e-13
1.4233139215759014e-12
2.1018582385921445e-12
3.0920141957177036e-12
4.528347785842479e-12
6.597395770730601e-12
9.553204200718531e-12
1.3734546908847097e-11
1.9580026829896667e-11
2.7637048634894352e-11
3.8553511402928823e-11
5.303644344135197e-11
7.176275148948733e-11
9.520344213157742e-11
1.233663380698185e-10
1.5544007201860288e-10
1.8940008730045378e-10
2.2176953799473384e-10
2.476544758200146e-10
2.61516622645046e-10
2.586230381249004e-10
2.3702168483614067e-10
1.9923615751253088e-10
1.5231502690693983e-10
1.0587513325303643e-10
6.84987500750343e-11
4.464678275177835e-11
3.3975456297053996e-11
3.3125108423349473e-11
3.841613901825646e-11
4.751628751714125e-11
5.961744766885592e-11
7.487443092203447e-11
9.390070263630251e-11
1.1754766332038954e-10
1.4686272609117061e-10
1.8310832410270038e-10
2.277957754650968e-10
2.827226419087409e-10
3.500134847330619e-10
4.32160674118352e-10
5.320650806104718e-10
6.530743182922499e-10
7.990137618544443e-10
9.742098826852888e-10
1.1834974981091192e-09
1.4322080265680776e-09
1.7261323384899996e-09
2.071447990827211e-09
2.4746094098198587e-09
2.942187382149384e-09
3.480655499000829e-09
4.096121031490939e-09
4.793989928998323e-09
5.5785851182349765e-09
6.452709398952183e-09
7.417189339387593e-09
8.470409161575568e-09
9.60789444682973e-09
1.0821970937011437e-08
1.2101562620692736e-08
1.3432257593821512e-08
1.4796502627872607e-08
1.617440461261672e-08
1.7544614050865025e-08
1.888580933012501e-08
2.0178813370815223e-08
2.1408166613374275e-08
2.2565573433738462e-08
2.365138634047798e-08
2.4677516964911613e-08
2.5669576492054652e-08
2.6666657514775495e-08
2.7723319524573432e-08
2.8905687083648633e-08
3.029093016501391e-08
3.195841847861693e-08
3.3988230213899755e-08
3.6443836225328194e-08
3.9368908166191164e-08
4.276691384943336e-08
4.658730114044923e-08
5.071031738734499e-08
5.492480343353479e-08
5.892134984439069e-08

