1.5341697209686672e-15
2.3156607538693057e-15
3.4938728935003628e-15
5.269205030944495e-15
7.942563287803696e-15
1.1965234000724687e-14
1.8013105656615058e-14
2.7096904079391266e-14
4.0725226297752395e-14
6.114513408082346e-14
9.169533990782113e-14
1.3732210062311665e-13
2.053293628693858e-13
3.0645865275508605e-13
4.564356379964692e-13
6.781560442921567e-13
1.0047347919902739e-12
1.4837080925358817e-12
2.182653433596925e-12
3.1965832552139124e-12
4.6572252319969245e-12
6.7440179180558335e-12
9.69631124157389e-12
1.3824104185916534e-11
1.9514499063279037e-11
2.7226019026894335e-11
3.7459663068156456e-11
5.069621797073795e-11
6.727252828044225e-11
8.720012747610897e-11
1.0991390591461007e-10
1.3399338263580025e-10
1.5699244240965967e-10
1.7546188589024257e-10
1.854923949927882e-10
1.8373679609814104e-10
1.6880711949343222e-10
1.424784854947137e-10
1.0973445531962427e-10
7.739412801337492e-11
5.156840240790286e-11
3.547109866693945e-11
2.8924816299510813e-11
2.96197179976735e-11
3.5024292249578817e-11
4.3574625189353377e-11
5.480917165583861e-11
6.897829925281721e-11
8.669296915579727e-11
1.0877533482396299e-10
1.3623763569327943e-10
1.7030596818040895e-10
2.1245629374758636e-10
2.6445418672638336e-10
3.283988453599661e-10
4.067680469176584e-10
5.024641625044595e-10
6.188589328587742e-10
7.598324360718834e-10
9.298058218126393e-10
1.1337594574850189e-09
1.3772337898836144e-09
1.6663057013577015e-09
2.007531408352857e-09
2.4078520489942294e-09
2.874449981298625e-09
3.414552191635662e-09
4.035175500785596e-09
4.742809026098258e-09
5.543042982208335e-09
6.44014440080252e-09
7.436613630847132e-09
8.53271980678545e-09
9.7261076843533e-09
1.1011456248247867e-08
1.2380301782749998e-08
1.3821144693642333e-08
1.5319650024972826e-08
1.685957104934442e-08
1.8423652352884423e-08
1.9995263592544783e-08
2.1560667576253852e-08
2.3110670024395143e-08
2.464438970424141e-08
2.6170740167397434e-08
2.771174939943393e-08
2.9304470046513315e-08
3.1001413132848035e-08
3.287160790184748e-08
3.499734216191977e-08
3.747252111966698e-08
4.0392771941376846e-08
4.3853291724119406e-08
4.7927846026920376e-08
5.266357743253199e-08
5.8054810614073415e-08
6.402359904560368e-08
7.039663498458872e-08
7.687436451692551e-08
8.301698668297704e-08

