8.683610683090249e-16
1.3105941967639662e-15
1.9772681525568057e-15
2.9817258383322956e-15
4.494140190380095e-15
6.769706814301023e-15
1.0190598027363335e-14
1.5328269798309454e-14
2.3035607908557476e-14
3.458290664024869e-14
5.185748185538051e-14
7.765524944515441e-14
1.1610471979301707e-13
1.7327742949961464e-13
2.5806228043738534e-13
3.8340158183208117e-13
5.680156870102636e-13
8.38780598619693e-13
1.2339095946308164e-12
1.8071418155109154e-12
2.6330052216553727e-12
3.813062618893916e-12
5.482859617826965e-12
7.818080267682147e-12
1.10383279092871e-11
1.5404111298977703e-11
2.1200758863635357e-11
2.8703320953470757e-11
3.810700245322677e-11
4.942489407825558e-11
6.234584649718403e-11
7.607622171278741e-11
8.924200122948436e-11
9.989901459159175e-11
1.0583712261718154e-10
1.05157007985665e-10
9.706281375183437e-11
8.255120825616119e-11
6.444878616777574e-11
4.6645290306057916e-11
3.265516461110336e-11
2.4369271091676316e-11
2.1762577548310552e-11
2.360173992420327e-11
2.8534462296591358e-11
3.5776455049353887e-11
4.519993630698206e-11
5.712079573085817e-11
7.210709051917744e-11
9.090430453893704e-11
1.1443624288445736e-10
1.438343449795375e-10
1.8047708702214932e-10
2.260341779881502e-10
2.8251698603076003e-10
3.523321483009228e-10
4.383390723926067e-10
5.439094240348659e-10
6.729844028689404e-10
8.301299277576266e-10
1.020581356067365e-09
1.2502757403613584e-09
1.5258631704316208e-09
1.8546899877527774e-09
2.2447464412082458e-09
2.704568600770663e-09
3.243089037677875e-09
3.869425142915882e-09
4.592610172752483e-09
5.421257727072244e-09
6.3631761118679485e-09
7.4249620244948915e-09
8.611552052658496e-09
9.925885604692451e-09
1.1368577731104739e-08
1.2937810393309476e-08
1.4629540602527497e-08
1.643776190542637e-08
1.8355709693758877e-08
2.0376894590757548e-08
2.2497151336051664e-08
2.471729637500428e-08
2.704523579739306e-08
2.9500415575845336e-08
3.2115756304617416e-08
3.494195317314046e-08
3.8049213711973574e-08
4.152947705605922e-08
4.549556441528891e-08
5.0079776699717206e-08
5.5429327417109465e-08
6.169496189500237e-08
6.902507089603859e-08
7.753745627439775e-08
8.730542171493748e-08
9.83172330463963e-08
1.1043709862365856e-07
1.2335958617774173e-07
1.3654818110734592e-07
1.4919871819225225e-07

