6.709337305920172e-16
1.012585514926661e-15
1.5276106090143188e-15
2.3035516195059335e-15
3.4718393164830456e-15
5.229562377296042e-15
7.871862380482297e-15
1.1840043053000966e-14
1.779271806821992e-14
2.6710801332056854e-14
4.005162966589586e-14
5.997409491901594e-14
8.966602329412981e-14
1.3381553046377121e-13
1.992861969392217e-13
2.960716445934879e-13
4.3862762112914386e-13
6.477087307182901e-13
9.528269178416102e-13
1.3954890663562641e-12
2.0332670653893833e-12
2.9446318414664825e-12
4.234336987311333e-12
6.0382031766499556e-12
8.526085841163248e-12
1.1899620321747516e-11
1.6379902064724945e-11
2.218050965475422e-11
2.9453925874722576e-11
3.821266611459984e-11
4.821952031918735e-11
5.886511595453391e-11
6.909173785991196e-11
7.740031461106935e-11
8.208429516267896e-11
8.167462301361557e-11
7.555283082525463e-11
6.448623188193802e-11
5.066115840724628e-11
3.709439724288624e-11
2.652245465620951e-11
2.04338266031878e-11
1.8838619879564236e-11
2.0813585206674755e-11
2.5346912777175615e-11
3.187447487456213e-11
4.035331243802201e-11
5.110099188497319e-11
6.465137642167133e-11
8.170187056971332e-11
1.0312066461285381e-10
1.2997761163424094e-10
1.6358479901346423e-10
2.055426247372159e-10
2.5779319535591773e-10
3.2267831426795333e-10
4.0300308953999464e-10
5.021036849254549e-10
6.239152452809601e-10
7.730407021473241e-10
9.548121174397733e-10
1.1753431059622014e-09
1.4415636469317047e-09
1.7612304389659457e-09
2.1429045312156067e-09
2.5958858984377513e-09
3.1300989634335085e-09
3.755914896786924e-09
4.483919047226992e-09
5.324606449270884e-09
6.28802737473448e-09
7.3834109130088976e-09
8.618735769017667e-09
1.0000430477155005e-08
1.1533065086760474e-08
1.3219290326019457e-08
1.506011313979568e-08
1.7055221818858994e-08
1.92043673440339e-08
2.1508528356135e-08
2.3972257129375416e-08
2.6606624757588853e-08
2.9431756938350712e-08
3.248173129179903e-08
3.580704224607049e-08
3.947956920294621e-08
4.359452160361311e-08
4.827381749020795e-08
5.366447288233999e-08
5.993831274281473e-08
6.728582227181258e-08
7.590389400993492e-08
8.598709359702541e-08
9.769471706057225e-08
1.1112990323666084e-07
1.2628855088350117e-07
1.4300456264191572e-07
1.6088666524294973e-07
1.792315044053507e-07
1.9696814727400904e-07

