1.0759937144762887e-15
1.6240173388433816e-15
2.4501997249820107e-15
3.695026112361101e-15
5.569428342290043e-15
8.389735918853487e-15
1.2629688727095046e-14
1.8997684077948698e-14
2.855101956518285e-14
4.286448133497072e-14
6.427782734615969e-14
9.62572873511298e-14
1.4392122326674113e-13
2.1479690135281232e-13
3.1990438503764163e-13
4.752886996418502e-13
7.041574123293015e-13
1.0398271190970505e-12
1.5296654744416916e-12
2.2402794741012306e-12
3.264031822215276e-12
4.7267695252194935e-12
6.796412567516044e-12
9.690543541707758e-12
1.3681030605944162e-11
1.909019482386776e-11
2.6270734092380646e-11
3.5562047082517544e-11
4.720380657060446e-11
6.120904971602305e-11
7.718800578383876e-11
9.415224475343249e-11
1.1039411641666604e-10
1.2350065395143673e-10
1.3073201169312124e-10
1.2973705077661767e-10
1.195345777494395e-10
1.0136343486910945e-10
7.872311117123171e-11
5.6418574128897256e-11
3.877717944708494e-11
2.8106421151514808e-11
2.4337836807725403e-11
2.5906097883805468e-11
3.109489143835252e-11
3.888120192637996e-11
4.90387342776394e-11
6.186984807015711e-11
7.796422357213155e-11
9.810084808447211e-11
1.2324205662967475e-10
1.5456107459489707e-10
1.934802118374438e-10
2.417133624014722e-10
3.01313913514539e-10
3.7472486167585036e-10
4.6483160219537145e-10
5.750152668860205e-10
7.092022612856391e-10
8.719098164277664e-10
1.0682791924856515e-09
1.3040942050183332e-09
1.5857770263073525e-09
1.9203534877728256e-09
2.3153816378935082e-09
2.778832928597249e-09
3.3189211679560177e-09
3.943870485107238e-09
4.661623873669001e-09
5.479490051320688e-09
6.403739237786097e-09
7.439178864324576e-09
8.588695429863294e-09
9.852891924713211e-09
1.1229751123649531e-08
1.2714494674697468e-08
1.4299744779655415e-08
1.597575066882014e-08
1.7731469511837227e-08
1.955552772068477e-08
2.1438076467542527e-08
2.3373266471247335e-08
2.5361113612358106e-08
2.7411646476780196e-08
2.954656983659393e-08
3.180311678443563e-08
3.423577026248449e-08
3.6917672285769754e-08
3.994048426184557e-08
4.341215217154995e-08
4.745354540299918e-08
5.2187654545341887e-08
5.7735492861226386e-08
6.419101014221529e-08
7.161145859161819e-08
7.99835572893548e-08
8.919413036028349e-08
9.899546989322352e-08
1.0895932000362359e-07
1.1845178166949754e-07

