5.665712455711725e-16
8.55059560549742e-16
1.289931670232024e-15
1.9450960599972843e-15
2.9315110165201204e-15
4.41556090985264e-15
6.6464008919448955e-15
9.996565278929673e-15
1.502202169521251e-14
2.2550789952960583e-14
3.381303164878527e-14
5.063107726380016e-14
7.569576013370686e-14
1.1296428815943077e-13
1.682301805647823e-13
2.4992910181162193e-13
3.7026346961218777e-13
5.467532656979544e-13
8.043121449519271e-13
1.1779820165238015e-12
1.7163718149452022e-12
2.485743695732619e-12
3.5745671414693148e-12
5.097573937422171e-12
7.198288666451888e-12
1.0047163784549914e-11
1.3831234403008226e-11
1.873141388121103e-11
2.4877343530182034e-11
3.228087231865622e-11
4.074340947163004e-11
4.975245577903915e-11
5.841699616933089e-11
6.547292228463325e-11
6.947991479076921e-11
6.919681837482538e-11
6.409968204577755e-11
5.483514030784836e-11
4.325078458235623e-11
3.190026903309335e-11
2.3105837780155614e-11
1.8139540607184575e-11
1.702636533281925e-11
1.9003639535099034e-11
2.3236114052373087e-11
2.9271812136765724e-11
3.710703621034479e-11
4.705307036001957e-11
5.96168161677452e-11
7.545948769428044e-11
9.540700590307248e-11
1.20481502701862e-10
1.5194237137376554e-10
1.9133334218885095e-10
2.405376287596507e-10
3.018387235624083e-10
3.7798810222871984e-10
4.722787631843522e-10
5.886208566940804e-10
7.316206354114404e-10
9.06654517544816e-10
1.119937254795211e-09
1.378575627728196e-09
1.6906008565117471e-09
2.064971447772158e-09
2.511535564595038e-09
3.0409468285913293e-09
3.6645173819711325e-09
4.39401776338122e-09
5.241402327637879e-09
6.218484217535067e-09
7.336587478231854e-09
8.606139294092609e-09
1.0036402563135014e-08
1.1635189008041971e-08
1.3408839992713068e-08
1.5362559468359352e-08
1.7500801516906695e-08
1.982879479910873e-08
2.2353836271798824e-08
2.508789326302199e-08
2.8050809794529858e-08
3.127324320826563e-08
3.480196137739049e-08
3.870283958731181e-08
4.306642548355245e-08
4.801022484789003e-08
5.3683047509389756e-08
6.026305601031335e-08
6.795835695892212e-08
7.699980499923261e-08
8.76280236926608e-08
1.0008233427171134e-07
1.1456375836229577e-07
1.312079582205715e-07
1.500246558675547e-07
1.7082845574560894e-07
1.9315932288242198e-07
2.1617172499611524e-07
2.3856081052988884e-07

