4.696444750294608e-16
7.087611775184625e-16
1.0691994150074993e-15
1.6122083134125525e-15
2.429737922523696e-15
3.659665191671219e-15
5.508450332149621e-15
8.284782029372276e-15
1.2449333233127417e-14
1.8688182310047263e-14
2.8020592279023675e-14
4.1956448579602664e-14
6.272520419058293e-14
9.360552797246965e-14
1.3939752937370707e-13
2.0709047386529223e-13
3.067947079683777e-13
4.530268925997398e-13
6.664308522208977e-13
9.760446638951772e-13
1.4221524389905705e-12
2.0596746578651625e-12
2.961949542047093e-12
4.2241065384560514e-12
5.965184434686258e-12
8.326618892202792e-12
1.1463717460595966e-11
1.552690642835699e-11
2.0624389803103908e-11
2.6767087471843005e-11
3.379188221216316e-11
4.127580350546559e-11
4.848225344213652e-11
5.436510824407144e-11
5.773138715556683e-11
5.75520500064764e-11
5.339161732834373e-11
4.5785146602011193e-11
3.6265351831991746e-11
2.695423871968838e-11
1.978658742601502e-11
1.583007715748583e-11
1.51202225713041e-11
1.704048837688025e-11
2.0916488400247294e-11
2.6396486069618226e-11
3.350799707011106e-11
4.2549615657780914e-11
5.399455979560105e-11
6.845975136557486e-11
8.671882798817496e-11
1.0973389821274855e-10
1.3869672433125577e-10
1.750765265497758e-10
2.2067667610737063e-10
2.7769831672938643e-10
3.4881245170670306e-10
4.3723999729252777e-10
5.468364398375762e-10
6.821830393828213e-10
8.486767554832725e-10
1.0526184968171769e-09
1.3012916499353108e-09
1.6030239573294606e-09
1.9672251407550003e-09
2.4043882905301105e-09
2.9260491082593856e-09
3.5446848447942543e-09
4.273562424113209e-09
5.126511298093212e-09
6.1176448738927545e-09
7.2610585070090604e-09
8.570460061855676e-09
1.0058951374787405e-08
1.1738780320720338e-08
1.3621383591451398e-08
1.57178035507725e-08
1.80391743427775e-08
2.0598444711657e-08
2.3411874311534477e-08
2.650200553052816e-08
2.99012677881964e-08
3.36555241802257e-08
3.782998402391202e-08
4.2513049121258845e-08
4.782279595952246e-08
5.390995230004691e-08
6.09636447924121e-08
6.920934423412062e-08
7.891069573261649e-08
9.036121983138582e-08
1.0387034511700827e-07
1.1974917973600552e-07
1.382676218746718e-07
1.5961823147133433e-07
1.8384130357599328e-07
2.1073367802678973e-07
2.3974380963218087e-07
2.6982346510076043e-07
2.9932433425129965e-07

