4.1745312615586625e-16
6.299869996710848e-16
9.503493550457404e-16
1.432974308099902e-15
2.159579328379818e-15
3.2526955363326746e-15
4.895800567389918e-15
7.363215898557705e-15
1.106431962868119e-14
1.66087875655282e-14
2.4902363939037407e-14
3.728675763168757e-14
5.574307898992414e-14
8.318476321304105e-14
1.238771928927012e-13
1.8403105202371282e-13
2.7263049982663165e-13
4.025753804883455e-13
5.9221070649179e-13
8.673418552564054e-13
1.2637699328789867e-12
1.830306752391855e-12
2.6321389573734318e-12
3.753832546742689e-12
5.301225797924067e-12
7.400101816655693e-12
1.0188636983695474e-11
1.380076718452397e-11
1.8333042717628138e-11
2.3795730411223957e-11
3.004462111368583e-11
3.670473697815715e-11
4.3122433412546906e-11
4.836885467728215e-11
5.138425161111033e-11
5.1254036506105496e-11
4.7590720913945897e-11
4.086953678073879e-11
3.2453508547136e-11
2.4231446293343352e-11
1.7928115719642235e-11
1.4499448447956489e-11
1.3984943313335039e-11
1.5845204712761277e-11
1.94908305714346e-11
2.4621978427755916e-11
3.128015342505496e-11
3.9753395407356615e-11
5.049202891176787e-11
6.408315796370094e-11
8.12648638514395e-11
1.0295784251525729e-10
1.3030639184317876e-10
1.6472638368229917e-10
2.0796260279055666e-10
2.621538498559197e-10
3.29907534572385e-10
4.143836866565536e-10
5.193853808758424e-10
6.494580160873353e-10
8.099900829966487e-10
1.0073154741777825e-09
1.2488099338934031e-09
1.5429746416599001e-09
1.8995001897177243e-09
2.32929820190141e-09
2.8444949595896966e-09
3.4583679711496907e-09
4.1852339189263615e-09
5.040262744715735e-09
6.039239782826359e-09
7.1983047752039465e-09
8.53361943175433e-09
1.0061191300408222e-08
1.1796664159222893e-08
1.3755413484799483e-08
1.5953033419663736e-08
1.8405908542669445e-08
2.113309312181119e-08
2.415798188907138e-08
2.751158121888263e-08
3.1236451495401464e-08
3.539076559692203e-08
4.005475391937591e-08
4.5335289875568724e-08
5.1373168136267e-08
5.834677619929772e-08
6.647900935181598e-08
7.603539623794607e-08
8.7326955182365e-08
1.0070129069766675e-07
1.1652790058608607e-07
1.351815678428143e-07
1.5699467894506238e-07
1.8221364938774012e-07
2.109118967814778e-07
2.428799165383541e-07
2.7749832545782623e-07
3.1355701866042e-07
3.491253137733725e-07

