1.8050553318630024e-14
2.7247856017094362e-14
4.111529603157127e-14
6.201237057277223e-14
9.348203537411342e-14
1.4083789423433733e-13
2.1203796720868755e-13
3.189822323709679e-13
4.794312690535014e-13
7.198370084136996e-13
1.0794970146213811e-12
1.6166204946846447e-12
2.417145174680602e-12
3.607423484559504e-12
5.37238084796316e-12
7.981162753657108e-12
1.1822880020326872e-11
1.7455822275057127e-11
2.5673191403428984e-11
3.758944918508264e-11
5.474846308215483e-11
7.925124395284342e-11
1.1389702858567916e-10
1.6230604471113177e-10
2.289906010097325e-10
3.192821561257107e-10
4.389842845034724e-10
5.93630037300609e-10
7.870270248885971e-10
1.0191362749496062e-09
1.2831494183418484e-09
1.5622741180245589e-09
1.8278208216479979e-09
2.039572255675003e-09
2.152215127669734e-09
2.1272815000723557e-09
1.9492835714746534e-09
1.63936858153208e-09
1.255369958556393e-09
8.75466442667648e-10
5.686371805830921e-10
3.6966580368827245e-10
2.7393451552125526e-10
2.522170673966148e-10
2.725383295770058e-10
3.1342386512088577e-10
3.6501985501050977e-10
4.2430016886063745e-10
4.907824903925311e-10
5.645209078534898e-10
6.455064713100145e-10
7.335233422339587e-10
8.280950595077873e-10
9.284421588837045e-10
1.0334515534416657e-09
1.1416545658387116e-09
1.2512246732826374e-09
1.3599960760154492e-09
1.4655102388283329e-09
1.5650926605949789e-09
1.6559589474459039e-09
1.7353620173848757e-09
1.8007401795378477e-09
1.8499231850879487e-09
1.8812944436700835e-09
1.89396748976452e-09
1.8879594720390495e-09
1.8641960059627656e-09
1.8246543127901096e-09
1.772176522060446e-09
1.710390394372277e-09
1.6434988018363986e-09
1.5758629297956804e-09
1.5118402200766167e-09
1.4552337820600065e-09
1.4091775930636217e-09
1.3756128781282112e-09
1.3554916333955874e-09
1.3482424105024567e-09
1.352309636764818e-09
1.3649230509923574e-09
1.3825702371355345e-09
1.401162103503969e-09
1.4164058017189193e-09
1.4240479160771724e-09
1.4201887853372565e-09
1.4014831390235142e-09
1.3653344535683555e-09
1.310051858948081e-09
1.2349725500024568e-09
1.1406143973585321e-09
1.0286963861204822e-09
9.024004144902925e-10
7.661822746999437e-10
6.258964685803759e-10
4.883674003736601e-10
3.60742371633458e-10
2.496466166251601e-10
1.598316817479994e-10
9.330799403746645e-11

