4.64939091065152e-15
7.016671746030627e-15
1.0584852107739798e-14
1.5959932514968852e-14
2.4051412466903385e-14
3.622260280864736e-14
5.451414220193434e-14
8.197567530468361e-14
1.2315593166332568e-13
1.8482522772070922e-13
2.7703495435027725e-13
4.1466342517540917e-13
6.19660985390177e-13
9.242780128682529e-13
1.3756818982441425e-12
2.0424738308377808e-12
3.0237663150062507e-12
4.461674571761992e-12
6.557997423402357e-12
9.596127597830026e-12
1.3968506085484707e-11
2.0209095019967647e-11
2.9029336479460214e-11
4.134973217798431e-11
5.831875954596905e-11
8.129612947883196e-11
1.1176801977516528e-10
1.511639355996604e-10
2.0049641086906313e-10
2.5983464933036855e-10
3.2757816819019643e-10
3.996571049867372e-10
4.690537931550425e-10
5.258919164695863e-10
5.590301330012542e-10
5.590292960111724e-10
5.221667805038853e-10
4.5384347167295734e-10
3.686184287894536e-10
2.861678089924233e-10
2.2395097733253757e-10
1.9098509125550637e-10
1.865300487993211e-10
2.0373795785277566e-10
2.3508309395243124e-10
2.7565118218154427e-10
3.234197779065805e-10
3.78057268066099e-10
4.398433701243094e-10
5.091512000240525e-10
5.862775404168742e-10
6.713852245190995e-10
7.644662504665251e-10
8.653108130637526e-10
9.734796370563674e-10
1.0882852261757666e-09
1.2087890402964168e-09
1.3338054803675675e-09
1.461945207836265e-09
1.591661163731732e-09
1.7213354362277302e-09
1.8494028125054576e-09
1.9744474050124696e-09
2.095409836228879e-09
2.211683340902933e-09
2.3232968866098665e-09
2.4310460638059598e-09
2.536505646217484e-09
2.6421447331409954e-09
2.751143286089456e-09
2.8673568487102932e-09
2.9949362708123204e-09
3.1382076593955725e-09
3.3010296017344956e-09
3.4866741035277305e-09
3.697230058541274e-09
3.933290355090279e-09
4.193812711083392e-09
4.475691000719615e-09
4.7739568633555405e-09
5.0816134557231324e-09
5.389941845061346e-09
5.688574307042235e-09
5.965916980295919e-09
6.2092813796263876e-09
6.405337747345823e-09
6.540214081133747e-09
6.600102297416498e-09
6.571289120838993e-09
6.4411403917763164e-09
6.1990456001841e-09
5.837615913029172e-09
5.3561606956256415e-09
4.76216658836926e-09
4.075875889406493e-09
3.331258500468932e-09
2.5749471932425196e-09
1.8614772971800729e-09
1.2420797314842461e-09
7.536231763285396e-10
