9.433459008292135e-15
1.423888980355702e-14
2.1483587540854218e-14
3.239943090337227e-14
4.883585406069826e-14
7.356606192332743e-14
1.1074258307012234e-13
1.665735907072486e-13
2.5032270097333e-13
3.757836695354453e-13
5.634439998803188e-13
8.436433488042187e-13
1.2611629666404305e-12
1.8818275135923058e-12
2.8019520794120596e-12
4.161682194685401e-12
6.163582545330182e-12
9.098224959079749e-12
1.3378363023622908e-11
1.958382248683239e-11
2.8517732928369525e-11
4.1272977992364254e-11
5.930565365770673e-11
8.449919443001754e-11
1.1920195369317748e-10
1.6619054192283298e-10
2.2849175486185811e-10
3.090002694204925e-10
4.0972859944323963e-10
5.30712831323602e-10
6.685040306056224e-10
8.145084568804258e-10
9.539978648893128e-10
1.0662981637975568e-09
1.128105359479646e-09
1.1196482306403357e-09
1.0330188200182936e-09
8.792293353213944e-10
6.882539544444605e-10
5.006088275061522e-10
3.521091027638186e-10
2.6095776446786434e-10
2.2504281213446297e-10
2.2955179503769913e-10
2.5825092980262485e-10
3.003195010577146e-10
3.5092784451424787e-10
4.087550611029596e-10
4.737655051791869e-10
5.461574325778605e-10
6.26036810964378e-10
7.133254883981099e-10
8.077154063511345e-10
9.086300404248572e-10
1.0151940394452613e-09
1.1262116077380849e-09
1.2401633807652208e-09
1.355218118688898e-09
1.4692779716649876e-09
1.5800422533208464e-09
1.6851055466433848e-09
1.7820972403578908e-09
1.868805772380719e-09
1.9433909059011695e-09
2.0045152125338118e-09
2.0515239452525383e-09
2.084610308295711e-09
2.104802831371493e-09
2.1141282626701656e-09
2.115391290934434e-09
2.1121433952413593e-09
2.108380105463909e-09
2.108269473628941e-09
2.1157705425917595e-09
2.1342929322396917e-09
2.166382394549427e-09
2.2132800456098064e-09
2.275048857302719e-09
2.350040770004069e-09
2.435376361774611e-09
2.5267287340539766e-09
2.6187911285345396e-09
2.7054095192552736e-09
2.7800501519009795e-09
2.836013928286471e-09
2.8668717174896237e-09
2.8666866138410034e-09
2.830385066790668e-09
2.7539496296282706e-09
2.634801538224679e-09
2.472168576975236e-09
2.267346013463298e-09
2.024613775843332e-09
1.751218053086897e-09
1.4582437454331965e-09
1.1601613996220679e-09
8.737650432005155e-10
6.162879301592443e-10
4.018670562499671e-10
2.387194777414424e-10

