3.624260166145221e-14
5.471199659806673e-14
8.256143942348552e-14
1.2453118065569312e-13
1.8773977667416556e-13
2.8286455994103784e-13
4.2589849290477906e-13
6.407594834742589e-13
9.631493130081753e-13
1.4462479779410058e-12
2.1690717994795754e-12
3.2486797615404884e-12
4.8579181946316464e-12
7.250956700502427e-12
1.0799844479632162e-11
1.6046150303437704e-11
2.3772943734878292e-11
3.5103908470715206e-11
5.163573259284775e-11
7.561202055101578e-11
1.101410890256191e-10
1.5945314803145112e-10
2.2918420045966015e-10
3.2662261395440857e-10
4.6085088739229466e-10
6.425959033376513e-10
8.835246161187621e-10
1.1947396722581958e-09
1.5838345716322898e-09
2.0506020996322646e-09
2.581122522846771e-09
3.141263062373464e-09
3.672813230944226e-09
4.094237165881183e-09
4.313691919703186e-09
4.253183425736689e-09
3.881196703782588e-09
3.2402955565174953e-09
2.4471912530311915e-09
1.6596579705864984e-09
1.0167582872725369e-09
5.883073002624241e-10
3.6438017343732326e-10
2.852836370738677e-10
2.8578161020333e-10
3.2190749554559327e-10
3.7323212714224803e-10
4.331908839636395e-10
5.004501853531734e-10
5.748844363022312e-10
6.564048038647736e-10
7.447111526106532e-10
8.392254755206318e-10
9.390468518547718e-10
1.0429210535338455e-09
1.1492187570503165e-09
1.2559340849826957e-09
1.360708181845138e-09
1.4608764182406822e-09
1.5535539809090531e-09
1.6357472936732016e-09
1.7045048321649303e-09
1.7570831486295783e-09
1.7911446623612174e-09
1.8049425801391083e-09
1.7974960852288324e-09
1.7687585305761576e-09
1.7196560367623847e-09
1.6521845884220423e-09
1.5692767807465095e-09
1.474676659307806e-09
1.3727711135476147e-09
1.2681297709246186e-09
1.1654049082707255e-09
1.0687400389139918e-09
9.816572081588563e-10
9.06648593981344e-10
8.451786481236227e-10
7.974315243308643e-10
7.625971488912289e-10
7.388566333938376e-10
7.236739180533981e-10
7.141077830895306e-10
7.069935457828639e-10
6.992855360075996e-10
6.882206298617941e-10
6.7152146424186e-10
6.474693325022184e-10
6.150250042001855e-10
5.73822153258483e-10
5.242289424134903e-10
4.672937974382731e-10
4.047977821318035e-10
3.390984825957174e-10
2.7308999752977227e-10
2.0993478669577085e-10
1.5271747692170973e-10
1.0406407446197014e-10
6.56097530746018e-11
3.7732243501508714e-11

