2.5847216828254556e-14
3.9018299913696904e-14
5.887805990974634e-14
8.880631533872048e-14
1.3387841672049765e-13
2.0170669527256606e-13
3.0369268924834177e-13
4.56886861871778e-13
6.867387736465821e-13
1.0311550498801693e-12
1.546455242401383e-12
2.3160693103760985e-12
3.4631805417787615e-12
5.168918520996326e-12
7.698401905397103e-12
1.1437524724953647e-11
1.6944230474339986e-11
2.5019109986549065e-11
3.6799700348244866e-11
5.388435778668402e-11
7.848739348842028e-11
1.1362228396609814e-10
1.6330395811963481e-10
2.3272462208520009e-10
3.283551437519335e-10
4.578392158867125e-10
6.294932382061928e-10
8.512372803549965e-10
1.128501737948426e-09
1.4611761618934584e-09
1.8394056518296632e-09
2.238968234010476e-09
2.6185253913250044e-09
2.9201555629199815e-09
3.078608132039062e-09
3.0384787140747003e-09
2.777412221883393e-09
2.325733171779594e-09
1.7665044859627072e-09
1.2120120676531403e-09
7.612665515940693e-10
4.6406333142404234e-10
3.1351110089897537e-10
2.673284372582637e-10
2.792870339308878e-10
3.18272674906598e-10
3.698969207731352e-10
4.2961286957652147e-10
4.965671318677201e-10
5.707283972808552e-10
6.520426231534881e-10
7.402441741405177e-10
8.347963668151174e-10
9.348476224143782e-10
1.0392009504883813e-09
1.1462920533848318e-09
1.254187521550093e-09
1.360606293306597e-09
1.4629666045630845e-09
1.558467901581546e-09
1.6442000351194875e-09
1.7172927203163082e-09
1.775073901268661e-09
1.8152713662943258e-09
1.8361880375506655e-09
1.8368775145385937e-09
1.817315706856816e-09
1.7784229024413889e-09
1.7221836314197476e-09
1.6514881214953349e-09
1.5700263659900875e-09
1.4821076143770544e-09
1.3922061059954763e-09
1.3048535737942567e-09
1.2240432116924664e-09
1.1531410885247096e-09
1.094398634303143e-09
1.049082135861395e-09
1.017050986062228e-09
9.972053076956856e-10
9.873335388526875e-10
9.845168734558648e-10
9.853522527937004e-10
9.862382841987643e-10
9.836588476163049e-10
9.744221879012592e-10
9.558572149253397e-10
9.259385684463248e-10
8.834225652895925e-10
8.278906328088737e-10
7.598445676092221e-10
6.806769462233524e-10
5.927938064274437e-10
4.994347256629653e-10
4.0467763081572554e-10
3.130946080070651e-10
2.292804927036602e-10
1.5729673137220108e-10
9.984585402710165e-11
5.7805552643564756e-11
