1.82194023550729e-15
2.7485982144024853e-15
4.144690190349447e-15
6.246692072665236e-15
9.40926062767907e-15
1.4163614999815732e-14
2.1304266443995653e-14
3.201758668780793e-14
4.807158123775135e-14
7.209536673743647e-14
1.0798856280494829e-13
1.6151798263862084e-13
2.4118330516162563e-13
3.594604864731996e-13
5.345784286061661e-13
7.930244926002973e-13
1.173031912744854e-12
1.7293755818987947e-12
2.5397747331677826e-12
3.713302492793106e-12
5.400931199861194e-12
7.808030878355101e-12
1.1208261833332877e-11
1.5955934620396656e-11
2.2493755403544535e-11
3.1347367028443806e-11
4.3094607045248576e-11
5.829809469382195e-11
7.737174231588364e-11
1.0038514465955825e-10
1.2679305793586502e-10
1.551371400508901e-10
1.828663635075707e-10
2.0636918652288626e-10
2.2156551135286705e-10
2.2501311458790847e-10
2.1540721947909286e-10
1.9485878883756365e-10
1.689203214692285e-10
1.4509158779646252e-10
1.3009179186889556e-10
1.2753369008962367e-10
1.3742416660258287e-10
1.5751376711463469e-10
1.8532338789581275e-10
2.1937336589555188e-10
2.5929440430039635e-10
3.053801719793018e-10
3.5818391326231906e-10
4.1832210936009034e-10
4.86408517954075e-10
5.63030072009188e-10
6.487289105665975e-10
7.439911981305293e-10
8.492341549315097e-10
9.648028714220845e-10
1.0909783252610245e-09
1.2279856583133005e-09
1.376041868367258e-09
1.5353927059376348e-09
1.7063944951363818e-09
1.8896172752320216e-09
2.0859345405206358e-09
2.2967023858580993e-09
2.5238530411942747e-09
2.7700792995911314e-09
3.03892930543297e-09
3.3349219452673685e-09
3.6635545996585585e-09
4.0312928070710316e-09
4.445455964246032e-09
4.913903834429542e-09
5.444932526259462e-09
6.046542054795799e-09
6.726301158684961e-09
7.490531060710202e-09
8.343893520069864e-09
9.288785246796741e-09
1.032475680360181e-08
1.144801247232641e-08
1.2650850327682702e-08
1.392113625331948e-08
1.524162179503718e-08
1.6589212316189192e-08
1.7933857259273034e-08
1.923749765108312e-08
2.0451836280140283e-08
2.1517946751940966e-08
2.2363080568259702e-08
2.2902586433239813e-08
2.304204463543445e-08
2.2683661580926576e-08
2.1745006469257536e-08
2.017488207046351e-08
1.7986208438305116e-08
1.5276507697752863e-08
1.2237637822286236e-08
9.141195369029698e-09
6.283056113363385e-09
3.9148642591348305e-09

