3.2363068518041203e-15
4.88351865411972e-15
7.365963005614387e-15
1.110487373869178e-14
1.6732298513883066e-14
2.5195418170035618e-14
3.7911620238525226e-14
5.699853523145048e-14
8.56138138975026e-14
1.284558663568401e-13
1.924978879827477e-13
2.8805845721864456e-13
4.3035584990427734e-13
6.417420611659587e-13
9.54897023524126e-13
1.4173358240533648e-12
2.097685383235873e-12
3.0943196979217817e-12
4.546890221402422e-12
6.651470644315353e-12
9.679538363046804e-12
1.4000440778627195e-11
2.0106304514657616e-11
2.8634006495975535e-11
4.0378539357372757e-11
5.628201940680647e-11
7.737617337863629e-11
1.0465748349432337e-10
1.388410391006784e-10
1.800005787781723e-10
2.2707140692711212e-10
2.773028562098353e-10
3.259299724164704e-10
3.6623379493896926e-10
3.906307593203509e-10
3.927037584961015e-10
3.699516089521268e-10
3.2612585995264257e-10
2.7126210994718363e-10
2.189210218185555e-10
1.8117172202709358e-10
1.643269005339598e-10
1.680364536404218e-10
1.8777789226872135e-10
2.185735483424645e-10
2.5724252770298585e-10
3.02595065128186e-10
3.5460903090425e-10
4.1368839753553474e-10
4.803045933437254e-10
5.548760527339175e-10
6.37724245691126e-10
7.29042845405e-10
8.288728950305146e-10
9.370788045786911e-10
1.0533334397873397e-09
1.1771173038401915e-09
1.3077209024494997e-09
1.4442878126054993e-09
1.585853183900048e-09
1.7314256864695554e-09
1.8801008398226e-09
2.0311482162055677e-09
2.184208511849236e-09
2.3393786883302987e-09
2.497394397682663e-09
2.659738610406536e-09
2.828686228793362e-09
3.0073708135913765e-09
3.199655134741837e-09
3.4100628225497146e-09
3.6433986792384346e-09
3.904653919706501e-09
4.198287807515776e-09
4.528140970962166e-09
4.896730111770409e-09
5.304937751802715e-09
5.75170859268006e-09
6.23362175926443e-09
6.744881396818061e-09
7.2770981061873576e-09
7.819407583312438e-09
8.358411318912097e-09
8.878410234055165e-09
9.361340079585601e-09
9.787031952656404e-09
1.013295870068243e-08
1.0374848980715957e-08
1.0486248032649363e-08
1.0439970811159917e-08
1.020954047201535e-08
9.771570586936719e-09
9.112534818239299e-09
8.232825533010488e-09
7.156787629639197e-09
5.936780117039819e-09
4.653361186586797e-09
3.4076858294249156e-09
2.3007441464487314e-09
1.4108805995071558e-09
