6.597322477579548e-15
9.957313973970102e-15
1.5022392969080578e-14
2.2653364475123723e-14
3.41423798758336e-14
5.142670876056812e-14
7.740670102186189e-14
1.1641773903346162e-13
1.749277701429364e-13
2.6256593526856856e-13
3.9363138915984857e-13
5.892953651324633e-13
8.808002456549831e-13
1.3140603852654848e-12
1.956244370011013e-12
2.905067970099387e-12
4.301741338238007e-12
6.348788647357938e-12
9.333846023706405e-12
1.366092083160695e-11
1.9889553692884262e-11
2.8781115508664976e-11
4.135002540624797e-11
5.890858060035041e-11
8.309348517070854e-11
1.1584104410672644e-10
1.5926451371902563e-10
2.1539005998715091e-10
2.856381100069197e-10
3.7006623365759973e-10
4.663249125990186e-10
5.685083122794189e-10
6.664679998856243e-10
7.459424259680525e-10
7.908502177946369e-10
7.875557529403141e-10
7.306373286921937e-10
6.277774615576921e-10
4.998008870578786e-10
3.748545281813384e-10
2.778599523357652e-10
2.2157078043167783e-10
2.0469299540360329e-10
2.171445304263613e-10
2.4786149187582956e-10
2.8952738849502877e-10
3.389739959735803e-10
3.954589873435384e-10
4.591205963640901e-10
5.302419013279715e-10
6.090163320453119e-10
6.954749235340319e-10
7.894447252352746e-10
8.905134766201208e-10
9.98000087317845e-10
1.1109339340445533e-09
1.2280515423773985e-09
1.3478040749549622e-09
1.4684016021282955e-09
1.5878679919507603e-09
1.7041334663462995e-09
1.8151671012736443e-09
1.919086503836373e-09
2.014369867538968e-09
2.0999686150867074e-09
2.1754894717506875e-09
2.2413455054708925e-09
2.298749425839875e-09
2.3498626447882782e-09
2.397581442406445e-09
2.44551493678496e-09
2.4976328068806123e-09
2.558083263186549e-09
2.6306670335715944e-09
2.7186284851590006e-09
2.8241918880337945e-09
2.948198069644602e-09
3.090108486496374e-09
3.2475308576159074e-09
3.4165786295642095e-09
3.5916922231220712e-09
3.766048012343106e-09
3.931676660561879e-09
4.0799386072658125e-09
4.201717860552504e-09
4.287896673669767e-09
4.329558190323909e-09
4.3184788411460645e-09
4.247295054370632e-09
4.110133586792347e-09
3.903209122158697e-09
3.6254125538848668e-09
3.280127208027368e-09
2.875653663298675e-09
2.427306744483717e-09
1.957314002494978e-09
1.493601099387279e-09
1.0667910724415588e-09
7.039124133725947e-10
4.227607445497779e-10

