2.270989604731489e-15
3.4263850323837363e-15
5.167314273762459e-15
7.788878893267171e-15
1.1733745804872344e-14
1.7665095480092658e-14
2.6575020046082063e-14
3.994525708490963e-14
5.998450690047926e-14
8.997802772897443e-14
1.3479988718377303e-13
2.0165978467231175e-13
3.0118684597007335e-13
4.4898675383092563e-13
6.678672733315201e-13
9.909774989508959e-13
1.466178232319438e-12
2.16205304071832e-12
3.175933883700129e-12
4.64444235139191e-12
6.7567052464358644e-12
9.770009016178801e-12
1.4027182228009454e-11
1.997200599447849e-11
2.8158755697461662e-11
3.9245026490893816e-11
5.395258510127965e-11
7.298188435097814e-11
9.6843099004376e-11
1.2560874124256499e-10
1.5857174396753934e-10
1.938686279902311e-10
2.2825297615461115e-10
2.5713638877660106e-10
2.753370619008195e-10
2.784775292278539e-10
2.648781362576235e-10
2.371691155817765e-10
2.0231854935685674e-10
1.6973996889785214e-10
1.4784345466847745e-10
1.4109839527045843e-10
1.494052714035474e-10
1.6980393601409306e-10
1.9903273132992822e-10
2.350795704406498e-10
2.7731890757554167e-10
3.259452839906791e-10
3.81462639099502e-10
4.4443592645859147e-10
5.154069144289616e-10
5.948626199833212e-10
6.832119264972991e-10
7.80768602807682e-10
8.877332613587365e-10
1.0041847448830727e-09
1.1300837311413347e-09
1.2652771809707734e-09
1.409543162754393e-09
1.5626262611311779e-09
1.72431773930169e-09
1.8945607807478084e-09
2.073535924031004e-09
2.261846003334801e-09
2.460601578271823e-09
2.671602803333615e-09
2.8974338978775935e-09
3.1415481846350767e-09
3.408291131298827e-09
3.7028396871608606e-09
4.031099031693551e-09
4.399353354837507e-09
4.814166509458727e-09
5.281638682315693e-09
5.807297866334157e-09
6.395316453338728e-09
7.048150178991534e-09
7.766054016413899e-09
8.54658459661147e-09
9.384316131985549e-09
1.0270459798909526e-08
1.119265479518897e-08
1.2134611985208683e-08
1.3075896559320848e-08
1.3991385760786671e-08
1.485095452630645e-08
1.5618333462334738e-08
1.6251372146602233e-08
1.6700382539579913e-08
1.691001962415569e-08
1.6821243569878926e-08
1.637577274099916e-08
1.5528838161410242e-08
1.4258796009523205e-08
1.2588104822087882e-08
1.0594796125486397e-08
8.416655944506302e-09
6.239608082668555e-09
4.259651679822717e-09
2.638114070134111e-09

