1.578597912771743e-15
2.381322855893096e-15
3.590591399929155e-15
5.411131457949122e-15
8.149944675434574e-15
1.2266805797597646e-14
1.8449269448465363e-14
2.772383952776141e-14
4.1620029631307123e-14
6.241192612280217e-14
9.347197199761708e-14
1.3978650851105595e-13
2.087035707612249e-13
3.1100679121362975e-13
4.624495870727881e-13
6.85918372963261e-13
1.014443124448784e-12
1.4953369287844252e-12
2.195722341238668e-12
3.209789937205123e-12
4.667901664691049e-12
6.747384496451678e-12
9.684536635084495e-12
1.3785334919432547e-11
1.943219902662601e-11
2.707943631827304e-11
3.722699669893152e-11
5.036275005617905e-11
6.684803922542031e-11
8.674987318505149e-11
1.0960876175473228e-10
1.3418267925629113e-10
1.5829273683008407e-10
1.7885067708620807e-10
1.9236676848487342e-10
1.9589975927188278e-10
1.8834479561418815e-10
1.7153223725674111e-10
1.5025200927581005e-10
1.3097296774453441e-10
1.1950233258230804e-10
1.1898845539535194e-10
1.2949092201597197e-10
1.4913779653586524e-10
1.7586640584113874e-10
2.0847960161640994e-10
2.467428042559454e-10
2.91000864137294e-10
3.4183274163577515e-10
3.9988366510992073e-10
4.658096132409441e-10
5.40257970908287e-10
6.238533520176392e-10
7.171905190118707e-10
8.208252698980105e-10
9.352754276004979e-10
1.0610325116113022e-09
1.198573707000064e-09
1.3484124304965757e-09
1.5111379814764739e-09
1.6875000653132142e-09
1.878512570689622e-09
2.0855489551219414e-09
2.3105197585931095e-09
2.55597563909281e-09
2.8252963966459107e-09
3.122791943555293e-09
3.4538411468572427e-09
3.824898635862523e-09
4.243522319191084e-09
4.718261939332845e-09
5.2583790574559e-09
5.873746866126903e-09
6.574139978336153e-09
7.369085924880151e-09
8.26703968055231e-09
9.274939451328565e-09
1.0397524093886729e-08
1.1636686703648683e-08
1.299081591383553e-08
1.4454082932547383e-08
1.6015646775998477e-08
1.7658674116713148e-08
1.9359120372266854e-08
2.1084057265686965e-08
2.2789856693638647e-08
2.441884085169412e-08
2.5898081094394646e-08
2.7134565259342584e-08
2.801683158866533e-08
2.841694665962707e-08
2.8198478369860757e-08
2.7240576420708734e-08
2.5459938973211264e-08
2.2855164438599395e-08
1.95365896791153e-08
1.574228172600853e-08
1.1821626275832218e-08
8.164164238599595e-09
5.1085319194786246e-09

