9.708273882546404e-16
1.4641260309955574e-15
2.2070199067780465e-15
3.325052776260626e-15
5.0063957562437925e-15
7.532718454081846e-15
1.1325012793465225e-14
1.7011464726120895e-14
2.552755023161031e-14
3.8263315688691084e-14
5.727893042878171e-14
8.561858057469274e-14
1.2776546075303776e-13
1.9029476805484216e-13
2.828059856344973e-13
4.192366765368063e-13
6.196900531432223e-13
9.12946890062356e-13
1.3398185554607845e-12
1.9575510959121725e-12
2.8453516490575448e-12
4.110950204557349e-12
5.8979171793070406e-12
8.392244959486689e-12
1.1826622874277536e-11
1.647801154601287e-11
2.265234217223406e-11
3.0650492868577653e-11
4.0700508582100233e-11
5.285800709414822e-11
6.686818517299824e-11
8.201350878333248e-11
9.702160272919775e-11
1.1008145231481407e-10
1.191452152539773e-10
1.2249400725400732e-10
1.195058213506089e-10
1.1131273315234569e-10
1.0082022599995531e-10
9.194976672939344e-11
8.824864633963453e-11
9.170072084322897e-11
1.024687796159162e-10
1.1958150207276836e-10
1.4197250872458582e-10
1.6911260423094374e-10
2.0107290721471134e-10
2.383006448218846e-10
2.814181115462799e-10
3.311270652237216e-10
3.8818161154064704e-10
4.5338386950190514e-10
5.275832854442923e-10
6.11684354901408e-10
7.066529078204118e-10
8.135341498569089e-10
9.334808626657536e-10
1.0677844935255107e-09
1.2179420641263602e-09
1.3857164008195726e-09
1.5732412984527482e-09
1.783143146984352e-09
2.0186749323670516e-09
2.283909960359124e-09
2.5839074703934064e-09
2.924947864266122e-09
3.3147040989786327e-09
3.762499041960905e-09
4.279389580905284e-09
4.878379297714329e-09
5.5744201088904494e-09
6.384346625141636e-09
7.326899919186578e-09
8.422237762309051e-09
9.691861141642852e-09
1.1157909966239901e-08
1.2842719387999288e-08
1.4767990305926124e-08
1.6953946084020014e-08
1.941810758463005e-08
2.217387164067119e-08
2.5228369687966216e-08
2.857980797538557e-08
3.2213249306325285e-08
3.6095234523824843e-08
4.0166539023815165e-08
4.433087283274354e-08
4.8446523337075035e-08
5.2309127301803894e-08
5.5647836361744105e-08
5.812266065564825e-08
5.9339271433989225e-08
5.8903434091192686e-08
5.648343488309137e-08
5.192997493355869e-08
4.537518383610933e-08
3.730019416532505e-08
2.8518978456930224e-08
2.001487666503943e-08
1.2703993201321463e-08

