1.2662925719394862e-15
1.909993388760309e-15
2.879561101793707e-15
4.3390102029441774e-15
6.534238035968985e-15
9.833425257659253e-15
1.4787025595307797e-14
2.2216651737383603e-14
3.3346210991804466e-14
4.9994930171631753e-14
7.485996474295327e-14
1.1192809675801604e-13
1.6707271991596895e-13
2.4891091916261547e-13
3.700275530597458e-13
5.487007831827937e-13
8.113030046921113e-13
1.1956015442281568e-12
1.7551648870188902e-12
2.5651500307861282e-12
3.729562477890988e-12
5.389869655191549e-12
7.734592922106695e-12
1.1007894627437367e-11
1.55150717820117e-11
2.1619123208743822e-11
2.9720191033955476e-11
4.0210126093765496e-11
5.3382215510216337e-11
6.929869582138376e-11
8.760733273661573e-11
1.0733906268793447e-10
1.2678582662421873e-10
1.4352217929354203e-10
1.5480644771181746e-10
1.5833183830862974e-10
1.5324528331180517e-10
1.410178983168526e-10
1.25467071047839e-10
1.1174694284308648e-10
1.0449988014098509e-10
1.0627722618634444e-10
1.1719823537731954e-10
1.3586351474582544e-10
1.607325699147573e-10
1.9096056398394377e-10
2.264778105857734e-10
2.676886841748418e-10
3.152006492829518e-10
3.69693351185584e-10
4.3187723805565947e-10
5.024812943654852e-10
5.822449539651922e-10
6.719176583460643e-10
7.722563864209122e-10
8.840339227700318e-10
1.0080573028145088e-09
1.145187274003609e-09
1.29639497982283e-09
1.4628087835851935e-09
1.6458058090451237e-09
1.8471204912557074e-09
2.0689535029417585e-09
2.3141515928191856e-09
2.586332608496806e-09
2.8900881889664696e-09
3.2311056683258294e-09
3.6163510349248804e-09
4.054092348035728e-09
4.5539966884043435e-09
5.12704495716972e-09
5.785323883765033e-09
6.541952064317339e-09
7.4104331047285595e-09
8.404505273026455e-09
9.537328749311696e-09
1.0821004286767025e-08
1.2265785509839725e-08
1.3879320923963647e-08
1.5665728742052844e-08
1.7624587978488313e-08
1.97496178209373e-08
2.202708020582443e-08
2.443351313673812e-08
2.693281427611277e-08
2.9472671310669884e-08
3.197866262337851e-08
3.435097651882127e-08
3.6455750123958374e-08
3.81255067800282e-08
3.916023997496639e-08
3.933830636889665e-08
3.8451408619907484e-08
3.633998290520849e-08
3.296256235616992e-08
2.8447250600345302e-08
2.3122991917643144e-08
1.750112003160517e-08
1.2171710780417179e-08
7.663821579663824e-09

