8.158696199882829e-16
1.230315273831659e-15
1.8543853181269975e-15
2.7934732876009393e-15
4.205520978391587e-15
6.326905446567972e-15
9.510855808867866e-15
1.428434055422741e-14
2.1431943792570653e-14
3.211924960770662e-14
4.807337698571094e-14
7.184581585489912e-14
1.0719331653351114e-13
1.5962440948810493e-13
2.37179499415083e-13
3.5152997287133986e-13
5.195068739091454e-13
7.652017025307777e-13
1.122770555344446e-12
1.6401172959329732e-12
2.38351625796075e-12
3.4431037810653417e-12
4.939007925261619e-12
7.026878310515374e-12
9.901512854175799e-12
1.3794931093373721e-11
1.8963765792261313e-11
2.5661109740191083e-11
3.408033089426948e-11
4.4272452133760695e-11
5.603161578439984e-11
6.876863278835505e-11
8.143443680837736e-11
9.25335310609124e-11
1.0037455188739857e-10
1.0354032782472308e-10
1.015260977807696e-10
9.528632218945313e-11
8.725220704506522e-11
8.070414991455124e-11
7.861820175051739e-11
8.267845004444086e-11
9.306279946886605e-11
1.0901328984330076e-10
1.2970026487339013e-10
1.547489239776644e-10
1.842939030753454e-10
2.187949037030803e-10
2.588719928428767e-10
3.0522858418839736e-10
3.586321240960296e-10
4.199144200924704e-10
4.899755599064405e-10
5.697967654091705e-10
6.60452487507798e-10
7.631350434534152e-10
8.791897673841241e-10
1.0101547723531227e-09
1.1578359795230542e-09
1.3243785367838302e-09
1.5123838438227135e-09
1.7250442368290775e-09
1.96629863553021e-09
2.2410432543556706e-09
2.5553329835632043e-09
2.9166502702707553e-09
3.3341264112633123e-09
3.818865582507247e-09
4.384099891197266e-09
5.04550715882886e-09
5.821316253861246e-09
6.7323855916367664e-09
7.802356173515972e-09
9.057342040680146e-09
1.0525995837824051e-08
1.223897766859267e-08
1.422864311432115e-08
1.652830326141961e-08
1.917142485179932e-08
2.2190295523871346e-08
2.561436125537313e-08
2.946746877940415e-08
3.376431378681295e-08
3.850440538143783e-08
4.3664258568829326e-08
4.9186316926732484e-08
5.496192285884729e-08
6.081700522430665e-08
6.64852715718165e-08
7.159828049807601e-08
7.56771113209769e-08
7.814923787832968e-08
7.842068230574702e-08
7.596612260175971e-08
7.050117151179772e-08
6.213415071141769e-08
5.1476428290201456e-08
3.9634716221690306e-08
2.7990804687745033e-08
1.7865753631586633e-08
