6.731512289566969e-16
1.0149934427054724e-15
1.5296709305627238e-15
2.3040396512131954e-15
3.468236654507794e-15
5.216987557662822e-15
7.841219375679656e-15
1.1774860451673757e-14
1.7663825552380654e-14
2.6467467706367055e-14
3.960698185092033e-14
5.918140450751492e-14
8.828054668129104e-14
1.3143389514876992e-13
1.952512107461512e-13
2.893249004755098e-13
4.2748484214857276e-13
6.295225743595764e-13
9.234926389573618e-13
1.3487353671762698e-12
1.9596715606584556e-12
2.830312858923612e-12
4.059301273152057e-12
5.774470343773054e-12
8.135867470463034e-12
1.1334263397703863e-11
1.5580971659120774e-11
2.108501158253825e-11
2.8007443569797196e-11
3.639416255529558e-11
4.60826786501905e-11
5.659917472171973e-11
6.709613711729922e-11
7.636332638178268e-11
8.303180749937021e-11
8.595698891212255e-11
8.473886508600585e-11
8.016827347231068e-11
7.424246432712187e-11
6.965529803592458e-11
6.885865764121339e-11
7.325825866057365e-11
8.303911726189838e-11
9.763008004845732e-11
1.1640893937947927e-10
1.3913279464416934e-10
1.6598469737684066e-10
1.9742548862011344e-10
2.3406218690402975e-10
2.7658800885005625e-10
3.2577033058146803e-10
3.8245552655918304e-10
4.47577505729237e-10
5.221757453977355e-10
6.074134977490343e-10
7.046094594207956e-10
8.152806416682892e-10
9.411920671350164e-10
1.084441577677545e-09
1.2475451230755416e-09
1.4335690798036617e-09
1.6462831185754346e-09
1.890344134414848e-09
2.1715335484578137e-09
2.4970070214338334e-09
2.875614068308946e-09
3.3181934345892554e-09
3.8379929167117834e-09
4.450939461233977e-09
5.1761127652485045e-09
6.03602628433191e-09
7.0569371918442644e-09
8.269238627857411e-09
9.707467128749083e-09
1.141066789567413e-08
1.3422229255431824e-08
1.5789916345379336e-08
1.8565461670667078e-08
2.1804045617681484e-08
2.556307889339822e-08
2.990045710178573e-08
3.487117190293537e-08
4.052266340995825e-08
4.68861548621884e-08
5.396508570637987e-08
6.171770371001927e-08
7.00303235795064e-08
7.869205050240168e-08
8.735075018030303e-08
9.549019399788879e-08
1.0240911336682535e-07
1.0723800796637135e-07
1.0903697181049954e-07
1.0693136381051071e-07
1.0037241554827621e-07
8.93836479064084e-08
7.475211696573764e-08
5.8045474059789336e-08
4.130457681437651e-08
2.6542037150681076e-08
