5.968616998236763e-16
8.999043685514767e-16
1.3561287243968484e-15
2.0424916842691266e-15
3.0742851191329995e-15
4.6240005964699375e-15
6.9493137767258614e-15
1.0434506205370711e-14
1.5651513023221566e-14
2.3449687071379792e-14
3.5087084161493194e-14
5.242151613619328e-14
7.818729673874794e-14
1.1639217262479504e-13
1.7288367334430578e-13
2.5614678917868574e-13
3.784130875982525e-13
5.571845485498859e-13
8.172674288182113e-13
1.193443731586221e-12
1.7338252954744317e-12
2.5038418018467904e-12
3.5906993515085683e-12
5.107423757974406e-12
7.19555626634654e-12
1.0023885090428065e-11
1.37795381379326e-11
1.8647944996600977e-11
2.4772720599484168e-11
3.219659456523313e-11
4.077944983227239e-11
5.010780120362507e-11
5.943992867588158e-11
6.771555191009392e-11
7.373529722719449e-11
7.649775497330777e-11
7.565734950968976e-11
7.191736548435866e-11
6.704432861038634e-11
6.342026651688492e-11
6.321761755099615e-11
6.76920080872351e-11
7.702878462279888e-11
9.075174388277248e-11
1.0834414799879339e-10
1.2962817621342684e-10
1.5480726214952123e-10
1.8433701800273117e-10
2.1881107485251543e-10
2.589101113551281e-10
3.053936658373657e-10
3.5910739288669053e-10
4.209941355036713e-10
4.921148108966473e-10
5.736701050749657e-10
6.670361949252973e-10
7.738122192490584e-10
8.95876048178854e-10
1.035475312813467e-09
1.1953217361036284e-09
1.3787337740851046e-09
1.5898024570029735e-09
1.8335948867149847e-09
2.1164122548202085e-09
2.4460743687538332e-09
2.8322789073953323e-09
3.2869544621038108e-09
3.82475469071796e-09
4.463424411903015e-09
5.224399131308694e-09
6.133239976715372e-09
7.220144138524045e-09
8.52056333835753e-09
1.0075508310101107e-08
1.1932229224583663e-08
1.4144439400379529e-08
1.6772760877935423e-08
1.988475958591682e-08
2.355486533084012e-08
2.786352051631919e-08
3.289566343307733e-08
3.873713919828945e-08
4.546945203283314e-08
5.315910543947377e-08
6.184292366404801e-08
7.150495600533311e-08
8.204067484078404e-08
9.322070390988218e-08
1.0462959837180867e-07
1.156284143994127e-07
1.2531889487651702e-07
1.3255663920521605e-07
1.3606897148266457e-07
1.3463208205090617e-07
1.27414847711808e-07
1.1431976522409019e-07
9.625903780152211e-08
7.52052290744496e-08
5.3809982938677417e-08
3.47477630942981e-08

