5.968616998237276e-16
8.999043685515542e-16
1.3561287243969652e-15
2.0424916842693025e-15
3.074285119133264e-15
4.624000596470336e-15
6.949313776726461e-15
1.0434506205371612e-14
1.5651513023222914e-14
2.3449687071381814e-14
3.5087084161496217e-14
5.2421516136197805e-14
7.818729673875468e-14
1.1639217262480506e-13
1.728836733443207e-13
2.5614678917870786e-13
3.784130875982851e-13
5.57184548549934e-13
8.172674288182818e-13
1.1934437315863238e-12
1.733825295474581e-12
2.503841801847006e-12
3.5906993515088777e-12
5.1074237579748465e-12
7.1955562663471604e-12
1.0023885090428927e-11
1.3779538137933787e-11
1.8647944996602583e-11
2.47727205994863e-11
3.219659456523591e-11
4.077944983227591e-11
5.010780120362939e-11
5.943992867588669e-11
6.771555191009975e-11
7.373529722720083e-11
7.649775497331436e-11
7.565734950969627e-11
7.191736548436485e-11
6.704432861039213e-11
6.342026651689039e-11
6.32176175510016e-11
6.769200808724093e-11
7.702878462280552e-11
9.075174388278031e-11
1.0834414799880273e-10
1.29628176213438e-10
1.5480726214953457e-10
1.8433701800274707e-10
2.1881107485253427e-10
2.589101113551504e-10
3.05393665837392e-10
3.591073928867215e-10
4.209941355037076e-10
4.921148108966897e-10
5.736701050750151e-10
6.670361949253548e-10
7.73812219249125e-10
8.958760481789313e-10
1.0354753128135562e-09
1.1953217361037314e-09
1.3787337740852235e-09
1.5898024570031106e-09
1.8335948867151429e-09
2.1164122548203913e-09
2.446074368754044e-09
2.8322789073955763e-09
3.286954462104094e-09
3.824754690718289e-09
4.4634244119034e-09
5.224399131309145e-09
6.1332399767158995e-09
7.220144138524668e-09
8.520563338358263e-09
1.0075508310101977e-08
1.1932229224584694e-08
1.4144439400380748e-08
1.677276087793687e-08
1.9884759585918536e-08
2.3554865330842147e-08
2.7863520516321595e-08
3.2895663433080164e-08
3.8737139198292795e-08
4.546945203283706e-08
5.315910543947835e-08
6.184292366405335e-08
7.150495600533928e-08
8.204067484079109e-08
9.322070390989022e-08
1.046295983718177e-07
1.1562841439942266e-07
1.2531889487652782e-07
1.3255663920522746e-07
1.3606897148267632e-07
1.3463208205091776e-07
1.27414847711819e-07
1.1431976522410004e-07
9.625903780153039e-08
7.52052290744561e-08
5.380998293868206e-08
3.47477630943011e-08

