1.219300942062843e-14
1.84050979591961e-14
2.7771091502047546e-14
4.188415017926937e-14
6.313632134823141e-14
9.511478491223021e-14
1.4319139930769847e-13
2.1539803267844628e-13
3.2372066324467645e-13
4.860083246015686e-13
7.287740144880421e-13
1.0912836697521e-12
1.6314981131464901e-12
2.4346207446400898e-12
3.625329471393852e-12
5.385049624008522e-12
7.976023555672531e-12
1.1774443903968512e-11
1.7314707287036774e-11
2.5347547809287572e-11
3.6912866859818315e-11
5.3425822089539557e-11
7.677204027404442e-11
1.0939086842726747e-10
1.5432444460915733e-10
2.1517099164911277e-10
2.958556144039161e-10
4.001372308862848e-10
5.306404539553449e-10
6.87441667251902e-10
8.661174645744688e-10
1.0555935931021107e-09
1.236848584240102e-09
1.3831324174943233e-09
1.46420893592722e-09
1.4542792185494975e-09
1.3427284445309528e-09
1.1432651699825768e-09
8.940762102160652e-10
6.470490050216222e-10
4.4817104076718204e-10
3.208180749147552e-10
2.6216986067419897e-10
2.529201449817329e-10
2.7183298500714275e-10
3.045912941650388e-10
3.446246469413099e-10
3.899521775244189e-10
4.4035843314583617e-10
4.960731298601741e-10
5.574040396295623e-10
6.246786869688136e-10
6.98244930366525e-10
7.78501758659902e-10
8.659186545784418e-10
9.610819422980125e-10
1.0647456391052229e-09
1.1778788353737053e-09
1.301752125454743e-09
1.4379874027756905e-09
1.5886512591233748e-09
1.7563071349260886e-09
1.944093711285708e-09
2.155741258605462e-09
2.3956106304649465e-09
2.6686658649117983e-09
2.9803742190764205e-09
3.3366838034872074e-09
3.7437051935322035e-09
4.2076401694060945e-09
4.734370472040262e-09
5.32919094204587e-09
5.996430638362744e-09
6.7390313171421345e-09
7.558167919052593e-09
8.452798155918021e-09
9.419298738496148e-09
1.045098426109415e-08
1.1537845020047595e-08
1.2666079862689034e-08
1.3817909515403298e-08
1.497123732676586e-08
1.6099599945653092e-08
1.717194335399556e-08
1.8152759338442463e-08
1.900227920830846e-08
1.9676332898582943e-08
2.012794783519819e-08
2.0306954043755922e-08
2.0163518568611943e-08
1.9651326147329522e-08
1.8732451070078887e-08
1.7389920158171567e-08
1.5634567384244693e-08
1.3522388309175627e-08
1.1160230983601162e-08
8.704125248463266e-09
6.343875229331375e-09
4.264191448306831e-09
2.604311394144918e-09
