5.4494638338523276e-14
8.226606049256551e-14
1.2414216958263178e-13
1.8725105732979742e-13
2.8229726311143203e-13
4.2533697130619403e-13
6.40419973870042e-13
9.635135502389916e-13
1.4483054535467078e-12
2.174766853686892e-12
3.26172072685184e-12
4.88519656525905e-12
7.305112411649244e-12
1.0903671142561949e-11
1.6240325452472006e-11
2.4129419466320562e-11
3.574841047208395e-11
5.2786878498341856e-11
7.764556322015397e-11
1.1369782564233772e-10
1.6561710132723655e-10
2.397636248191773e-10
3.4461144293310735e-10
4.911196448680805e-10
6.929465832683053e-10
9.662269248711684e-10
1.3285168888049692e-09
1.796538876489574e-09
2.3817646717967113e-09
3.08397587679028e-09
3.8823890910776804e-09
4.725890757965195e-09
5.527208051769278e-09
6.163995630563309e-09
6.498298077900671e-09
6.412729478664609e-09
5.8594051857238485e-09
4.901389763810304e-09
3.71297111946912e-09
2.5301866672094204e-09
1.561297405806257e-09
9.109127059856642e-10
5.640794029589619e-10
4.310255494490359e-10
4.1347931584789896e-10
4.449005232224962e-10
4.940056104427798e-10
5.50320479896183e-10
6.112805578222823e-10
6.7623432867361e-10
7.447426155836497e-10
8.162712441200896e-10
8.90156095859536e-10
9.656244573304241e-10
1.041814727571793e-09
1.1178222914771471e-09
1.1927643912992268e-09
1.2658295024150917e-09
1.3363954678547736e-09
1.4040847697568336e-09
1.4688764647938764e-09
1.5312025221112409e-09
1.5919659831052498e-09
1.65265822510127e-09
1.7152732217473701e-09
1.7823426889028122e-09
1.8567722938920554e-09
1.941795018023503e-09
2.040685398191083e-09
2.156674595140682e-09
2.292657064318684e-09
2.450918105419341e-09
2.6330554791585184e-09
2.839506909656536e-09
3.069629889718993e-09
3.321350812032826e-09
3.591249629231928e-09
3.874413569993866e-09
4.164604933075471e-09
4.454220691520348e-09
4.734521887896797e-09
4.995761602196726e-09
5.2274234971595184e-09
5.418531438262639e-09
5.557984184070959e-09
5.635055693701475e-09
5.639795881658797e-09
5.563899351998403e-09
5.4010740603113526e-09
5.148174960856935e-09
4.805978811952933e-09
4.379874289806025e-09
3.8814817460234225e-09
3.3283474983872687e-09
2.7449993966094373e-09
2.161409132509859e-09
1.610309657860291e-09
1.1233088207442262e-09
7.244614875569266e-10
4.257510322102642e-10

