2.280556982607139e-13
3.442876099229885e-13
5.195592829462911e-13
7.837125527347722e-13
1.1815652742545793e-12
1.7803468043727822e-12
2.6807651910462462e-12
4.0334462672128985e-12
6.0632482968138666e-12
9.10514559180652e-12
1.3656904421732561e-11
2.0456020876166784e-11
3.05915806659182e-11
4.566525129297667e-11
6.802177776516921e-11
1.0107461546858024e-10
1.4975986935150645e-10
2.211613844770827e-10
3.2534573727307727e-10
4.764591249335853e-10
6.941009614889904e-10
1.004945592299064e-09
1.4445319005444697e-09
2.0588157868044253e-09
2.905058781775762e-09
4.050872387093794e-09
5.569754961416471e-09
7.531569302057606e-09
9.98391176317703e-09
1.2924966171734887e-08
1.6266112650517622e-08
1.9790812101163052e-08
2.313015601417702e-08
2.576759970654414e-08
2.7121253185291994e-08
2.6696581950389727e-08
2.4292703381303117e-08
2.0176879355211138e-08
1.508498694403732e-08
1.0012315449380451e-08
5.835681111383739e-09
2.9939089827757895e-09
1.421422353604284e-09
7.37789715508594e-10
5.274405329067429e-10
5.09251032588085e-10
5.510661547214522e-10
6.087164156586397e-10
6.716281739049946e-10
7.37614384398361e-10
8.057334452950679e-10
8.750019843463819e-10
9.442509787108687e-10
1.012133312247369e-09
1.0771521219423335e-09
1.1377084278086137e-09
1.1921692383171457e-09
1.2389399214641737e-09
1.276572047914e-09
1.3038551554021598e-09
1.3199254783590792e-09
1.324385614875813e-09
1.3173436539301448e-09
1.2995421347988143e-09
1.2723137803136996e-09
1.2375906881533807e-09
1.1978636067950777e-09
1.155943035435706e-09
1.1149414748057541e-09
1.077881428070256e-09
1.0476348622854293e-09
1.0265508306825757e-09
1.0165077148461544e-09
1.018542475108463e-09
1.0330703257289938e-09
1.0596485925445017e-09
1.097077743177884e-09
1.1434545671856504e-09
1.1961996823793768e-09
1.2522532541172114e-09
1.30818415622494e-09
1.3603937247104657e-09
1.4051890686679106e-09
1.4390184291512934e-09
1.4585113409933752e-09
1.460701533888407e-09
1.4431161824646417e-09
1.4040119458708782e-09
1.3424797842892654e-09
1.2587004069264094e-09
1.1540972463626529e-09
1.0314196513824471e-09
8.949622191062342e-10
7.502908951010785e-10
6.041898502494471e-10
4.6403725096733234e-10
3.369890405000956e-10
2.2907382038626967e-10
1.4398767871523392e-10
8.251610202403061e-11

