2.4422557763073795e-14
3.686726345403884e-14
5.5631467358341265e-14
8.390821243767246e-14
1.2649220452125854e-13
1.9057455062020243e-13
2.8692538375333104e-13
4.316500676504751e-13
6.487860484126661e-13
9.741342067841141e-13
1.4608814880142345e-12
2.1878107931667997e-12
3.2712336169118466e-12
4.882158737523824e-12
7.270865547309003e-12
1.080161031990979e-11
1.6000995810519908e-11
2.3624563254282712e-11
3.4745737598507635e-11
5.0872668272480425e-11
7.409457992726974e-11
1.0725468096791454e-10
1.5414122335968335e-10
2.196540311078917e-10
3.099015238430351e-10
4.3210367288882303e-10
5.94125476258934e-10
8.034767260300457e-10
1.065350961637011e-09
1.3797641291956444e-09
1.7376085237921005e-09
2.1163074903234023e-09
2.4772101740451635e-09
2.7660558712859303e-09
2.921592589177511e-09
2.8916323700981436e-09
2.654793786594491e-09
2.238951319216557e-09
1.7214431967194757e-09
1.2071672905655591e-09
7.888569839347214e-10
5.133219399945667e-10
3.7429555124486104e-10
3.322067625495082e-10
3.4363720872686243e-10
3.792056549747523e-10
4.2518012995877997e-10
4.77070138958154e-10
5.338992381109031e-10
5.955341218741674e-10
6.619298541289306e-10
7.329967898244631e-10
8.085871017557045e-10
8.885217534626746e-10
9.726069602864337e-10
1.06067953627676e-09
1.1526637643950338e-09
1.248614017475611e-09
1.3488194042820172e-09
1.4538458650878108e-09
1.5646398223011374e-09
1.682589589863673e-09
1.8095738714165833e-09
1.948010995347636e-09
2.1008377509955264e-09
2.271506128443143e-09
2.4638348066385095e-09
2.68200264666278e-09
2.930194487352651e-09
3.2125642986993785e-09
3.532827278537678e-09
3.894015071528338e-09
4.298210737235371e-09
4.7461382502798494e-09
5.2369959240492485e-09
5.76810348185196e-09
6.334783297891445e-09
6.93008988931835e-09
7.544828441369508e-09
8.167366570087874e-09
8.783758281836881e-09
9.377756425200694e-09
9.931053412402953e-09
1.0423512984076012e-08
1.08336223201484e-08
1.1139089245897375e-08
1.1317318350868589e-08
1.1346836020863955e-08
1.120769834076585e-08
1.0883733273662261e-08
1.0364323480891856e-08
9.646460262233812e-09
8.739774972843505e-09
7.667822981042527e-09
6.473494396886678e-09
5.2184314981930655e-09
3.979291077837749e-09
2.8392959724824434e-09
1.871199829478759e-09
1.1223140768248273e-09

