1.5777477370174134e-13
2.381858540685528e-13
3.5944079999387994e-13
5.421837515207021e-13
8.174186957173431e-13
1.2316528357401142e-12
1.854551998617624e-12
2.7903116910617188e-12
4.194475408939632e-12
6.298754631213978e-12
9.447462929458963e-12
1.4150730068873779e-11
2.1161868120339328e-11
3.158871676298651e-11
4.705305501922193e-11
6.99158055150254e-11
1.035909683060027e-10
1.5297791172974643e-10
2.2503881891157202e-10
3.2955725035346534e-10
4.800880800465562e-10
6.950790771651791e-10
9.991087157796639e-10
1.4239603327635032e-09
2.009237743633926e-09
2.801706548956978e-09
3.8522117697286026e-09
5.209099127224005e-09
6.905341739650452e-09
8.939781255919837e-09
1.1251287044838346e-08
1.3690338614886307e-08
1.6002116367599237e-08
1.7829755792233144e-08
1.877118603586581e-08
1.8484630460886652e-08
1.68311608593366e-08
1.3995301820357893e-08
1.0485430125836297e-08
6.989278895482153e-09
4.112860519983971e-09
2.1596334524327264e-09
1.084538445351618e-09
6.248791867082615e-10
4.935971061040657e-10
4.964601029377788e-10
5.421332596367916e-10
6.000459597612934e-10
6.628068746802309e-10
7.287757398138258e-10
7.971244518243388e-10
8.669454755307105e-10
9.371522499793367e-10
1.0064909609221087e-09
1.0735671030842624e-09
1.1368926413343203e-09
1.1949540593991972e-09
1.246279420608886e-09
1.2895501681498533e-09
1.3236852896176237e-09
1.3479512047802938e-09
1.362082608813586e-09
1.3663097503024192e-09
1.3615004347739868e-09
1.3490927747336069e-09
1.3311174916559625e-09
1.3101242272136173e-09
1.2889700295019788e-09
1.2707491618362985e-09
1.2584545764621422e-09
1.2548980782649694e-09
1.2623422187645555e-09
1.2825953143389983e-09
1.3165546099008823e-09
1.3644592393314102e-09
1.425559669569121e-09
1.4982621376714816e-09
1.5801063236835812e-09
1.6678821006586027e-09
1.757749920429401e-09
1.8454094504815088e-09
1.9262740535180672e-09
1.995583510804772e-09
2.048656538616614e-09
2.080986512863061e-09
2.088518202075471e-09
2.0677963346950145e-09
2.0163081858867853e-09
1.9326367716304275e-09
1.8168487526600873e-09
1.6707273793708514e-09
1.4979201988011874e-09
1.3042993056760051e-09
1.0976143938600357e-09
8.874874587631303e-10
6.84567970339175e-10
4.993886561165281e-10
3.410470404287109e-10
2.153796528335778e-10
1.2400828578019162e-10

