3.2172900830677027e-13
4.857044355236286e-13
7.329719090742546e-13
1.1056323741849451e-12
1.6669154555284197e-12
2.511669989084941e-12
3.781978619473969e-12
5.6903518605812335e-12
8.554034296387364e-12
1.2845634463934809e-11
1.92674488530425e-11
2.886002034180029e-11
4.315997351621736e-11
6.442717965891495e-11
9.596999834379732e-11
1.4260476908337428e-10
2.1129636044371806e-10
3.1204023930175836e-10
4.590407384325602e-10
6.722588953556028e-10
9.793507363825608e-10
1.4179556061177525e-09
2.0382212460501952e-09
2.9049937981414847e-09
4.0990702433141275e-09
5.7158468255697025e-09
7.859015377152076e-09
1.0627117000493071e-08
1.408723650846992e-08
1.823667651363381e-08
2.29501701731702e-08
2.792184007251795e-08
3.263069690732107e-08
3.634734507354834e-08
3.8250201900974e-08
3.764111581917568e-08
3.423662911336949e-08
2.8414300755497334e-08
2.1213268708687892e-08
1.4038791417463871e-08
8.128658552647553e-09
4.102131072792753e-09
1.8662792483015323e-09
8.837351777705788e-10
5.676327277901874e-10
5.210373600672043e-10
5.574001501264442e-10
6.144476510940819e-10
6.77392496678711e-10
7.433527634419119e-10
8.112758566163912e-10
8.801244873163769e-10
9.486734110484643e-10
1.0155121043352277e-09
1.0790743709572418e-09
1.1376863646727354e-09
1.1896346451314602e-09
1.2332426313729886e-09
1.2669752488765943e-09
1.2895363182953313e-09
1.2999766018392492e-09
1.2978106992662096e-09
1.2830671585592803e-09
1.2564022521682898e-09
1.2190748557584343e-09
1.1729448930143003e-09
1.1204496918936098e-09
1.0643642807801267e-09
1.0078048184955243e-09
9.538322636923731e-10
9.053783384247081e-10
8.649023420439282e-10
8.343480689946813e-10
8.148805443656349e-10
8.070168218880157e-10
8.105170477682167e-10
8.244323242083519e-10
8.472510061913622e-10
8.768287814790038e-10
9.106564527131331e-10
9.458964123269986e-10
9.796212742411532e-10
1.008855027039075e-09
1.0307979529056036e-09
1.0428287470831054e-09
1.04268802869997e-09
1.02852618299635e-09
9.99065948831775e-10
9.536738980863095e-10
8.925277523424895e-10
8.167194424895346e-10
7.283010623427933e-10
6.304244126799359e-10
5.271294270189528e-10
4.2328214384407476e-10
3.2411314589211753e-10
2.34627608143382e-10
1.589676177910695e-10
9.958658853043601e-11
5.6878971950867445e-11

