8.005819147947629e-14
1.2085873541192207e-13
1.8238227171538292e-13
2.751022594532778e-13
4.1474754501796703e-13
6.249111895993928e-13
9.409332604399254e-13
1.4156678715798692e-12
2.12801241371317e-12
3.1954940040746202e-12
4.792744411298983e-12
7.1784820317288476e-12
1.0734737456627341e-11
1.6023303311141212e-11
2.3866547603151114e-11
3.546157355971307e-11
5.253934965928759e-11
7.758382314305694e-11
1.1412460185758525e-10
1.6712143296514817e-10
2.4344570214650163e-10
3.5244901712705034e-10
5.065908813551209e-10
7.219839159899007e-10
1.0187074962526956e-09
1.4204771394748947e-09
1.953088301129191e-09
2.6410916344212548e-09
3.5012843584971023e-09
4.533223203810541e-09
5.706152451680018e-09
6.94462420768842e-09
8.119927222389434e-09
9.051708372367663e-09
9.53667853714234e-09
9.401938297839173e-09
8.577068685885925e-09
7.155161776981759e-09
5.393131768983203e-09
3.6387411103038056e-09
2.1986424917399553e-09
1.2266423208324553e-09
7.00349626630881e-10
4.872183685804889e-10
4.422692182637435e-10
4.673571342403602e-10
5.163178410944433e-10
5.736724164202737e-10
6.356203212602232e-10
7.012141082666693e-10
7.698566221517818e-10
8.408482230391174e-10
9.133357306547573e-10
9.863305758344373e-10
1.0587310970376057e-09
1.1293688353808338e-09
1.1970754078562289e-09
1.2607381038058091e-09
1.3194178755773174e-09
1.3724154999311967e-09
1.419383719143035e-09
1.4604381291751877e-09
1.4961716529380683e-09
1.5277939772001966e-09
1.557037514358805e-09
1.5861963459812204e-09
1.617983118835954e-09
1.6554244891516082e-09
1.7016487618907689e-09
1.7597201177206572e-09
1.832433398635424e-09
1.9220065793079606e-09
2.0300953973696956e-09
2.157292504498796e-09
2.3033034126299382e-09
2.4665769437571395e-09
2.644446350262126e-09
2.8330216403320953e-09
3.0273738811935596e-09
3.2215457627280078e-09
3.4087783905655495e-09
3.5816557825714337e-09
3.732299915796529e-09
3.852663674967965e-09
3.934769842856521e-09
3.971122306504613e-09
3.955006957921825e-09
3.881129328380161e-09
3.7458963340632316e-09
3.5482010596349213e-09
3.2899267365044087e-09
2.9763462731630523e-09
2.6170547126792573e-09
2.225548968102453e-09
1.8196175236199317e-09
1.4200087188435105e-09
1.0483985666487574e-09
7.247551365414081e-10
4.632969023351123e-10
2.699524561799867e-10

