3.6995934926465434e-14
5.584878965634182e-14
8.427610261068637e-14
1.2711611063682562e-13
1.9163432152856024e-13
2.887281417770696e-13
4.3471958030001755e-13
6.5401763791078e-13
9.830554408718617e-13
1.476099532684187e-12
2.2137759684772422e-12
3.3155208498596035e-12
4.95767823154295e-12
7.399541780515341e-12
1.1020631296555436e-11
1.6373344834707564e-11
2.4256344460137538e-11
3.581559536796882e-11
5.267932441821648e-11
7.7135305526295e-11
1.1235290344175404e-10
1.62645351877633e-10
2.3375944388096105e-10
3.3312765369115534e-10
4.70014222700054e-10
6.553656561295012e-10
9.010986537232684e-10
1.218575787273087e-09
1.6156189079315252e-09
2.092153369221432e-09
2.6342033184612585e-09
3.207282408919947e-09
3.752441076413519e-09
4.186989513277512e-09
4.4176428944949994e-09
4.364979649187706e-09
3.996538819662858e-09
3.354876129824674e-09
2.5578051046082753e-09
1.7649841014996949e-09
1.1173973870108743e-09
6.860039592200329e-10
4.60921622355761e-10
3.816196158262139e-10
3.8176861758238735e-10
4.164574499208074e-10
4.6460630893884744e-10
5.192016946534548e-10
5.785729528602566e-10
6.423313958404042e-10
7.102194183142114e-10
7.819037813431699e-10
8.569523519399939e-10
9.348583706595558e-10
1.0150579996724497e-09
1.0969758551493761e-09
1.1800865203383764e-09
1.2639592415823539e-09
1.348371825666881e-09
1.433357090665542e-09
1.5193121700343124e-09
1.6070768547340682e-09
1.697963948277412e-09
1.7938439814335059e-09
1.8970858620051986e-09
2.0105766447762958e-09
2.13755701957936e-09
2.281607952085577e-09
2.446315770111337e-09
2.635229763021118e-09
2.8514978613584464e-09
3.0976166477973844e-09
3.3752572039909683e-09
3.6848298158268813e-09
4.02544829161223e-09
4.394591143011762e-09
4.788099821950301e-09
5.199983949372081e-09
5.622537187561298e-09
6.046238659630343e-09
6.459954943686468e-09
6.851033975182365e-09
7.205568680010217e-09
7.508699349837175e-09
7.745032937258551e-09
7.899220472474934e-09
7.956437744680607e-09
7.903522892634338e-09
7.729412397100944e-09
7.426742321308293e-09
6.993024244955448e-09
6.431825345231597e-09
5.7555859704985695e-09
4.985740382107927e-09
4.155160695167913e-09
3.3066952676256637e-09
2.4898328076553782e-09
1.7550054237083044e-09
1.14329271199385e-09
6.783358528041734e-10

