1.6004759568506044e-14
2.4159395549832602e-14
3.6454531230878354e-14
5.4981922262970775e-14
8.288237475657635e-14
1.2486615867422376e-13
1.8798734665551325e-13
2.827935985211931e-13
4.250261416352293e-13
6.381276264222429e-13
9.569220773729933e-13
1.4329875820810507e-12
2.1424643141504856e-12
3.197287497789557e-12
4.761263250147433e-12
7.072771115845735e-12
1.0476401585843674e-11
1.546650923942994e-11
2.2745384225148407e-11
3.329966814119699e-11
4.8496080117022236e-11
7.01945463516696e-11
1.0087327096775937e-10
1.4373794814659198e-10
2.0278582255629645e-10
2.8274342189562306e-10
3.8876366538965806e-10
5.257752029627173e-10
6.972056673022734e-10
9.031177569705407e-10
1.1376374836735227e-09
1.3861206628249209e-09
1.6234489199554706e-09
1.8143238574056206e-09
1.9188685116847942e-09
1.9030777195552363e-09
1.7529831461876772e-09
1.4866881225022485e-09
1.1545428377552978e-09
8.249112814779007e-10
5.583174335070129e-10
3.8543181884303687e-10
3.0237414908806506e-10
2.835458180666227e-10
3.0081747134977063e-10
3.3518633330807295e-10
3.7784945175991234e-10
4.26036134175368e-10
4.792809248910732e-10
5.376825765080568e-10
6.014156621571882e-10
6.706483421172136e-10
7.455375829874083e-10
8.262584936196688e-10
9.130217449932108e-10
1.0061192158868122e-09
1.1059765159191081e-09
1.213197273493714e-09
1.3286561729528745e-09
1.4535435409024863e-09
1.5894621066429893e-09
1.738479291135641e-09
1.9031943412423932e-09
2.0867619896758808e-09
2.292909373935032e-09
2.5259135642155227e-09
2.7904799300551655e-09
3.0917259708672237e-09
3.4348400636032306e-09
3.825025396187661e-09
4.2670809828514396e-09
4.765145498330308e-09
5.3223567636399535e-09
5.9404410642030804e-09
6.619414766556711e-09
7.357182205887059e-09
8.149275013175529e-09
8.988467742630263e-09
9.864645296757353e-09
1.0764469995088293e-08
1.1671350312746362e-08
1.256528320668597e-08
1.3422970732135376e-08
1.4217847343357055e-08
1.4920422833357123e-08
1.5498735329959994e-08
1.591859277995145e-08
1.6145191268413023e-08
1.6143216167791986e-08
1.5879860258983645e-08
1.5327415446444228e-08
1.4466782271602357e-08
1.329632658922498e-08
1.1835768807396351e-08
1.0137392492218012e-08
8.288181309613679e-09
6.406655577167002e-09
4.630564843511168e-09
3.088667469983574e-09
1.8731861508517928e-09

