7.648037789989588e-15
1.1544055264125333e-14
1.741777203264435e-14
2.6267993719277813e-14
3.9594246515832906e-14
5.964505491758715e-14
8.978729170188355e-14
1.3505450122112234e-13
2.0295743922538194e-13
3.0467954650442724e-13
4.56830765839271e-13
6.840075340025495e-13
1.0225123328208562e-12
1.525703667696545e-12
2.2716509775484595e-12
3.37394298071353e-12
4.996747523887371e-12
7.37554068567206e-12
1.0844792854060656e-11
1.587433934392812e-11
2.311495328119963e-11
3.3452237549199954e-11
4.8066272262810404e-11
6.848389880356884e-11
9.660981572764776e-11
1.3469812953301273e-10
1.8521036687565988e-10
2.505091985552489e-10
3.3225636210439227e-10
4.305326602789308e-10
5.426225332851535e-10
6.616733754504515e-10
7.758844053458589e-10
8.686377102344141e-10
9.211313893715448e-10
9.173071143184181e-10
8.505417666788339e-10
7.293483248089659e-10
5.774978589663635e-10
4.2733343356649575e-10
3.0758247606631713e-10
2.3293963471628103e-10
2.018116504180063e-10
2.023349276818016e-10
2.2143931917073172e-10
2.503645843761618e-10
2.851931727320234e-10
3.248917214619358e-10
3.6955871273330403e-10
4.1960558063647693e-10
4.755352135506788e-10
5.379137801990983e-10
6.07380331862294e-10
6.84680380593891e-10
7.706909612431684e-10
8.664696303873474e-10
9.733058910377892e-10
1.0927772146287313e-09
1.2268292776428017e-09
1.3778403530791012e-09
1.5487145816780133e-09
1.7429451606397252e-09
1.964713270580204e-09
2.2189119318542704e-09
2.5112221441188242e-09
2.8480982859208847e-09
3.236716437516277e-09
3.6849575350676286e-09
4.2011529143027285e-09
4.794002389827488e-09
5.472203577051237e-09
6.244178281996456e-09
7.117654513734382e-09
8.099223913578979e-09
9.193840187314613e-09
1.0404269094653551e-08
1.1730532895039343e-08
1.3169221205978608e-08
1.4712942103005096e-08
1.634952799546099e-08
1.8061446809712664e-08
1.9824955549791738e-08
2.1609522240192576e-08
2.33768062713943e-08
2.5080007099748356e-08
2.6663046722043187e-08
2.805898392125436e-08
2.9190967376495053e-08
2.996989958398926e-08
3.029861092872804e-08
3.007594110152143e-08
2.920500670171756e-08
2.761556650049304e-08
2.5280060055850618e-08
2.2248979574176255e-08
1.8668924695659235e-08
1.4787820181199571e-08
1.0933270466712902e-08
7.445649286476486e-09
4.60123594794384e-09

