1.0174059971440222e-14
1.5357287131122437e-14
2.3171899623981046e-14
3.4947008983419514e-14
5.2678142632229823e-14
7.935774450069884e-14
1.1946688102649416e-13
1.7970526791184005e-13
2.700704955185636e-13
4.054499249070824e-13
6.079562779181598e-13
9.103371201510682e-13
1.3609291200080218e-12
2.0307845445963822e-12
3.0238688971175622e-12
4.4914605035035496e-12
6.6522153950380726e-12
9.819786928163091e-12
1.4439715089775843e-11
2.1137886242321015e-11
3.078124734351298e-11
4.454958464780863e-11
6.401493161030911e-11
9.12110661541308e-11
1.2867461467310444e-10
1.7940650796074778e-10
2.4668163419714156e-10
3.3363894107436563e-10
4.4247626040350573e-10
5.732740203005311e-10
7.2237127299294e-10
8.805752049497646e-10
1.0320804599614736e-09
1.1546484654736329e-09
1.223133040401781e-09
1.2160699807600084e-09
1.1246189746730842e-09
9.601730357189825e-10
7.545002842628465e-10
5.507888106495955e-10
3.8734654761149277e-10
2.836903497390504e-10
2.3755181636794977e-10
2.329417378159653e-10
2.5226141714626244e-10
2.836681159421072e-10
3.2177223035483383e-10
3.6501371643364464e-10
4.133148925167379e-10
4.669829675125846e-10
5.264074406760454e-10
5.920148935914227e-10
6.642731009624205e-10
7.437228452527951e-10
8.309991583747391e-10
9.268784567693071e-10
1.032329046874383e-09
1.1485613845899691e-09
1.2771111677581331e-09
1.4198940029172013e-09
1.5792977093941312e-09
1.7582370465245978e-09
1.9602396415744348e-09
2.1894621277527262e-09
2.4507432627930244e-09
2.7495779345666987e-09
3.092033924121796e-09
3.4847283839213424e-09
3.934530446777048e-09
4.448482315861621e-09
5.0333993564992e-09
5.6955976461392835e-09
6.4404951486138165e-09
7.2721810918960416e-09
8.192985639840949e-09
9.202992227292744e-09
1.0299600955720977e-08
1.14769726762069e-08
1.2725665421899372e-08
1.4032055975400096e-08
1.537801967412512e-08
1.674042794385032e-08
1.8090936210026967e-08
1.9395516286303663e-08
2.0614365063153892e-08
2.170180997289322e-08
2.2605752116514148e-08
2.326913292792988e-08
2.3628989578233966e-08
2.3620297389440975e-08
2.317953632905444e-08
2.2250704224583193e-08
2.0801087766264445e-08
1.8830939793514453e-08
1.6396484960669778e-08
1.361924677702624e-08
1.0686228947663736e-08
7.832199353836072e-09
5.291650052033785e-09
3.246847106085877e-09

