5.3494631439619294e-15
8.074261671360301e-15
1.2182036668546264e-14
1.837112098829768e-14
2.768986350670371e-14
4.171013867472486e-14
6.278544335587541e-14
9.443401994710809e-14
1.4190513751645944e-13
2.130142188624623e-13
3.1936788276893597e-13
4.781519135256125e-13
7.14728824618298e-13
1.0663736743030904e-12
1.5876188716557254e-12
2.3578001514208665e-12
3.491570116036014e-12
5.1533688489282324e-12
7.576751192402483e-12
1.10897775565275e-11
1.614683374323545e-11
2.336627219519897e-11
3.3572098360274144e-11
4.7830583397793843e-11
6.747219327191899e-11
9.407215304714054e-11
1.2935209050668638e-10
1.7496741212128662e-10
2.320889157417954e-10
3.007908918250728e-10
3.79205532469257e-10
4.6258963152595954e-10
5.427582531651501e-10
6.081731719872736e-10
6.457702002850328e-10
6.443840856887013e-10
5.994040014811004e-10
5.167456598191518e-10
4.129503941977723e-10
3.105476078927408e-10
2.2958499902723629e-10
1.8037536443198648e-10
1.6191498589750334e-10
1.660557223551791e-10
1.8381214463045595e-10
2.092048517622813e-10
2.396421694814159e-10
2.745632171970918e-10
3.142240383464693e-10
3.5913194086253233e-10
4.098982787316796e-10
4.672267365637951e-10
5.319295246716343e-10
6.04963490260519e-10
6.874610908673127e-10
7.807828473363778e-10
8.865725056198393e-10
1.0068221102587294e-09
1.1439535412208789e-09
1.3008982431213255e-09
1.4811975994357124e-09
1.689084385948574e-09
1.9296023584105e-09
2.2086543827943082e-09
2.5331129573267476e-09
2.910838688198605e-09
3.350681526819555e-09
3.862494302089867e-09
4.456953299476672e-09
5.145499473633195e-09
5.940031662637834e-09
6.852658825978074e-09
7.895291650113052e-09
9.079206253381412e-09
1.0414483789008184e-08
1.1909393717277666e-08
1.3569696933470925e-08
1.539777610728963e-08
1.7391817784585264e-08
1.9544676629886416e-08
2.184283471623393e-08
2.426493526022268e-08
2.678049448110031e-08
2.9347779996855372e-08
3.191194697751157e-08
3.4402598786093524e-08
3.672990712179492e-08
3.878400168228524e-08
4.0429405320354204e-08
4.1508955176055805e-08
4.184800623776929e-08
4.126642240977197e-08
3.9612820328665513e-08
3.679353692663241e-08
3.283245855326036e-08
2.7908331995183795e-08
2.2372530805343713e-08
1.6722629114590367e-08
1.150117690627998e-08
7.170505760040632e-09
