4.1881758639302345e-15
6.3213021466274074e-15
9.536999425258478e-15
1.438184870080321e-14
2.1676348953250348e-14
3.265068150373087e-14
4.914664827925546e-14
7.39174132371659e-14
1.1107051142221622e-13
1.6672113673689051e-13
2.499503823250835e-13
3.7420371808551607e-13
5.593225687481311e-13
8.344659583159558e-13
1.2422902502254074e-12
1.844849966659688e-12
2.7318189138272155e-12
4.031805286373533e-12
5.9274645924074845e-12
8.675354662300922e-12
1.2630820777756819e-11
1.8277440583294993e-11
2.6259646821654204e-11
3.741141761325467e-11
5.277354056731476e-11
7.357863509653819e-11
1.0117463311155988e-10
1.368591172823251e-10
1.8155312170225408e-10
2.3532385726302556e-10
2.9672491504413604e-10
3.620677294196682e-10
4.2497865156420453e-10
4.764665748239515e-10
5.063465472807391e-10
5.059107441458748e-10
4.715614814135027e-10
4.079141763721391e-10
3.2788217537325737e-10
2.4906535108519935e-10
1.8714546235807348e-10
1.502231394903936e-10
1.375770559190977e-10
1.4291279718290466e-10
1.592860984955622e-10
1.8210579377096376e-10
2.094382674793982e-10
2.4095239457817775e-10
2.7697608878135644e-10
3.1805835325145397e-10
3.648597428575208e-10
4.181494318594619e-10
4.78825544923182e-10
5.479531242742748e-10
6.267994966906155e-10
7.168896685284672e-10
8.200654499715234e-10
9.38557587006929e-10
1.0750713135278272e-09
1.23287828958387e-09
1.4159260108634466e-09
1.628936579518623e-09
1.8775447336621456e-09
2.1683722472611284e-09
2.509168519362318e-09
2.908865729963948e-09
3.3776286479604754e-09
3.926908419440081e-09
4.569333274517264e-09
5.31869197943365e-09
6.189697248356149e-09
7.1977862993811555e-09
8.358754491051416e-09
9.688354427512639e-09
1.1201732944739699e-08
1.2912796507820011e-08
1.4833442400958075e-08
1.6972576378280156e-08
1.933510164123187e-08
2.192051224140057e-08
2.472146474862507e-08
2.772174025214186e-08
3.089425867022647e-08
3.41978308971697e-08
3.757398173119226e-08
4.0942688302698643e-08
4.419591897274072e-08
4.71949334419937e-08
4.976093977835538e-08
5.167792241804258e-08
5.269614207010006e-08
5.2547261465106825e-08
5.0989898138179485e-08
4.785227522916139e-08
4.3117583908718266e-08
3.6983177759874436e-08
2.989380416645045e-08
2.2512953564881286e-08
1.5588425805312545e-08
9.777424421979579e-09
