3.148804518293676e-15
4.752419868792438e-15
7.169791485740294e-15
1.081172614118293e-14
1.6294874914326997e-14
2.454373998641306e-14
3.694239165375718e-14
5.555965043623113e-14
8.348187775026602e-14
1.253036962374386e-13
1.8784772929836365e-13
2.812149380833691e-13
4.203103572363353e-13
6.27037158137808e-13
9.334353375069234e-13
1.3861126334441795e-12
2.0524175949103453e-12
3.0289357325050967e-12
4.452837654096343e-12
6.5167887752027835e-12
9.487638852155841e-12
1.3728542164160769e-11
1.9723476508897447e-11
2.809883807702473e-11
3.963650176029334e-11
5.526275376062858e-11
7.599114645241952e-11
1.0279857861865495e-10
1.3638110113343934e-10
1.7679645676758514e-10
2.2296971083808353e-10
2.7214711851543096e-10
3.1956341786486875e-10
3.5849138906709744e-10
3.8130686594036197e-10
3.81489145846237e-10
3.563438635018421e-10
3.0933142378926757e-10
2.501368817646341e-10
1.9196980478339102e-10
1.4661832934046492e-10
1.2020266674660633e-10
1.1223967896880355e-10
1.180726954265729e-10
1.3256309917785812e-10
1.5234493967894613e-10
1.7605936897663088e-10
2.0356798204249013e-10
2.352499402248365e-10
2.7167799070491363e-10
3.1354259437987486e-10
3.616570765533785e-10
4.1698211767289617e-10
4.80665763252356e-10
5.54083746148082e-10
6.388985150900313e-10
7.37123809877805e-10
8.512053303732409e-10
9.841135440780617e-10
1.1394509901009488e-09
1.3215761492241231e-09
1.53572676845558e-09
1.7881845312460277e-09
2.086389763907658e-09
2.439126108354572e-09
2.8566345251905908e-09
3.35073642912348e-09
3.9349600631488405e-09
4.624539611001356e-09
5.436486366085188e-09
6.389475049382113e-09
7.503751056597068e-09
8.800872421490622e-09
1.0303410414614815e-08
1.203445517319923e-08
1.4017026700193601e-08
1.6273288625816594e-08
1.8823489761212558e-08
2.1684758603921367e-08
2.4869378937038824e-08
2.8382847406326216e-08
3.222100565918108e-08
3.636697378476344e-08
4.078606525325225e-08
4.542035547732947e-08
5.0181168199863993e-08
5.493797059581918e-08
5.951143574616358e-08
6.36570151261378e-08
6.70645752250166e-08
6.935934122093191e-08
7.012105219061815e-08
6.89471111324787e-08
6.551874773198533e-08
5.97301648067752e-08
5.178801502908661e-08
4.2274969950216575e-08
3.212176864568065e-08
2.2419898199129388e-08
1.4162502207021256e-08

