2.6049782757347497e-15
3.931562860765115e-15
5.931279743256775e-15
8.943918326826912e-15
1.3479512072444307e-14
2.030269486853943e-14
3.055816157171655e-14
4.595687264296521e-14
6.905123089644979e-14
1.0364083149662362e-13
1.5536755414588295e-13
2.3258396894232987e-13
3.4761475453106874e-13
5.185706129210957e-13
7.719430756836403e-13
1.146267551776767e-12
1.6972265761448081e-12
2.504673537667596e-12
3.682014375874591e-12
5.388534210117329e-12
7.844850388980336e-12
1.1351205354790021e-11
1.6307749296152065e-11
2.323241989398332e-11
3.2771788906107736e-11
4.5692001995429993e-11
6.28316886054294e-11
8.499974359447451e-11
1.1277379919624249e-10
1.4620513280961948e-10
1.8441044414890764e-10
2.2512075251707124e-10
2.644062487882391e-10
2.9671666485002085e-10
3.1575993411667127e-10
3.1615371308188024e-10
2.9567437233737796e-10
2.571817243540369e-10
2.086800279326506e-10
1.6109126040951966e-10
1.2417207103631807e-10
1.030053004901519e-10
9.72245475872909e-11
1.0301877889836451e-10
1.1618266260505084e-10
1.3398131434041644e-10
1.5534759893789096e-10
1.8023499112914331e-10
2.0903980492939005e-10
2.423365864828493e-10
2.8081970009512176e-10
3.2531268078645157e-10
3.767949535252944e-10
4.364429537605378e-10
5.056733537706002e-10
5.862043345501939e-10
6.801238437826915e-10
7.89975697793433e-10
9.188581423634347e-10
1.070541505098043e-09
1.2496033920028401e-09
1.4615702563656338e-09
1.7131025477947419e-09
2.0121413549723386e-09
2.3681281112636766e-09
2.7921675475940785e-09
3.2972109941280714e-09
3.898248656608543e-09
4.612400673757367e-09
5.459075618377617e-09
6.459971728886173e-09
7.639097154361512e-09
9.022635318764874e-09
1.063876935359097e-08
1.2517301869049243e-08
1.4689166809722775e-08
1.7185707233641358e-08
2.0037640556618465e-08
2.327378407657698e-08
2.6919161381182822e-08
3.099271539460887e-08
3.550380781146552e-08
4.044826365526166e-08
4.5801674776404386e-08
5.151189103048023e-08
5.7488387628803676e-08
6.358664516889209e-08
6.959670800034618e-08
7.521956925249222e-08
8.006266656330751e-08
8.363721576467877e-08
8.537989384508678e-08
8.473099832577623e-08
8.122265417076254e-08
7.464929183181765e-08
6.520748057459106e-08
5.3591508035315526e-08
4.097009702667123e-08
2.875264953773426e-08
1.8251523461805986e-08

