4.924993935596864e-14
7.435054689322138e-14
1.1220082278018563e-13
1.6924511046191236e-13
2.5516186232501506e-13
3.8446940825093903e-13
5.789160859445276e-13
8.710306197783583e-13
1.3093735940229413e-12
1.966287921143922e-12
2.9492768701371614e-12
4.417623738163824e-12
6.606556913658049e-12
9.862032151349609e-12
1.4690536081939095e-11
2.1829454937554144e-11
3.2345184616704004e-11
4.776825515259594e-11
7.027387024748837e-11
1.0291913673471799e-10
1.4994024986615797e-10
2.1710354617051912e-10
3.120932029323282e-10
4.448482088709958e-10
6.277564843563176e-10
8.754510925885808e-10
1.2038487938123804e-09
1.6280947938779935e-09
2.158536629245508e-09
2.794852525268559e-09
3.517955951165237e-09
4.281080860578993e-09
5.004456484148578e-09
5.576280734310048e-09
5.870481580904113e-09
5.779752491990274e-09
5.260266798598867e-09
4.369615112628991e-09
3.2671116564991908e-09
2.1686544163567506e-09
1.264852956192301e-09
6.516032679668295e-10
3.154208960993708e-10
1.7438667430962067e-10
1.3883802690805765e-10
1.4830719771380014e-10
1.747914717750824e-10
2.095638677867826e-10
2.513641670772833e-10
3.009198671715127e-10
3.5939380263526835e-10
4.2810243025275607e-10
5.084761790809216e-10
6.020413857028106e-10
7.103957997481249e-10
8.351726109701825e-10
9.779919945117088e-10
1.1403996045266921e-09
1.3237887355059817e-09
1.5293103595824575e-09
1.7577677318836377e-09
2.00950176018797e-09
2.2842701680349793e-09
2.5811260168698818e-09
2.8983069357809505e-09
3.2331411394081626e-09
3.581991479821921e-09
3.940234405243697e-09
4.302318734279672e-09
4.661878404191083e-09
5.0119401162852726e-09
5.3452571336305665e-09
5.654641348370761e-09
5.933560561965685e-09
6.1766054774703245e-09
6.380126806875571e-09
6.542996035189559e-09
6.666827422149905e-09
6.756987384936579e-09
6.822321326945673e-09
6.875565367880086e-09
6.933015513961978e-09
7.013674119209671e-09
7.138740976730362e-09
7.330015285694779e-09
7.609306936721132e-09
7.995977464280803e-09
8.507580171074296e-09
9.15574149374794e-09
9.947413713656238e-09
1.0880969552030898e-08
1.1946083966579974e-08
1.3121097368568657e-08
1.4371860640220837e-08
1.564908812903873e-08
1.688707535755544e-08
1.800135320593946e-08
1.889050376172126e-08
1.9438057559544648e-08
1.9523966971503965e-08

