2.436292744359533e-14
3.6779172217198594e-14
5.550185304692814e-14
8.371839764443105e-14
1.2621576063617802e-13
1.9017456161405338e-13
2.863511150774219e-13
4.3083323520721967e-13
6.476372829756725e-13
9.725410428394979e-13
1.4587105754284481e-12
2.1849193505558767e-12
3.2674991179607203e-12
4.8775421617177984e-12
7.265533711573155e-12
1.079615818921626e-11
1.5996831773185276e-11
2.3624553241369396e-11
3.4755240506566276e-11
5.0901146878660084e-11
7.415800753296634e-11
1.0737895967807014e-10
1.5436679281728651e-10
2.2004145318962987e-10
3.1053735913809783e-10
4.3310457476290754e-10
5.956360394671155e-10
8.056544099192721e-10
1.0683244784046916e-09
1.3835514420157379e-09
1.7419758921860495e-09
2.1205566183024205e-09
2.4799177962819356e-09
2.7648015346220596e-09
2.9128189513470123e-09
2.8707718372459207e-09
2.6167909811367354e-09
2.179181171756142e-09
1.636690799877557e-09
1.0962785781668513e-09
6.526102282828117e-10
3.535949518501239e-10
1.9297536183428906e-10
1.3050361811212482e-10
1.2201491299048893e-10
1.3779993489301804e-10
1.6429357105276333e-10
1.9756234953464841e-10
2.3745025882278164e-10
2.8485900166508084e-10
3.409787603292461e-10
4.071500694161913e-10
4.848444374335899e-10
5.75652350308829e-10
6.812645665116378e-10
8.034424263941416e-10
9.439764929238284e-10
1.1046321642135838e-09
1.2870801196849937e-09
1.4928139669251435e-09
1.7230531385508074e-09
1.9786374385813318e-09
2.2599121544027376e-09
2.5666187006605517e-09
2.897788644086908e-09
3.2516603319203022e-09
3.6256372776560338e-09
4.016267389196747e-09
4.419336002378297e-09
4.829978742769765e-09
5.24292314933781e-09
5.6528713432113376e-09
6.054825449199037e-09
6.444814359842487e-09
6.8203345756705006e-09
7.1811148346583235e-09
7.529911499322581e-09
7.872764239557992e-09
8.220061671668e-09
8.586179093144179e-09
8.99006583985393e-09
9.454400560714342e-09
1.0005601411494736e-08
1.0672058126372817e-08
1.148381742297366e-08
1.2470551270133028e-08
1.3659501945310272e-08
1.507462604197942e-08
1.6732257021834517e-08
1.8640525223936405e-08
2.0794813747377574e-08
2.3175578577914787e-08
2.5743748654751596e-08
2.843678376334628e-08
3.1162910545024465e-08
3.3796829860296864e-08
3.617383025316314e-08
3.8092833117269176e-08
3.9318468130433775e-08
3.960485075417792e-08

