9.643295628034626e-15
1.455742913626471e-14
2.1967276472883485e-14
3.3134085438590914e-14
4.9951951471113394e-14
7.526198057690247e-14
1.1331989098322199e-13
1.7049058071832107e-13
2.562754697057717e-13
3.848287114945715e-13
5.771831088976924e-13
8.6450162832706e-13
1.2928054617706131e-12
1.9297803365644907e-12
2.8745238387868583e-12
4.271321132303245e-12
6.328858045173631e-12
9.346694142991549e-12
1.3750657095379791e-11
2.0139389120646293e-11
2.934273260673022e-11
4.249083744119997e-11
6.109071941857519e-11
8.709335540013555e-11
1.2293344482376374e-10
1.7149217789782318e-10
2.359127590470353e-10
3.1920263036185096e-10
4.234503590585391e-10
5.486793919002287e-10
6.912618416808449e-10
8.421623866472142e-10
9.858699117654429e-10
1.1005486125390957e-09
1.1614692198251125e-09
1.1474522743638074e-09
1.0496528939467916e-09
8.790990210881983e-10
6.669132970081486e-10
4.5560368211663485e-10
2.830231562040282e-10
1.6860654254706252e-10
1.102856356417351e-10
9.240241012321681e-11
9.766839387313329e-11
1.1453997107100283e-10
1.3795989864196062e-10
1.6679400573699025e-10
2.015050309108324e-10
2.4307171328597176e-10
2.926891958268839e-10
3.517229766961129e-10
4.217101240628292e-10
5.043610681636673e-10
6.015564973964537e-10
7.15335182974446e-10
8.478726793749908e-10
1.0014481888585723e-09
1.1783991446185273e-09
1.3810629285330483e-09
1.6117056257802477e-09
1.872444698776002e-09
2.1651571329272282e-09
2.4914044193766546e-09
2.852348514320467e-09
3.2487023712643644e-09
3.680727901171098e-09
4.14823691385488e-09
4.650761734799194e-09
5.187695841841899e-09
5.758632899518383e-09
6.363846576430945e-09
7.0047017068810415e-09
7.684577207102547e-09
8.409388115013153e-09
9.188631337396129e-09
1.0036181619468776e-08
1.097104175471103e-08
1.2018149423850064e-08
1.3208664397492536e-08
1.4580452165006626e-08
1.6177233159649476e-08
1.8049179781885396e-08
2.0249962399275003e-08
2.2836953729935803e-08
2.5867290514605443e-08
2.939552456927847e-08
3.3469912506323804e-08
3.8127162092033385e-08
4.3387452695439575e-08
4.924698262758883e-08
5.5669240322438124e-08
6.257423525664403e-08
6.982403007681556e-08
7.720707889484399e-08
8.442167657399328e-08
9.105675943124225e-08
9.659534958527681e-08
1.0041422835853434e-07
1.0184414934002226e-07

