1.8886578080794037e-13
2.851259279672011e-13
4.3028266857693753e-13
6.490519937076428e-13
9.785542698902371e-13
1.4744734294591465e-12
2.2202248250897693e-12
3.340573616833761e-12
5.021778274957852e-12
7.541319819117034e-12
1.131154558061414e-11
1.6943418326592306e-11
2.5339206486848346e-11
3.7825895283336155e-11
5.634620681718583e-11
8.372848277675654e-11
1.240629339030962e-10
1.8321978875612608e-10
2.695414853040524e-10
3.9475204165859576e-10
5.750959146661982e-10
8.326826558545359e-10
1.1969708566720648e-09
1.7060553867756741e-09
2.4074038478592886e-09
3.357062726493202e-09
4.615952621163177e-09
6.241964380086471e-09
8.27449364656117e-09
1.071190517781157e-08
1.3480488595633615e-08
1.640031454824459e-08
1.9164926848442522e-08
2.1345254422058593e-08
2.245794422156338e-08
2.2092179452776424e-08
2.0081044746033024e-08
1.6646537402268104e-08
1.240001556227036e-08
8.168491532808728e-09
4.680666552270386e-09
2.301424265301897e-09
9.765350053464625e-10
3.9017341027360436e-10
1.9736571275268808e-10
1.65043976672625e-10
1.841611045834241e-10
2.190466164155642e-10
2.622069820252301e-10
3.133846896860766e-10
3.736290972469477e-10
4.442273117426731e-10
5.265718436834017e-10
6.221326674651758e-10
7.324281365532049e-10
8.589843027781332e-10
1.003281174393083e-09
1.1666860675776854e-09
1.3503696488764026e-09
1.555210636022898e-09
1.7816844963137846e-09
2.029742170024443e-09
2.298685666468039e-09
2.587037347735394e-09
2.89242680796702e-09
3.2114895647569624e-09
3.5398000701312738e-09
3.87185449487405e-09
4.2011007418977085e-09
4.520056757037907e-09
4.820495566686491e-09
5.093734265957165e-09
5.33099849566854e-09
5.523886996515645e-09
5.66488657545417e-09
5.747916520241318e-09
5.768947855572993e-09
5.726393628197218e-09
5.621710117392791e-09
5.459511614201471e-09
5.24766319287729e-09
4.997416038563139e-09
4.722344451649811e-09
4.438626663887476e-09
4.163096171954645e-09
3.912817900212503e-09
3.7033572702889395e-09
3.547880692768884e-09
3.4558516635462103e-09
3.4330523479465326e-09
3.481065286167348e-09
3.5968420838746756e-09
3.7734024507470104e-09
3.998262432582916e-09
4.254515160835266e-09
4.520085288326366e-09
4.7684323253560576e-09
4.968845827342264e-09
5.087935278326746e-09
5.092090612501797e-09
