1.3471945567162705e-13
2.0338223394626976e-13
3.0692295456996847e-13
4.62971416000959e-13
6.980053346906122e-13
1.0517436033788032e-12
1.583685572037228e-12
2.3828248043851325e-12
3.5820170700758468e-12
5.379185651304224e-12
8.068451621570131e-12
1.2085604951388471e-11
1.80742189067435e-11
2.6980810367414544e-11
4.019109249991119e-11
5.972248086012985e-11
8.849247339836943e-11
1.306882529178791e-10
1.9226044768548144e-10
2.815718301974661e-10
4.102097565687282e-10
5.939454839226235e-10
8.537929742586589e-10
1.2169276136093089e-09
1.7172123652515293e-09
2.3946328093781504e-09
3.292656371249182e-09
4.452596787171973e-09
5.9025852237950085e-09
7.641497421179705e-09
9.616809595349777e-09
1.1700238950315124e-08
1.3673246072638313e-08
1.522980659049426e-08
1.6025130299038267e-08
1.5766107452823206e-08
1.4333555757741318e-08
1.188570718977765e-08
8.858603679823127e-09
5.8422541210210626e-09
3.3566808941631757e-09
1.6624562790970646e-09
7.211603477761799e-10
3.0768707261139904e-10
1.760809205864172e-10
1.6021388677197087e-10
1.824713453175674e-10
2.176336557375994e-10
2.606255748557523e-10
3.1157110206535747e-10
3.7156108296522723e-10
4.418887485084231e-10
5.23952500159152e-10
6.192308677425212e-10
7.292541435479691e-10
8.555643786112366e-10
9.996623985249955e-10
1.1629418826423323e-09
1.3466062813002985e-09
1.55157426308713e-09
1.7783692456639477e-09
2.0269990629190787e-09
2.2968320227889926e-09
2.58646752992114e-09
2.893623229728342e-09
3.215034712405797e-09
3.546390124873549e-09
3.882312143785273e-09
4.2163922810946494e-09
4.541307998385449e-09
4.849010695349976e-09
5.131021502076484e-09
5.378789036246561e-09
5.584174802257325e-09
5.739959011990253e-09
5.840396437135856e-09
5.8818649849101735e-09
5.8632154067381795e-09
5.786462723583083e-09
5.65683303658841e-09
5.4829056495472815e-09
5.276754479361233e-09
5.052770694242821e-09
4.828001971481887e-09
4.619942075137304e-09
4.446314336771103e-09
4.322863025912919e-09
4.263274690487692e-09
4.27697641372086e-09
4.370069991487868e-09
4.543687713958528e-09
4.793935181528007e-09
5.111615124679304e-09
5.481150390896972e-09
5.880843892762678e-09
6.2824164277836104e-09
6.6511021092493845e-09
6.946238670402332e-09
7.12280878996841e-09
7.1351807893466545e-09

