9.411393765768684e-14
1.4208085048945128e-13
2.1441281978212272e-13
3.2342555952771764e-13
4.876156412018076e-13
7.347294441531958e-13
1.1063312168060057e-12
1.664588673458285e-12
2.5023098173887375e-12
3.757755983646112e-12
5.636388012648306e-12
8.442630314365439e-12
1.2626055536599904e-11
1.8847859854017088e-11
2.8076044483267124e-11
4.1719895534604927e-11
6.181747053133361e-11
9.129380292480227e-11
1.3430585505713925e-10
1.96695733162716e-10
2.86558337123626e-10
4.149117021482562e-10
5.964369759462106e-10
8.501207696824619e-10
1.1996235891435536e-09
1.6728865001614503e-09
2.3002882415647893e-09
3.110710716227381e-09
4.123837137573595e-09
5.338925734627982e-09
6.719340045474131e-09
8.175526964895288e-09
9.554876542945314e-09
1.0643638806732362e-08
1.1200934499510653e-08
1.1021925597918963e-08
1.0023227506316514e-08
8.315255203819669e-09
6.202578446615059e-09
4.097471563280604e-09
2.3634615099952403e-09
1.1828914625054992e-09
5.291941183699597e-10
2.4529367510769237e-10
1.5948945538428333e-10
1.558525503449455e-10
1.8033960167618302e-10
2.1556767919069615e-10
2.582747696803055e-10
3.088713029725687e-10
3.6848048301916935e-10
4.384026162414409e-10
5.200446051803812e-10
6.148974915739138e-10
7.245090971117361e-10
8.50445031821443e-10
9.942368451054107e-10
1.1573172011024546e-09
1.3409381076987306e-09
1.5460774937841994e-09
1.773329996077124e-09
2.0227880454496795e-09
2.2939186484425284e-09
2.58543600583699e-09
2.8951891004148145e-09
3.2200629433161567e-09
3.5559155736896004e-09
3.897558992928501e-09
4.2387997968503144e-09
4.572554774401914e-09
4.891043538658717e-09
5.186094312689429e-09
5.4494930866376935e-09
5.6734992279072715e-09
5.851339347329917e-09
5.977782095735019e-09
6.04982499179351e-09
6.066995392277732e-09
6.032155867396586e-09
5.9514534833155665e-09
5.834538031015268e-09
5.694628448295201e-09
5.547299348391297e-09
5.4107129622199424e-09
5.303335860379552e-09
5.243828819798495e-09
5.2485255664328955e-09
5.332035273380635e-09
5.504148708516236e-09
5.771340802144388e-09
6.134036767696944e-09
6.58681350533761e-09
7.117190927761158e-09
7.704921855757621e-09
8.321293547322683e-09
8.92870136843053e-09
9.480020016388892e-09
9.919560182159419e-09
1.0184707589625852e-08
1.0211592062203715e-08

