1.1989284259179696e-14
1.8099062714539572e-14
2.731186951769366e-14
4.11959175118418e-14
6.210631610321983e-14
9.357571959528005e-14
1.4089577370657924e-13
2.119807904994874e-13
3.1864521960175256e-13
4.78489012633808e-13
7.17665464095727e-13
1.0749242940916073e-12
1.6074906350684444e-12
2.399527907547417e-12
3.5742570729115936e-12
5.3110836333135805e-12
7.869483035642947e-12
1.162190859793827e-11
1.7097783105666573e-11
2.504134148717493e-11
3.648416662733108e-11
5.283101010838256e-11
7.595480606547086e-11
1.082798012324535e-10
1.5283054249842948e-10
2.1318491467626923e-10
2.9324384643808563e-10
3.967356265293319e-10
5.262410411436317e-10
6.817675303514533e-10
8.587775550247247e-10
1.0460081908795449e-09
1.2241495515016319e-09
1.3660427546524244e-09
1.4409573693331663e-09
1.4226078651832507e-09
1.3000668489554333e-09
1.0871079968789886e-09
8.224402051700898e-10
5.588471242727109e-10
3.432487891518735e-10
1.9963524090913667e-10
1.2528637229947558e-10
1.0063581486918916e-10
1.0411832033514815e-10
1.213008169957876e-10
1.4577708441318303e-10
1.7597503998496113e-10
2.1226725475584498e-10
2.55627678620931e-10
3.0725608630652187e-10
3.685161051753869e-10
4.409316086941101e-10
5.261844420945296e-10
6.261065526876819e-10
7.426623768710362e-10
8.779212625054205e-10
1.034017519869578e-09
1.2130973130359905e-09
1.4172524482644737e-09
1.6484406267752598e-09
1.908398904675741e-09
2.198543688288648e-09
2.5198847791011657e-09
2.8729332132418316e-09
3.25764053274775e-09
3.673384220764296e-09
4.118959229325995e-09
4.592726428422894e-09
5.092741093103118e-09
5.617061672397618e-09
6.1642023748761746e-09
6.73350721790562e-09
7.326026171683801e-09
7.944992609741222e-09
8.596789969297584e-09
9.291732874222679e-09
1.004464903952382e-08
1.0875752842543045e-08
1.1810699963215792e-08
1.2881121519020357e-08
1.4123693921415262e-08
1.5580696759375352e-08
1.7297240425985432e-08
1.9321510447560564e-08
2.1701212074943214e-08
2.448143508063179e-08
2.7701669210054565e-08
3.1390990523305164e-08
3.5564348635889205e-08
4.0216212104457244e-08
4.531394352012886e-08
5.078913263333726e-08
5.6526742409554695e-08
6.235287251519288e-08
6.802259543715333e-08
7.320553836846917e-08
7.748969054822776e-08
8.038231318783209e-08
8.135842789810519e-08

