1.7015231595083106e-14
2.568655864538497e-14
3.8762054250118946e-14
5.84676057245983e-14
8.81460574651971e-14
1.3281173959463193e-13
1.999758447693864e-13
3.008724450627804e-13
4.5227191217138074e-13
6.791572663023306e-13
1.0186532059537592e-12
1.5257652941121587e-12
2.2817250424663885e-12
3.4060022996126326e-12
5.073506766066358e-12
7.538895542164334e-12
1.1170469276063083e-11
1.6496866652046225e-11
2.4269474223356476e-11
3.554446758678211e-11
5.1785655442291136e-11
7.498609130408841e-11
1.0780259602895568e-10
1.5367318422000833e-10
2.1688572365025584e-10
3.0250997521370626e-10
4.160689129136145e-10
5.628329879571033e-10
7.464340913070609e-10
9.668403837917006e-10
1.2175588134982766e-09
1.4825460259990131e-09
1.734345521295635e-09
1.934388092570199e-09
2.0390850673286396e-09
2.011217192976677e-09
1.8354074266613403e-09
1.5313254812669368e-09
1.1539400488458544e-09
7.780423348494584e-10
4.699552582942853e-10
2.6339754096204894e-10
1.5422447405727137e-10
1.1447744920178148e-10
1.1341663928319974e-10
1.3040807912853417e-10
1.5614254568901483e-10
1.8809436440494992e-10
2.264268819089552e-10
2.7208914202243394e-10
3.2627952653278003e-10
3.9035184629813703e-10
4.658041103926013e-10
5.542708482192345e-10
6.575090891392747e-10
7.773738461184754e-10
9.157826358117818e-10
1.0746671584254987e-09
1.2559106940020837e-09
1.461272420773009e-09
1.6922975069706097e-09
1.950219528970598e-09
2.235851418259687e-09
2.5494860503494487e-09
2.8907954760849745e-09
3.258756886635469e-09
3.6516225746941407e-09
4.066902818479774e-09
4.501484031908876e-09
4.9517462178759624e-09
5.413833355273345e-09
5.884068666526763e-09
6.3592936264559775e-09
6.837669993878518e-09
7.31912403656783e-09
7.806203921480934e-09
8.304865644045701e-09
8.82485071405007e-09
9.380674566711925e-09
9.991403717617165e-09
1.068124764566763e-08
1.1478602130814556e-08
1.2416419086408286e-08
1.3529859879920528e-08
1.4856400055085849e-08
1.6432981154467843e-08
1.8294018644286212e-08
2.046950820386184e-08
2.298058378916791e-08
2.583751548778065e-08
2.9034518748937622e-08
3.254569587518612e-08
3.631878575302628e-08
4.026844637585712e-08
4.42678784321992e-08
4.814146600776801e-08
5.165555685057598e-08
5.452208886130727e-08
5.640041906244641e-08
5.693149382131545e-08
