3.4493593018904594e-14
5.207320141628367e-14
7.858205340825933e-14
1.1853334459635994e-13
1.7870517151652534e-13
2.692650510409258e-13
4.054437175386254e-13
6.100214228212292e-13
9.170054866040109e-13
1.377057855560442e-12
2.06546300964792e-12
3.093766588135804e-12
4.626698125380875e-12
6.906529370698957e-12
1.0287952776718252e-11
1.5287363743854024e-11
2.2651574186851164e-11
3.345245495374297e-11
4.9213397915749736e-11
7.207550450471702e-11
1.050058094233357e-10
1.5204330930849522e-10
2.1857078133736174e-10
3.1155128640891576e-10
4.3966491546647495e-10
6.131672774803495e-10
8.432178682427311e-10
1.1404427941560903e-09
1.5121174787342607e-09
1.9580560763581054e-09
2.4649414325451213e-09
3.000077004733615e-09
3.507645888736609e-09
3.909374832286375e-09
4.116952302631991e-09
4.055153146059993e-09
3.6931668900176863e-09
3.0712157977082965e-09
2.3008415886593015e-09
1.5333497239210399e-09
9.024666757599736e-10
4.756428982875536e-10
2.436859964011823e-10
1.4938963841808334e-10
1.3007087321699132e-10
1.4350138882162687e-10
1.7024094118869235e-10
2.044068707960676e-10
2.453954060386345e-10
2.9403810578562625e-10
3.515132753956003e-10
4.1914878018152855e-10
4.983937007389174e-10
5.908030392142695e-10
6.98015694140368e-10
8.217211485717791e-10
9.63614015527881e-10
1.1253355128538945e-09
1.3083991155139515e-09
1.514103749515054e-09
1.7434318513631643e-09
1.9969385780423483e-09
2.2746333312691347e-09
2.5758634320418507e-09
2.8992051643154363e-09
3.242374182287115e-09
3.602175683363711e-09
3.974482834641509e-09
4.354310612066353e-09
4.735927733842409e-09
5.113078426234769e-09
5.479338404037578e-09
5.828440196448732e-09
6.1549314571043234e-09
6.454626463340405e-09
6.725298883820487e-09
6.967469920101594e-09
7.184620663825924e-09
7.3842635718884636e-09
7.577578895294595e-09
7.779934064133111e-09
8.010265141892554e-09
8.290644680381475e-09
8.645147899230879e-09
9.098926390774189e-09
9.676961945349744e-09
1.0401824869933062e-08
1.1293690614932963e-08
1.2366040775313863e-08
1.3626159873630425e-08
1.5070926081053786e-08
1.66858966916854e-08
1.8441815223977132e-08
2.0292403083752666e-08
2.2170359878797184e-08
2.3984927938281635e-08
2.5618101539468174e-08
2.6927042290989077e-08
2.7746118073667326e-08
2.7903548307545882e-08

