6.718633459299066e-15
1.0142240203965014e-14
1.530449001789114e-14
2.3083986810975604e-14
3.480016235882511e-14
5.243210547802018e-14
7.894426581141808e-14
1.1877024622020652e-13
1.7852838722862958e-13
2.6807787556177245e-13
4.0206921993964826e-13
6.022091779183851e-13
9.005543345169373e-13
1.3442526838781776e-12
2.002334550726529e-12
2.9753111022109593e-12
4.408563353724912e-12
6.510793671659528e-12
9.578701938498572e-12
1.4029447224853491e-11
2.0441386672142278e-11
2.9602332934618135e-11
4.2563078235321225e-11
6.068444946379848e-11
8.566548517262457e-11
1.1951820117798712e-10
1.6444003390220162e-10
2.2253786143457765e-10
2.9528361496804003e-10
3.827163220168982e-10
4.82336273201158e-10
5.878781988441185e-10
6.885596728811356e-10
7.691756245186048e-10
8.124771071865805e-10
8.036551534622406e-10
7.364715930025633e-10
6.185432229322643e-10
4.715410593981843e-10
3.251559628569317e-10
2.0591685537980939e-10
1.2755196123762413e-10
8.878001549226153e-11
7.87973429206469e-11
8.563497546928836e-11
1.0134005082036935e-10
1.225227316409462e-10
1.4857738687717282e-10
1.8006017057103902e-10
2.1793685248489539e-10
2.633794765954904e-10
3.177419711107602e-10
3.8256969969189147e-10
4.596092800361507e-10
5.508151516871497e-10
6.583486992715607e-10
7.845701750672658e-10
9.320203519626557e-10
1.103391821268364e-09
1.3014886037833117e-09
1.5291741993335525e-09
1.7893152208048149e-09
2.0847095621788484e-09
2.418035814763366e-09
2.791790181708888e-09
3.208263268768482e-09
3.6695663083931463e-09
4.177658520394362e-09
4.734562076360145e-09
5.342537270165302e-09
6.004486118716074e-09
6.724489952198949e-09
7.50831700212056e-09
8.364431695512108e-09
9.304648708167982e-09
1.0345338593567575e-08
1.1508312177210903e-08
1.2821917573515567e-08
1.432179846375752e-08
1.6051649920458036e-08
1.806364759317817e-08
2.041783135892058e-08
2.31826897543328e-08
2.643205588215207e-08
3.024508192871851e-08
3.470174770017109e-08
3.987993090209044e-08
4.585036064821292e-08
5.2670176099106856e-08
6.037535789917502e-08
6.897057869543347e-08
7.841571225055016e-08
8.861002930279127e-08
9.936904053271359e-08
1.1040035720218173e-07
1.21276038280385e-07
1.3140112636616547e-07
1.4001470561298002e-07
1.461853309165658e-07
1.4889726734616559e-07

