8.367333713682282e-15
1.2631177593547536e-14
1.9060434540137256e-14
2.8749406809608064e-14
4.334146559861031e-14
6.530161887837637e-14
9.832220121878086e-14
1.4792547703493842e-13
2.223549576874022e-13
3.338908619494587e-13
5.007813246605855e-13
7.500634445913715e-13
1.1216654556324368e-12
1.674312163681451e-12
2.49398235568192e-12
3.7058619759526754e-12
5.491016177136336e-12
8.109362684460083e-12
1.1930390139435692e-11
1.747356010280163e-11
2.5458994971229825e-11
3.6867491545350856e-11
5.300703496295123e-11
7.557115995865073e-11
1.0667367337392367e-10
1.4881668070747282e-10
2.0473097844091695e-10
2.770314618862173e-10
3.6753822065986347e-10
4.762822927203817e-10
6.0012904811955e-10
7.312529418692366e-10
8.562071534701306e-10
9.56049668290588e-10
1.0093148889508045e-09
9.976017386322368e-10
9.132006643768342e-10
7.656492634519249e-10
5.819456230596984e-10
3.9900719609376135e-10
2.497503441894131e-10
1.5112536810326028e-10
1.0141215354908763e-10
8.707388485001494e-11
9.314519758126377e-11
1.0965127537084914e-10
1.3226515026455167e-10
1.600866986947274e-10
1.9362324754297104e-10
2.338517972688158e-10
2.8196114713883766e-10
3.393149778785057e-10
4.0745628763540757e-10
4.881121474107222e-10
5.831941293540994e-10
6.947902148860254e-10
8.251482444639903e-10
9.766480270912078e-10
1.1517618415039321e-09
1.353002392377793e-09
1.5828582683199922e-09
1.8437238836211205e-09
2.1378143603033483e-09
2.467099025957594e-09
2.8332242806174253e-09
3.237473121995056e-09
3.6807728860655677e-09
4.163704665062032e-09
4.686690035381282e-09
5.2501427172368035e-09
5.854830550837668e-09
6.502375638348374e-09
7.195697614578899e-09
7.939968451290783e-09
8.743176636278326e-09
9.617230561041964e-09
1.0578777624024791e-08
1.1650080445233135e-08
1.2859791927233663e-08
1.4243414724193963e-08
1.5843755215167386e-08
1.771014903317525e-08
1.989906032807786e-08
2.2471045643996166e-08
2.54908885463736e-08
2.9023433028605418e-08
3.313104017875314e-08
3.786937648316649e-08
4.3281767618971264e-08
4.9393285478958717e-08
5.620238357727465e-08
6.36705179621399e-08
7.170967061300819e-08
8.016493999853982e-08
8.87960467071094e-08
9.725710382307015e-08
1.0507337800246674e-07
1.116441428292406e-07
1.1624109767847258e-07
1.1807769798373254e-07

