5.137632048657857e-15
7.755531529659882e-15
1.170285942151534e-14
1.7651403968342067e-14
2.661000306394123e-14
4.009185316704836e-14
6.036353015439789e-14
9.081487891647328e-14
1.3650612642400286e-13
2.0497535701715458e-13
3.074239919427615e-13
4.604485802067812e-13
6.885591998584686e-13
1.0278052604409927e-12
1.5309687364516117e-12
2.274905130731274e-12
3.3707846507400283e-12
4.978207748655223e-12
7.324086768256147e-12
1.0727491544273696e-11
1.5630843102733816e-11
2.2636887619184026e-11
3.254974499776648e-11
4.641108693984642e-11
6.552197952224425e-11
9.142401906315403e-11
1.2580237378804126e-10
1.702754237197076e-10
2.259791465805311e-10
2.929572085718602e-10
3.693147342015819e-10
4.5027788498727446e-10
5.276144499986835e-10
5.896993555031479e-10
6.233266372392986e-10
6.171355769846063e-10
5.663063503300464e-10
4.766218917698525e-10
3.6464848681751567e-10
2.5314164288838145e-10
1.6248988779771684e-10
1.0331130573009687e-10
7.472648715359383e-11
6.853897434436198e-11
7.564321002999119e-11
9.001526260827094e-11
1.0915113218671814e-10
1.3271166834274744e-10
1.61281698606799e-10
1.9579682277414947e-10
2.3739326880036067e-10
2.873966002560761e-10
3.473376561041143e-10
4.18969245736838e-10
5.042812633352259e-10
6.05510138184043e-10
7.251430932436228e-10
8.659141110475437e-10
1.0307915850906597e-09
1.2229561758167975e-09
1.44576884016972e-09
1.7027363851713573e-09
1.997462166806699e-09
2.3336210533180696e-09
2.714921241528118e-09
3.14510983979286e-09
3.628029662143245e-09
4.16767963363705e-09
4.768472294852504e-09
5.43545267022856e-09
6.174766426982352e-09
6.9942589706307285e-09
7.904091556394709e-09
8.917834686762395e-09
1.0053282366851223e-08
1.1333815590521478e-08
1.2789433463072358e-08
1.4458171180528333e-08
1.6386921329314457e-08
1.8632609544333078e-08
2.1262666054235486e-08
2.435468591378234e-08
2.7997009146795858e-08
3.228564656602824e-08
3.732401135779945e-08
4.321807758905787e-08
5.007284767610693e-08
5.7986160598587535e-08
6.704092394843214e-08
7.729506008136647e-08
8.876838078395327e-08
1.014240323171251e-07
1.1514704635065438e-07
1.2971137804604387e-07
1.4474583218297862e-07
1.5969313866867181e-07
1.7376357476008108e-07
1.8593131510237884e-07
1.9492337313111483e-07
1.9933240638364988e-07

