4.291840582034339e-15
6.478726288881662e-15
9.776140983093707e-15
1.4745247816914605e-14
2.2228752138249247e-14
3.349065556552064e-14
5.042426480538537e-14
7.586116399606027e-14
1.140282272505818e-13
1.7122212309054354e-13
2.567995919126696e-13
3.846241117244323e-13
5.751697251239493e-13
8.585500955541762e-13
1.2788572320120982e-12
1.9002949621964023e-12
2.815736313517416e-12
4.158519501537908e-12
6.118229292999333e-12
8.961466961185392e-12
1.3057934472546189e-11
1.8911365561385366e-11
2.7193888139519375e-11
3.87763612605815e-11
5.474679274803829e-11
7.63948255415075e-11
1.051310639033898e-10
1.4231170841207587e-10
1.888916994755487e-10
2.4491529941230407e-10
3.088087111163034e-10
3.7659302691392975e-10
4.413974158667317e-10
4.935099140771212e-10
5.218872262481805e-10
5.170157252832643e-10
4.748390124150596e-10
4.001639140662805e-10
3.0682783216529514e-10
2.1387220206318453e-10
1.3839054809621884e-10
8.93237839146089e-11
6.599499988006767e-11
6.159328567645571e-11
6.853785017478415e-11
8.182924032173693e-11
9.942767895235518e-11
1.2112437871704534e-10
1.47505235299333e-10
1.7947384804306214e-10
2.1813026130843028e-10
2.647672158273104e-10
3.208903027947395e-10
3.882395229824127e-10
4.688106051450533e-10
5.648722017243596e-10
6.789795930369861e-10
8.139819514974878e-10
9.730231182335606e-10
1.1595345587858679e-09
1.377220252578365e-09
1.6300409895651724e-09
1.9221852889833746e-09
2.2580665933467026e-09
2.642308440231861e-09
3.0797760857113895e-09
3.5756610643722887e-09
4.135573517188339e-09
4.765835882949957e-09
5.473744268726847e-09
6.268091933038105e-09
7.159824776921275e-09
8.162753816338539e-09
9.294724010957598e-09
1.0578574948348024e-08
1.2043641168657559e-08
1.3726937332065813e-08
1.5674833847786958e-08
1.794399554011152e-08
2.0602888291357205e-08
2.3732354538041284e-08
2.7425531001150532e-08
3.17884692161013e-08
3.6937170243989246e-08
4.299715391943811e-08
5.0098419573555014e-08
5.837143852907591e-08
6.794009800917659e-08
7.891278688795621e-08
9.137029342718621e-08
1.0535003862289328e-07
1.208230516023928e-07
1.3766736782212525e-07
1.556260674482976e-07
1.7426382271671563e-07
1.9291328676219323e-07
2.1061429099300812e-07
2.2610450004183812e-07
2.3780125303049958e-07
2.4393686309767307e-07

