3.4934693931035575e-15
5.273521884988697e-15
7.957493729050448e-15
1.200213911002916e-14
1.8093368787176584e-14
2.72600004485422e-14
4.104306472382863e-14
6.174729107292128e-14
9.281309494737057e-14
1.3936560219190506e-13
2.0902072120937206e-13
3.130627448052883e-13
4.681569518849063e-13
6.988155125986333e-13
1.0409297850955125e-12
1.5467641814588946e-12
2.2919242969993808e-12
3.38496338295175e-12
4.9802367899105375e-12
7.294823471685371e-12
1.0629784053294398e-11
1.5395381523376708e-11
2.2139120806203373e-11
3.157055126859874e-11
4.4576417669868136e-11
6.220825599775838e-11
8.561701336743439e-11
1.1591061643089411e-10
1.5387189734497116e-10
1.995439368392823e-10
2.5165372468961604e-10
3.0697002992707085e-10
3.599044452294811e-10
4.025490223180545e-10
4.2590180236942955e-10
4.221949935570791e-10
3.880971669227499e-10
3.2749826984867263e-10
2.516614103331941e-10
1.7611816343151602e-10
1.148418654560317e-10
7.51772644282898e-11
5.662632415368722e-11
5.3676650125576693e-11
6.017916895285278e-11
7.209317084291886e-11
8.780614921360825e-11
1.0721840448378199e-10
1.3090010139056393e-10
1.597053898068578e-10
1.9467859717584808e-10
2.370578718524119e-10
2.882998189173121e-10
3.501065628207677e-10
4.244542842705801e-10
5.136197718303643e-10
6.202058176997594e-10
7.471629023781084e-10
8.978071175380524e-10
1.0758334096676869e-09
1.2853236968140068e-09
1.5307574343164478e-09
1.8170120606060312e-09
2.1493923602209523e-09
2.5336513428256527e-09
2.9760611330693385e-09
3.483539941821444e-09
4.063794848395848e-09
4.725668986179717e-09
5.4794705903067825e-09
6.337577745298432e-09
7.31518172305064e-09
8.43114135736236e-09
9.709269275444567e-09
1.1179510960857437e-08
1.2879649090790981e-08
1.485674052728598e-08
1.716915007268834e-08
1.9887730408447988e-08
2.3097786177227543e-08
2.689988731394813e-08
3.1410193304931616e-08
3.6761213734121416e-08
4.309909939607492e-08
5.058307409268122e-08
5.9380239483128455e-08
6.966098182252009e-08
8.159082421932715e-08
9.531990758332974e-08
1.1096803832245688e-07
1.286050372606825e-07
1.482210944296155e-07
1.6969230555891694e-07
1.9272489158305034e-07
2.1679694972341122e-07
2.410846032695709e-07
2.6437793278754424e-07
2.8506083522108645e-07
3.010802557568561e-07
3.1011324031890453e-07

