3.054332963304291e-15
4.610618484035106e-15
6.957188268875199e-15
1.0493374302836234e-14
1.5818855824467575e-14
2.3833109689083392e-14
3.588343317156432e-14
5.3984817618913437e-14
8.114517984575347e-14
1.218453849750642e-13
1.8274402390820902e-13
2.73707055666694e-13
4.0930526991459396e-13
6.109705011195781e-13
9.100844360275026e-13
1.352345728641047e-12
2.003864024369944e-12
2.959562066401739e-12
4.3544199223051816e-12
6.378278921497066e-12
9.294443452719829e-12
1.3461757291738086e-11
1.935915916875184e-11
2.7607430047440147e-11
3.898252949753817e-11
5.4404874093039476e-11
7.488232905193279e-11
1.0138583997180854e-10
1.3460293053446386e-10
1.7457512015824687e-10
2.2019365482668096e-10
2.686371729895183e-10
3.150213145958716e-10
3.524295087696063e-10
3.7298263744555864e-10
3.698744525175021e-10
3.401745862763472e-10
2.8727097773974175e-10
2.2101146602558237e-10
1.5499472380488276e-10
1.014723609253372e-10
6.690401352989971e-11
5.088325946290141e-11
4.8606657746457294e-11
5.470817765789016e-11
6.566940085570376e-11
8.010610304751862e-11
9.796987608437086e-11
1.1981159322116476e-10
1.4644566346776328e-10
1.7887127889106382e-10
2.18280105191152e-10
2.6608346700249296e-10
3.2394274769484e-10
3.938024448897174e-10
4.779228339956286e-10
5.789132191794876e-10
6.997636094208818e-10
8.438748627849785e-10
1.0150867684316181e-09
1.2177036449720622e-09
1.456525065237652e-09
1.7368697809087823e-09
2.06463080170541e-09
2.4463260062475745e-09
2.8892017867047894e-09
3.401395977430388e-09
3.9921243441532155e-09
4.672072792701036e-09
5.453785625365087e-09
6.352338091771109e-09
7.3861562386651334e-09
8.577988291532452e-09
9.95629370656305e-09
1.1556603033272772e-08
1.3423394459726778e-08
1.5611752927924407e-08
1.8189690405948233e-08
2.123956701787538e-08
2.4860422279566805e-08
2.9169042377413306e-08
3.4300645821256696e-08
4.0409824821062354e-08
4.766811674318586e-08
5.626340911427193e-08
6.639471636675229e-08
7.826720481209872e-08
9.208327860398559e-08
1.0803082549462487e-07
1.2626603511018998e-07
1.4689056963512864e-07
1.6991643112896092e-07
1.9522480967786808e-07
2.2249847194703593e-07
2.5115053108072445e-07
2.8023266884303025e-07
3.083302596190546e-07
3.335313706879657e-07
3.533838567384057e-07
3.650874218523515e-07
