3.662850394918159e-13
5.529658977872408e-13
8.34469591027952e-13
1.2587235470289158e-12
1.8977065412554957e-12
2.859389329218793e-12
4.305506906442203e-12
6.4779563613328844e-12
9.737839659818738e-12
1.4623080511172866e-11
2.193299939691348e-11
3.285183556940036e-11
4.912832340656518e-11
7.333412456589108e-11
1.0923380010052501e-10
1.62307439893333e-10
2.404791481481814e-10
3.5512008591738846e-10
5.223881819802972e-10
7.649878505205493e-10
1.1143733817575627e-09
1.6133501404354074e-09
2.3189448764822785e-09
3.304896207499279e-09
4.663081667251731e-09
6.501990776293726e-09
8.939581973699642e-09
1.2088038422847307e-08
1.6023945040946136e-08
2.074483530245394e-08
2.6109339867790622e-08
3.177137780437976e-08
3.714096707935132e-08
4.1391723108540065e-08
4.359230658773255e-08
4.295045832852495e-08
3.914280441293062e-08
3.259377437960395e-08
2.4476830852376468e-08
1.6380354034502728e-08
9.704318276979371e-09
5.149605666524408e-09
2.6118146074972968e-09
1.4834140942107147e-09
1.10051784234952e-09
1.0136161359199102e-09
1.0110840250720348e-09
1.0219726102764431e-09
1.0293484002635363e-09
1.030129119447858e-09
1.0237640639882185e-09
1.010253584229903e-09
9.899202703530411e-10
9.634676618472404e-10
9.319193935161634e-10
8.966102479657732e-10
8.591221068319695e-10
8.211284962415499e-10
7.843467999574864e-10
7.503209242471561e-10
7.203768137294962e-10
6.954425477453562e-10
6.760948703840274e-10
6.624033392539883e-10
6.540748756950545e-10
6.503900603415941e-10
6.503052596809537e-10
6.525396330916111e-10
6.556436133909358e-10
6.581408945411752e-10
6.586095177323414e-10
6.557965228336449e-10
6.48652177382728e-10
6.364171181340503e-10
6.186065101531793e-10
5.950480376407636e-10
5.658590050579736e-10
5.314375736601929e-10
4.924315146035567e-10
4.4970541864871564e-10
4.042968476734568e-10
3.5735838439767415e-10
3.101116149140243e-10
2.63765564586878e-10
2.1946722340375122e-10
1.7823249675513846e-10
1.4088532748249522e-10
1.0803690233767355e-10
8.003494173016119e-11
5.698232566385841e-11
3.8737265925801575e-11
2.493723529673864e-11
1.5050402781681348e-11
8.409083273631331e-12
4.2850507499609786e-12
1.9561774950893304e-12
7.834211105048974e-13
2.687373423485082e-13
7.675884611628091e-14
1.7695096555595217e-14

