1.7775703340901723e-14
2.6831599557218193e-14
4.048483308892123e-14
6.105738266929636e-14
9.203532454309833e-14
1.3864601897079981e-13
2.0871671004928754e-13
3.1394907263025125e-13
4.718030401343579e-13
7.082748970628541e-13
1.0619720930285567e-12
1.5900597452450187e-12
2.3768982606499293e-12
3.5464628245448526e-12
5.280106704727345e-12
7.841630095522486e-12
1.1612190981611094e-11
1.7138328006969368e-11
2.519605307788309e-11
3.6874979551190414e-11
5.368362995342161e-11
7.76738241428152e-11
1.1157814057321352e-10
1.5893011523462415e-10
2.2413526575938015e-10
3.1240460982147347e-10
4.294268438010322e-10
5.806627791616819e-10
7.699617114660423e-10
9.975417639879308e-10
1.2572041312374131e-09
1.5332665397019399e-09
1.798704418071657e-09
2.0154531500611877e-09
2.140399905065245e-09
2.1365928446737113e-09
1.9884615667379485e-09
1.7147202256090511e-09
1.3686817704179844e-09
1.0230390904791494e-09
7.423281468691115e-10
5.593259285442876e-10
4.700363287773626e-10
4.4722423647549616e-10
4.60909924779548e-10
4.907521543553833e-10
5.272728895445707e-10
5.674530202669193e-10
6.108107233110187e-10
6.575610220081957e-10
7.081114558168874e-10
7.6296985938796e-10
8.227400060340646e-10
8.881150362861024e-10
9.59867909062375e-10
1.0388311751417028e-09
1.125854521733688e-09
1.2217855252735736e-09
1.3273847249363692e-09
1.4433057609448204e-09
1.5700084369049266e-09
1.7077151423008073e-09
1.8563610330989613e-09
2.0155434879448134e-09
2.1845042031742338e-09
2.362102140682474e-09
2.5468259653589282e-09
2.7367807259542537e-09
2.929740249721619e-09
3.1231434316173133e-09
3.314154555668561e-09
3.49969099577185e-09
3.676462866140962e-09
3.8410211688959654e-09
3.98978345180534e-09
4.119083661003245e-09
4.225165600954337e-09
4.3042632752834045e-09
4.3525296564114306e-09
4.366126442399534e-09
4.341225241941706e-09
4.2739410480299785e-09
4.160698254114883e-09
3.998034686601037e-09
3.783358355398411e-09
3.51541350581303e-09
3.1950125288436077e-09
2.8269254818034246e-09
2.4203066570859204e-09
1.9905872400641648e-09
1.5589069451790708e-09
1.150309598387902e-09
7.901495238252519e-10
4.980941750401428e-10
2.83541083844023e-10
1.4308934088869302e-10
6.267724655472718e-11
2.327319264071551e-11
7.128492290949736e-12
1.7466376574469818e-12

