2.473788982169976e-14
3.734182775911341e-14
5.634507342328719e-14
8.498023327925245e-14
1.281008733183384e-13
1.9298543882055882e-13
2.905332642382864e-13
4.3704019639295205e-13
6.568233648936396e-13
9.860924645251751e-13
1.4786288396641392e-12
2.2140743874881095e-12
3.3099735504777e-12
4.939090538949516e-12
7.35418188357105e-12
1.092296312146055e-11
1.6176811201598378e-11
2.3877769603596156e-11
3.510798619868591e-11
5.138712210517856e-11
7.481932247363513e-11
1.0826679280338981e-10
1.555415552084552e-10
2.2157286883532314e-10
3.1250557730838427e-10
4.356055875026268e-10
5.987987975823865e-10
8.096804240971981e-10
1.07357328685265e-09
1.3906945541840378e-09
1.7522488491005125e-09
2.136128400313545e-09
2.5043143446719404e-09
2.8033109358157854e-09
2.9725773343890096e-09
2.960280201357224e-09
2.744666976165062e-09
2.3521771679471127e-09
1.8578227405835241e-09
1.3637694423753994e-09
9.605962269040747e-10
6.941604215750635e-10
5.585813267605013e-10
5.153417800490367e-10
5.220927685715464e-10
5.500684599783591e-10
5.857731297924346e-10
6.247771577969536e-10
6.661941721266572e-10
7.100924328629182e-10
7.567834430754516e-10
8.06693099326866e-10
8.603515758112529e-10
9.183894584872538e-10
9.815216091451544e-10
1.0505271439758614e-09
1.126196811397906e-09
1.2093137014183225e-09
1.3005527882211709e-09
1.4004625337412685e-09
1.5093658263415637e-09
1.627312345734973e-09
1.754032695345894e-09
1.888880809645548e-09
2.0308334240422245e-09
2.178466883352567e-09
2.329991816556808e-09
2.4832560920793353e-09
2.6358245198031426e-09
2.784997545058419e-09
2.9279004373667633e-09
3.0615395616138028e-09
3.1828656974750453e-09
3.288856326187905e-09
3.3765619598851743e-09
3.443184526049226e-09
3.486101940274661e-09
3.5029545210631244e-09
3.4916197771574946e-09
3.4502902353560864e-09
3.377485451474495e-09
3.27199701365831e-09
3.13313017502576e-09
2.9605189685101884e-09
2.7545820039847623e-09
2.5167337925935235e-09
2.2497102141153633e-09
1.958664981936238e-09
1.6511695885804491e-09
1.338252483245555e-09
1.0337957187718775e-09
7.532708025994722e-10
5.11512057037154e-10
3.1912354945640004e-10
1.7998751367742667e-10
9.008732817547813e-11
3.9175660546301784e-11
1.4454234056804758e-11
4.4024775977082455e-12
1.0734102833625554e-12

