5.43040636267548e-13
8.198103246653413e-13
1.2371651734689962e-12
1.8661645819727283e-12
2.8135288111258645e-12
4.239344166936188e-12
6.383415694390382e-12
9.604410809343673e-12
1.4437754788986288e-11
2.1681071660946672e-11
3.251960567423098e-11
4.870940571747292e-11
7.284364855234075e-11
1.0873592498299893e-10
1.6196897537065745e-10
2.406698764270571e-10
3.5659060784316417e-10
5.265959360281458e-10
7.746507759562247e-10
1.1344306937193959e-09
1.6525906566430188e-09
2.3926238866882233e-09
3.4391197378899447e-09
4.901457022034333e-09
6.9159176748377505e-09
9.643413449535359e-09
1.3258871711654906e-08
1.7928590644858253e-08
2.376594150537611e-08
3.076682954658516e-08
3.8720804377817686e-08
4.711332777551646e-08
5.506762225713057e-08
6.135588243364425e-08
6.45946949004626e-08
6.360771470115305e-08
5.7915699804211674e-08
4.8150889890750614e-08
3.605844583681947e-08
2.3999704142984017e-08
1.4055276091820632e-08
7.266300172971656e-09
3.4768448488936013e-09
1.783481365157679e-09
1.1993240834409402e-09
1.05645706633841e-09
1.0406499557051066e-09
1.0467851354390495e-09
1.0499674560112657e-09
1.04581251077411e-09
1.0335954394516582e-09
1.013279751609624e-09
9.851846249383435e-10
9.500299144028742e-10
9.08888450892016e-10
8.631692166463999e-10
8.145677841504288e-10
7.648942961017643e-10
7.160446808068005e-10
6.697526162748304e-10
6.275415676833124e-10
5.90538388933207e-10
5.594795033063917e-10
5.345956165801919e-10
5.157235756227761e-10
5.022913284727624e-10
4.933946781301813e-10
4.879188792076406e-10
4.845584286515045e-10
4.819881718114614e-10
4.789104380731253e-10
4.741838366278579e-10
4.668456830355226e-10
4.5619662065376455e-10
4.417760051664964e-10
4.233933271990416e-10
4.011002694044603e-10
3.751767012878609e-10
3.461016788571676e-10
3.1452062746522126e-10
2.8120878223194774e-10
2.4702333038951965e-10
2.1286623159194499e-10
1.7962154149543083e-10
1.4811694070002128e-10
1.1907108970858265e-10
9.304931645293735e-11
7.044597945320859e-11
5.1451706657619725e-11
3.6067556337470415e-11
2.4112640707033243e-11
1.5250898402046022e-11
9.037843690634e-12
4.957395974151183e-12
2.4805828953121118e-12
1.1127089500766996e-12
4.383038112320543e-13
1.4806690554718915e-13
4.170566536861079e-14
9.49476103769393e-15

