1.719896642195269e-13
2.5964244152746837e-13
3.9181518479082526e-13
5.910084289428586e-13
8.910129353415442e-13
1.3425140815199828e-12
2.0214328206327548e-12
3.041313980902777e-12
4.57164729763795e-12
6.864902183460996e-12
1.0296208035636249e-11
1.5421301708677498e-11
2.306076263918073e-11
3.4421223751064284e-11
5.1268876861443595e-11
7.61745393087145e-11
1.1285520724204956e-10
1.6664427643040947e-10
2.451195239463397e-10
3.5892788282717723e-10
5.228181055011172e-10
7.568599188188754e-10
1.0877895061049117e-09
1.550177985566654e-09
2.1871034054919063e-09
3.049442693852647e-09
4.192540124515766e-09
5.6690906068996625e-09
7.515213630009443e-09
9.730158314927484e-09
1.2248345057695413e-08
1.490861953479474e-08
1.7435898981513945e-08
1.9444607678314807e-08
2.0499901898828572e-08
2.023144774686848e-08
1.848728872661124e-08
1.5464014117101435e-08
1.1707684850349776e-08
7.958232030507159e-09
4.868403622248677e-09
2.7654655890626265e-09
1.6014927654239185e-09
1.0937711987026537e-09
9.330483052263985e-10
9.096895134365145e-10
9.248399439216129e-10
9.451922236804807e-10
9.626739304800686e-10
9.757342423973234e-10
9.840935423870486e-10
9.878398341022149e-10
9.873123994493605e-10
9.831612079522641e-10
9.762730771394922e-10
9.67772688057908e-10
9.589308601313822e-10
9.51075555238929e-10
9.454900759899667e-10
9.433008308765337e-10
9.45399250244781e-10
9.523100807362184e-10
9.642322109169767e-10
9.808698995777389e-10
1.001568214676023e-09
1.025231247619021e-09
1.0504484386289127e-09
1.075547179823091e-09
1.0987212883192592e-09
1.1181254129890601e-09
1.1319959089577346e-09
1.1387499751145567e-09
1.137044474054356e-09
1.1258729269862838e-09
1.1045745542751238e-09
1.0728888037509386e-09
1.0309492438675357e-09
9.792910698277949e-10
9.188214132584469e-10
8.507922521528268e-10
7.767478876575692e-10
6.984488738596134e-10
6.178169868822724e-10
5.368126300758235e-10
4.5737250300562855e-10
3.813104986895865e-10
3.102188943942342e-10
2.454617783235559e-10
1.8806198561523944e-10
1.3874039087466288e-10
9.78611807654745e-11
6.540436838431114e-11
4.0971682199870466e-11
2.3735720986226236e-11
1.2518393889741149e-11
5.9007920373427564e-12
2.433371945340376e-12
8.569714238934064e-13
2.50578674206282e-13
5.896716718040764e-14

