4.1492031843272184e-14
6.263450418252006e-14
9.451306863710394e-14
1.4255211174138257e-13
2.1489672250218806e-13
3.2376248409159996e-13
4.87443874089668e-13
7.332964363244241e-13
1.1021458360747843e-12
1.6547919333809107e-12
2.481551931795079e-12
3.716191852178141e-12
5.556170260089612e-12
8.291756539030306e-12
1.2347694475156147e-11
1.8342024400314058e-11
2.7168030236580426e-11
4.010700830222468e-11
5.897881698633973e-11
8.633954065512145e-11
1.2572893651070994e-10
1.8196262979922997e-10
2.614547834426514e-10
3.724992615848425e-10
5.254335204636692e-10
7.324756247280712e-10
1.0069400147694302e-09
1.3615561468438723e-09
1.8051751542934264e-09
2.3379666048201536e-09
2.9447974834336287e-09
3.587947208960365e-09
4.202723274349532e-09
4.698222735444506e-09
4.9716915763242e-09
4.935301817532112e-09
4.552442810352902e-09
3.868455922451102e-09
3.0111345563475685e-09
2.154242691468462e-09
1.451561295559614e-09
9.806461878632453e-10
7.30976228113272e-10
6.366190759334692e-10
6.252072316204815e-10
6.475715626162953e-10
6.805274178070654e-10
7.162951318499886e-10
7.530818115493506e-10
7.906790873545142e-10
8.292469649104923e-10
8.690992453743333e-10
9.106790026124287e-10
9.545658785516287e-10
1.0014449636505182e-09
1.052091867747772e-09
1.1073032486486399e-09
1.167876655219084e-09
1.2344901101664432e-09
1.3076836079392813e-09
1.3877463964284279e-09
1.474659209980158e-09
1.5680608783937146e-09
1.6671710434459826e-09
1.770822766768489e-09
1.8774369720102867e-09
1.98509057179898e-09
2.091539106290216e-09
2.1943286751452023e-09
2.2908402307315704e-09
2.3784073258827236e-09
2.4543979340567057e-09
2.5162942713588766e-09
2.5617985491268976e-09
2.5888856346174648e-09
2.595891660869059e-09
2.5815486342102798e-09
2.5450527008698855e-09
2.486057885651132e-09
2.404714461826695e-09
2.3016603506464592e-09
2.1779539854665722e-09
2.0351625921301873e-09
1.875183564047144e-09
1.700402640402141e-09
1.513692142624966e-09
1.3184216288456125e-09
1.118898678921235e-09
9.201467972614515e-10
7.283126438186924e-10
5.502207869472631e-10
3.927166902861081e-10
2.616844281604656e-10
1.6049642401185385e-10
8.91493583839832e-11
4.4020801097220855e-11
1.8916086161785387e-11
6.906743094405503e-12
2.084446790538828e-12
5.04178521628036e-13
