7.785373670437806e-13
1.1753352345227395e-12
1.7736889632774784e-12
2.6754775513918772e-12
4.033708716667409e-12
6.077904487574877e-12
9.151886083196293e-12
1.3769899504816865e-11
2.0699629701464084e-11
3.108471334649346e-11
4.662458312227138e-11
6.983714529979953e-11
1.0444068361959001e-10
1.559035006495854e-10
2.3223083870850795e-10
3.4507657784902515e-10
5.112929238122032e-10
7.550643104549993e-10
1.1107577190250225e-09
1.6266668094376305e-09
2.3697002154973196e-09
3.4309161682149294e-09
4.931629236178513e-09
7.028706313481716e-09
9.917594972980461e-09
1.3829055138684541e-08
1.9013918618556746e-08
2.5710581376139138e-08
3.408141510896432e-08
4.4120127078610214e-08
5.552417154952774e-08
6.755447408319277e-08
7.895201363073997e-08
8.795398772040246e-08
9.2574502155427e-08
9.112537870215155e-08
8.291974246216576e-08
6.886693823679503e-08
5.147422088596388e-08
3.413323352264116e-08
1.9831793239958037e-08
1.0064531583826393e-08
4.606798408163301e-09
2.160760297753845e-09
1.3090288714982817e-09
1.0926212702136465e-09
1.0605980262498815e-09
1.0623504441290363e-09
1.0624194299536184e-09
1.0547248755306955e-09
1.0383406268930264e-09
1.0132005583658755e-09
9.796234954042702e-10
9.383397976032529e-10
8.904548557155375e-10
8.374256640827153e-10
7.810178492419238e-10
7.23133040231795e-10
6.657840167037584e-10
6.108446719415757e-10
5.59985848889867e-10
5.145019542938672e-10
4.752562874021928e-10
4.4261567866927485e-10
4.1650430302070456e-10
3.9644865552004387e-10
3.8162982652489205e-10
3.710462018586935e-10
3.6349404371687173e-10
3.5776120970124576e-10
3.5263893315082517e-10
3.4706171549239087e-10
3.4012086985897983e-10
3.3114829019883346e-10
3.196874909650901e-10
3.055198631593141e-10
2.88633877342307e-10
2.6920748381070283e-10
2.475817070331648e-10
2.2422839950175667e-10
1.9972003953154583e-10
1.74690025208629e-10
1.498029913227353e-10
1.2570662170791627e-10
1.0300214754996245e-10
8.220455555168079e-11
6.371011619356587e-11
4.778263506708287e-11
3.453136862421147e-11
2.392213275543178e-11
1.578636850843675e-11
9.845257884812027e-12
5.748037147132034e-12
3.1044909120888035e-12
1.529256924279641e-12
6.754095732626685e-13
2.6208270867619584e-13
8.728640182655005e-14
2.426262182768191e-14
5.45727841566615e-15

