.0974419498505137e-13
1.656721548816354e-13
2.5000520509998395e-13
3.770983766789365e-13
5.685090319891102e-13
8.565715961743308e-13
1.289717497316549e-12
1.940376053436065e-12
2.9166582813482974e-12
4.3795964381246696e-12
6.568445341725449e-12
9.837628226914734e-12
1.471043802990903e-11
2.1956303871257765e-11
3.270138176630107e-11
4.8584741320062706e-11
7.197602318272631e-11
1.0627505875903106e-10
1.5631197759615225e-10
2.2887265428749965e-10
3.333565674315413e-10
4.82553495767963e-10
6.935008100696535e-10
9.882285703460893e-10
1.3941894038668549e-09
1.943811648931681e-09
2.6723859436476872e-09
3.6135468093471095e-09
4.790429046600686e-09
6.202777295746513e-09
7.809185584064829e-09
9.507563492484275e-09
1.1123451746058017e-08
1.2412169048570097e-08
1.3097610400410042e-08
1.2944409236781103e-08
1.1855579529864968e-08
9.955140831265659e-09
7.588894385018383e-09
5.225828021549694e-09
3.2799892190659433e-09
1.9592403969347826e-09
1.2336265730087032e-09
9.241708613005273e-10
8.349282915952984e-10
8.329617613928711e-10
8.555288134301139e-10
8.814393330244472e-10
9.055370884666038e-10
9.2683414315844e-10
9.451956095938759e-10
9.607712603820448e-10
9.739185380706403e-10
9.852476127263147e-10
9.955547592332814e-10
1.0058220205495081e-09
1.0171230406982194e-09
1.0305709860984882e-09
1.0471950832135159e-09
1.067880038917869e-09
1.0932640879177676e-09
1.1236378990635846e-09
1.158958322876634e-09
1.1987052388500694e-09
1.2419877289729264e-09
1.2874815971102018e-09
1.333547584571611e-09
1.3782748442558197e-09
1.4196181344226492e-09
1.4554742106953668e-09
1.4838120616006864e-09
1.5027688978933017e-09
1.5107216131031528e-09
1.5063906794404598e-09
1.4888662524079597e-09
1.4576750370857483e-09
1.4127883627096406e-09
1.3546447490889247e-09
1.2841268872001357e-09
1.2025452692029711e-09
1.1115894880318742e-09
1.0132467819686126e-09
9.097589623190919e-10
8.034766181960323e-10
6.968116428620496e-10
5.921324466503167e-10
4.9165094230599e-10
3.974612955260277e-10
3.1137191839752787e-10
2.3498079297822683e-10
1.6954301360568038e-10
1.1585214504233752e-10
7.413132254138958e-11
4.381005308778989e-11
2.3533502728101705e-11
1.127877832153426e-11
4.720598014870407e-12
1.6843358311251237e-12
4.981805804968597e-13
1.184073570426106e-13
