6.890995300534426e-14
1.0402609685140409e-13
1.5697600966051516e-13
2.3677144196762625e-13
3.5694501042059215e-13
5.377936466034253e-13
8.097170593548318e-13
1.2181754278919946e-12
1.8310201513470678e-12
2.749309368451852e-12
4.123179470420847e-12
6.175018605263138e-12
9.233145575566078e-12
1.3780261524136082e-11
2.0522789110074893e-11
3.0488786351534473e-11
4.516437829414501e-11
6.66815379981096e-11
9.806881747165752e-11
1.4358058909951234e-10
2.091092337060775e-10
3.026718183640689e-10
4.3494737826799836e-10
6.197443813386031e-10
8.742715864567904e-10
1.2188615995290523e-09
1.6756541653852399e-09
2.2657778380731186e-09
3.0038321534988816e-09
3.889842859934282e-09
4.898175673104404e-09
5.965341017301924e-09
6.982680072056183e-09
7.797676581102663e-09
8.238099456650455e-09
8.156956083287142e-09
7.493361300652977e-09
6.324062723500767e-09
4.8640767584815066e-09
3.40534379963655e-09
2.205867481400553e-09
1.3954106564840635e-09
9.557067949033684e-10
7.755710130009418e-10
7.331433612076649e-10
7.456791099844995e-10
7.741121096395832e-10
8.052476347510543e-10
8.359040428377491e-10
8.65521880078187e-10
8.941097736760868e-10
9.218896683339452e-10
9.492495879647712e-10
9.767693417673767e-10
1.005170120556042e-09
1.0353078072765198e-09
1.0680876569350827e-09
1.104435084202049e-09
1.1451659798859518e-09
1.1909565174624748e-09
1.24222846135829e-09
1.2990732360892209e-09
1.3612392087530233e-09
1.4280229146980092e-09
1.4983394181749504e-09
1.5706819124437856e-09
1.6432192856486102e-09
1.713831358636513e-09
1.7802401436207272e-09
1.8400716435713969e-09
1.8909859242214616e-09
1.9307694362148897e-09
1.957414928326927e-09
1.9692302534184797e-09
1.9648805331031507e-09
1.943467980768999e-09
1.9045554293465703e-09
1.8482092266095054e-09
1.7749862888891059e-09
1.68593810670651e-09
1.5825764784306295e-09
1.4667942741725069e-09
1.3408626189522347e-09
1.2072655135273125e-09
1.068709981692287e-09
9.28041518244956e-10
7.881479306749837e-10
6.521137002802593e-10
5.229976708155439e-10
4.0399814796894375e-10
2.9819258734435023e-10
2.0823693290871494e-10
1.3598925518562153e-10
8.188997208823489e-11
4.4744134388865155e-11
2.1773342811061525e-11
9.236499629475249e-12
3.3347343606084915e-12
9.965531988264133e-13
2.3898920123285304e-13

