1.0146560739865642e-14
1.531475527215683e-14
2.310597553548952e-14
3.4844594979114345e-14
5.2518665276790504e-14
7.910880660506342e-14
1.1907734418088914e-13
1.7909423527368038e-13
2.6910974649597256e-13
4.0393592038896045e-13
6.055655676042931e-13
9.065554629732747e-13
1.3549391276558051e-12
2.021288429935799e-12
3.0088104393963865e-12
4.467592355972432e-12
6.6144331398952355e-12
9.760115634748991e-12
1.4345796907371043e-11
2.0990766041912433e-11
3.055222444698106e-11
4.4195919768479045e-11
6.347425835690039e-11
9.039481795357716e-11
1.2746130272521743e-10
1.7763720254115675e-10
2.441625189164303e-10
3.3015793876414626e-10
4.3784772307544534e-10
5.674245399230788e-10
7.154828403664629e-10
8.732937290164107e-10
1.0257537128302873e-09
1.151547720042924e-09
1.2264990907817373e-09
1.2298521357987175e-09
1.1528142454653005e-09
1.0058037859397967e-09
8.186700873471917e-10
6.321872311762411e-10
4.826509798158316e-10
3.8862714354506523e-10
3.48120950148189e-10
3.4610442862890394e-10
3.6600297410447756e-10
3.9662729146730796e-10
4.32885415162476e-10
4.733257197257773e-10
5.179477306126196e-10
5.671741808570852e-10
6.215714466051791e-10
6.817998918297366e-10
7.486160462738343e-10
8.228681839294761e-10
9.054949535883255e-10
9.975109281663949e-10
1.0999811814182717e-09
1.2140061010305891e-09
1.3406653754618832e-09
1.480999548366216e-09
1.6359479431485262e-09
1.806313376709738e-09
1.9927143323750468e-09
2.195543222350083e-09
2.4149292773314295e-09
2.6507021991779643e-09
2.9023694559681946e-09
3.1690732028040214e-09
3.4495867268788048e-09
3.742262674413001e-09
4.045022859461587e-09
4.355308544752923e-09
4.6700463894218536e-09
4.985583682145046e-09
5.297626035538931e-09
5.601161824157169e-09
5.890312429815904e-09
6.158313536732658e-09
6.397227405068047e-09
6.59794674768619e-09
6.750033281577981e-09
6.841485040385096e-09
6.859284701545791e-09
6.789075774251704e-09
6.616679787045836e-09
6.329340830540244e-09
5.917844301596169e-09
5.381110871881112e-09
4.728580477478882e-09
3.985433738349829e-09
3.193003309966415e-09
2.4059141097349493e-09
1.6843781139327287e-09
1.0801748263012747e-09
6.244062522006001e-10
3.1944249865701397e-10
1.416275705281163e-10
5.315275229790731e-11
1.6434945252714417e-11
4.060519151724632e-12

