1.4287376288631234e-14
2.1565628130151332e-14
3.2538436642133935e-14
4.907159092683515e-14
7.396612904816763e-14
1.1142196555129663e-13
1.6772750983174608e-13
2.522832803992588e-13
3.791147044792673e-13
5.691028354749007e-13
8.532559547236622e-13
1.2774834060086415e-12
1.909529064307444e-12
2.848939376985167e-12
4.241318726187804e-12
6.298445222698627e-12
9.326280805205487e-12
1.3763497200322834e-11
2.0232889400874467e-11
2.960885649126947e-11
4.3101870092042725e-11
6.235825831815979e-11
8.957050465751721e-11
1.275738039430818e-10
1.7990336093469845e-10
2.507417942479351e-10
3.446576673808732e-10
4.660420230694786e-10
6.180029626297849e-10
8.007516540428086e-10
1.0093756663929096e-09
1.2313875454884236e-09
1.4452358085473513e-09
1.6205426136139346e-09
1.7228820837561022e-09
1.7227277888048878e-09
1.6076084190526023e-09
1.3924160368841254e-09
1.1196809532617319e-09
8.474362596751449e-10
6.272539470338278e-10
4.853921719988079e-10
4.1878143007334464e-10
4.0579578678944564e-10
4.226113879302132e-10
4.5308608797743203e-10
4.897507284961844e-10
5.302995272848953e-10
5.74464308004928e-10
6.225468389411117e-10
6.750175180724028e-10
7.324421223829151e-10
7.954803080292284e-10
8.648789616081666e-10
9.414661002563698e-10
1.0261319777351931e-09
1.1197931957798582e-09
1.2233742268370236e-09
1.337733405687123e-09
1.4636426982188537e-09
1.6017097714603442e-09
1.7523370418057911e-09
1.9156711177100116e-09
2.0915556305891957e-09
2.2795039704615775e-09
2.4786684486160466e-09
2.6878382245513322e-09
2.9054142165306622e-09
3.129440776112273e-09
3.35758445455794e-09
3.587170031874851e-09
3.815182623865589e-09
4.038284193779913e-09
4.252827214965167e-09
4.4548556543667025e-09
4.64012028562053e-09
4.804033557531721e-09
4.941729510120966e-09
5.0479355236607835e-09
5.117052227734207e-09
5.143122382481277e-09
5.119732718913933e-09
5.040463961811462e-09
4.898672225135649e-09
4.688503431451387e-09
4.405602309644802e-09
4.0482539317769795e-09
3.6200649221475457e-09
3.1309025691468886e-09
2.599704638591525e-09
2.0540872402335135e-09
1.528128466379825e-09
1.0575002952252075e-09
6.711049772140778e-10
3.843217436722263e-10
1.949832334797019e-10
8.5810929328388e-11
3.1995369824331985e-11
9.83599803430573e-12
2.417795468609646e-12
