6.621062882085457e-15
9.992896476031153e-15
1.507562824106308e-14
2.273282824089832e-14
3.4260655925428467e-14
5.160212924787701e-14
7.766573121950993e-14
1.167981565300416e-13
1.7548272175e-13
2.633688110240485e-13
3.9478105204689393e-13
5.909205310851191e-13
8.830603994907886e-13
1.3171380648824113e-12
1.9603195470985683e-12
2.910258359617374e-12
4.307982670076511e-12
6.355613581750558e-12
9.340003857511075e-12
1.3663757369071288e-11
1.988405875892168e-11
2.8758567493749678e-11
4.1296204908478316e-11
5.880181945261515e-11
8.290315239671517e-11
1.1552801442958523e-10
1.5878678846698092e-10
2.14717879689369e-10
2.847874245171011e-10
3.6915801283370496e-10
4.656789804815369e-10
5.68774249372256e-10
6.687619686531571e-10
7.51956604524313e-10
8.028193515902969e-10
8.079987872749756e-10
7.61829850171375e-10
6.710033738370824e-10
5.547287120248381e-10
4.3927569893677935e-10
3.480834692220297e-10
2.93227632928997e-10
2.735908376950367e-10
2.796765971827315e-10
3.0099870819304705e-10
3.3053646544554667e-10
3.652065205692713e-10
4.042896057750214e-10
4.480284011604955e-10
4.969702680972171e-10
5.517913514240331e-10
6.132688876509433e-10
6.822877307545801e-10
7.598419201724228e-10
8.470394495795128e-10
9.450971480894945e-10
1.0553295281455596e-09
1.1791424222052788e-09
1.3180014077195374e-09
1.4734219415377575e-09
1.6469314734521586e-09
1.8400474728339412e-09
2.05424264780567e-09
2.290915752017676e-09
2.551355155425231e-09
2.836703351937549e-09
3.147918832055084e-09
3.4857192165403494e-09
3.850536516341453e-09
4.242429581777945e-09
4.6610080293161614e-09
5.1053014731271165e-09
5.573637912113355e-09
6.063432803532347e-09
6.57099250473095e-09
7.091236819089544e-09
7.617304249136306e-09
8.140298309793757e-09
8.648598654174035e-09
9.127560846307395e-09
9.558920140445238e-09
9.920075398801933e-09
1.0184546307768977e-08
1.032120537260189e-08
1.0296532272042716e-08
1.007682706972477e-08
9.632405073923146e-09
8.946445507018718e-09
8.021179163466614e-09
6.889162585271364e-09
5.616683061267792e-09
4.300611600395299e-09
3.0551398542187727e-09
1.985233335113557e-09
1.1612382501327036e-09
6.003889750362096e-10
2.6869736821245384e-10
1.0168389547817049e-10
3.167424508390404e-11
7.876997336297695e-12
