3.4841599109858125e-15
5.257891910625912e-15
7.931239925715333e-15
1.1958036127617211e-14
1.801930050742914e-14
2.7135680574266827e-14
4.0834590920741303e-14
6.13981326194924e-14
9.2229231462223e-14
1.383911301236496e-13
2.0739800202962462e-13
3.103676830704954e-13
4.636945189818349e-13
6.914524273495057e-13
1.0288287261814282e-12
1.52696581131268e-12
2.2596980778430717e-12
3.3328117359606278e-12
4.896396735221886e-12
7.161053832832857e-12
1.0418185421544316e-11
1.5063992210671827e-11
2.1626059430638535e-11
3.0786839538421e-11
4.3398050579377857e-11
6.046939007210153e-11
8.310837219988867e-11
1.1238932751196513e-10
1.4909544111906932e-10
1.9334128919900887e-10
2.440512621359772e-10
2.983848687915122e-10
3.51383513114195e-10
3.960217744249157e-10
4.2431359552172007e-10
4.293961651604871e-10
4.083687623333597e-10
3.6470680614785296e-10
3.083597068467412e-10
2.529465186047516e-10
2.1066568661596859e-10
1.8788976049510423e-10
1.8421701735665535e-10
1.9493748541742327e-10
2.1484762020784005e-10
2.4054838000209647e-10
2.7070087924500604e-10
3.052224572966399e-10
3.445714105863812e-10
3.894146493635608e-10
4.405453038192573e-10
4.988780730149632e-10
5.654633904422202e-10
6.415019631717928e-10
7.283614887451695e-10
8.275915891935196e-10
9.409381230383961e-10
1.07036090285034e-09
1.2180448519995881e-09
1.3864207363220765e-09
1.5781783387677839e-09
1.796287942472942e-09
2.0440166340369746e-09
2.3249500541562777e-09
2.643005152910403e-09
3.0024434856265702e-09
3.407867817014357e-09
3.864207116359501e-09
4.37666838533979e-09
4.950658237351193e-09
5.591653140291136e-09
6.304975674791892e-09
7.0955452000378726e-09
7.96738758920086e-09
8.923131567556225e-09
9.963205895336031e-09
1.1084726437250926e-08
1.228039001736254e-08
1.3536391566029188e-08
1.4830684267615336e-08
1.6130378007055405e-08
1.7388567633772486e-08
1.854302748184343e-08
1.9512632104638463e-08
2.0199945234629415e-08
2.0494968633233324e-08
2.0285109349030727e-08
1.9477683667674342e-08
1.8021154521248534e-08
1.5940127140215346e-08
1.335515392800229e-08
1.048520414504323e-08
7.620569727474969e-09
5.055174021392078e-09
3.0124277346081993e-09
1.5836591918971669e-09
7.193688640469295e-10
2.758633174656342e-10
8.695380826325872e-11
2.1853372717718014e-11
