4.935815089737881e-15
7.449048414999393e-15
1.1237276135665101e-14
1.6943893771970296e-14
2.5534498784039814e-14
3.845642533435435e-14
5.787593026976506e-14
8.703007582525648e-14
1.3074650116530798e-13
1.9620943371826982e-13
2.9408248030642634e-13
4.401460007256552e-13
6.57673743214374e-13
9.808475616155939e-13
1.4596377745935857e-12
2.1666856717149906e-12
3.2068816412489246e-12
4.7305320827995e-12
6.950924447203343e-12
1.0167375332146386e-11
1.479408328573724e-11
2.1394239644688983e-11
3.0717795587379976e-11
4.373474198945045e-11
6.165534460792353e-11
8.591360208894099e-11
1.1808075097424094e-10
1.596774511790682e-10
2.118043446904162e-10
2.7460178237645493e-10
3.465035859431597e-10
4.2341495284968556e-10
4.982083454360768e-10
5.607977644951498e-10
5.997244372207956e-10
6.05140078776364e-10
5.728690139917973e-10
5.078597041641202e-10
4.2431467273349963e-10
3.416675677654398e-10
2.7728785898191134e-10
2.4017706510442054e-10
2.2961433343327166e-10
2.386983066404487e-10
2.598047023469983e-10
2.8787510335566917e-10
3.2077301926883007e-10
3.581266236668664e-10
4.002977380895519e-10
4.478998905074252e-10
5.016723679846692e-10
5.62464272845371e-10
6.312443644392494e-10
7.091082113678305e-10
7.97287990382931e-10
8.971558731226799e-10
1.0102239428356901e-09
1.138147334190918e-09
1.282711271062548e-09
1.4458324379648272e-09
1.6295419529780944e-09
1.8359791569782458e-09
2.0673747216121763e-09
2.326038450312666e-09
2.6143363981375842e-09
2.9346678347438322e-09
3.2894308311280527e-09
3.6809707261220637e-09
4.11151923637548e-09
4.5830950094979336e-09
5.097388224338301e-09
5.655574206311663e-09
6.2581239655534815e-09
6.90446565108324e-09
7.592656970974994e-09
8.318897792441748e-09
9.076863615029725e-09
9.857151369739461e-09
1.0646102908127578e-08
1.1425045731787994e-08
1.2169063481561205e-08
1.2845532976430855e-08
1.3414159624188195e-08
1.3825425992970321e-08
1.4023263449992198e-08
1.3948063569676678e-08
1.3543076629500555e-08
1.2768113823441076e-08
1.1610679847244814e-08
1.0105005646313657e-08
8.340253372089803e-09
6.458369810892543e-09
4.6353141094847696e-09
3.0401026065492065e-09
1.7931612035377866e-09
9.340542103842546e-10
4.2081616633348326e-10
1.6019552701295443e-10
5.016453497075493e-11
1.2533932358387278e-11

