2.746006565599804e-15
4.143759089040509e-15
6.25031028066393e-15
9.423153003230006e-15
1.419869429921813e-14
2.138077646482873e-14
3.217224684450989e-14
4.8370092884643326e-14
7.265359092200337e-14
1.0900883025281073e-13
1.6335076498451017e-13
2.4443006433227734e-13
3.6514896862180066e-13
5.44451302108127e-13
8.100228643687312e-13
1.2020985562778063e-12
1.7787592941671353e-12
2.623211967036869e-12
3.8535000484487335e-12
5.635244903456048e-12
8.197598952888694e-12
1.1852117130452975e-11
1.701367446482009e-11
2.4218971186481325e-11
3.4137942142437935e-11
4.756506415312288e-11
6.537239533044677e-11
8.840712864470196e-11
1.1728970395142692e-10
1.521182793767065e-10
1.9206025952364463e-10
2.349021803572729e-10
2.7677272142566583e-10
3.1218271455315863e-10
3.34890804445547e-10
3.3953545284613404e-10
3.2385867941846997e-10
2.9059815434999735e-10
2.4756701983120875e-10
2.054607953707159e-10
1.7387369209914274e-10
1.5784828335590578e-10
1.5713199874746657e-10
1.6810533116785002e-10
1.867710511970936e-10
2.105551346950439e-10
2.385110405470419e-10
2.706930724995022e-10
3.0759978753088293e-10
3.4991703777123816e-10
3.984579673078356e-10
4.5416466136654904e-10
5.181253191774503e-10
5.915938321647046e-10
6.760115466517068e-10
7.730303921407764e-10
8.845374008730295e-10
1.012683794772987e-09
1.1599134575583358e-09
1.3290000856033465e-09
1.5230841327680237e-09
1.7457188513202054e-09
2.000917011716773e-09
2.2932059157260883e-09
2.6276786819505685e-09
3.0100497831930427e-09
3.446695341298679e-09
3.944690113377975e-09
4.511800236524027e-09
5.156456225049261e-09
5.887654020571291e-09
6.714748256404437e-09
7.647203411341362e-09
8.694032515743855e-09
9.863192402048697e-09
1.1160553982713545e-08
1.2588425195532811e-08
1.4143944773286465e-08
1.5816135904489205e-08
1.7583133316489578e-08
1.940808431919543e-08
2.123402151663138e-08
2.298074117425147e-08
2.4538649277942446e-08
2.577042992488167e-08
2.6514718821646694e-08
2.6598978309168616e-08
2.587041364447286e-08
2.422797932215126e-08
2.1674707793070897e-08
1.835167348179807e-08
1.4547869804394393e-08
1.0666891351637915e-08
7.132773773047679e-09
4.281268995110986e-09
2.2653519110070778e-09
1.0350283818664883e-09
3.9898420449512087e-10
1.2635056028578705e-10
3.1887485598175015e-11

