7.021895159430343e-14
1.0599051391238394e-13
1.5992012560862309e-13
2.411770994171081e-13
3.6352605975787453e-13
5.476039900270068e-13
8.243062842726629e-13
1.2398111148749397e-12
1.8630016834964368e-12
2.7964054310234416e-12
4.192227401297561e-12
6.275727989647763e-12
9.379146759005046e-12
1.399041956943736e-11
2.0822765060150053e-11
3.09127312462769e-11
4.575649351924411e-11
6.749696540120837e-11
9.917296216313847e-11
1.450454806438404e-10
2.1100504713984372e-10
3.050518022931554e-10
4.378246901044414e-10
6.230645679089027e-10
8.778904549565214e-10
1.2225570004348419e-09
1.6792340882109417e-09
2.2693734471635946e-09
3.008563505305307e-09
3.89902394733469e-09
4.9192642895744504e-09
6.0127022109027815e-09
7.080559610478772e-09
7.982615624238709e-09
8.558356075368863e-09
8.666997096134993e-09
8.242302733085503e-09
7.339176581799896e-09
6.1366324508079454e-09
4.8849164733587155e-09
3.809505879599454e-09
3.0275130562135824e-09
2.52952085742888e-09
2.2258636104558114e-09
2.0179604884882197e-09
1.8411740821885922e-09
1.6689477319431793e-09
1.4968791387305474e-09
1.3286931066787647e-09
1.1691381962738144e-09
1.0219814451968476e-09
8.894444295769137e-10
7.72356642811501e-10
6.703188141574111e-10
5.821519618085668e-10
5.061991839379841e-10
4.4066870009279735e-10
3.838778821085147e-10
3.3436093793861093e-10
2.909423657026052e-10
2.5270644348209306e-10
2.1895831852055033e-10
1.8915542848485072e-10
1.6286263642985929e-10
1.3970583939665036e-10
1.1935349262097858e-10
1.0150067726936618e-10
8.587074005611263e-11
7.221010822039283e-11
6.029434641481141e-11
4.992570447775275e-11
4.0932298125294414e-11
3.3167805984951995e-11
2.6505099898331886e-11
2.0835449724529168e-11
1.6063227566327315e-11
1.2101865373286879e-11
8.872238321411037e-12
6.297055497969746e-12
4.300542250039891e-12
2.805530460727761e-12
1.7328528462845057e-12
1.0029006232685519e-12
5.370535231250972e-13
2.622049707147918e-13
1.146997317079733e-13
4.4045640826144884e-14
1.450467839159352e-14
3.983603351694463e-15
8.846694752024636e-16
1.53441592091057e-16
1.9885523483756495e-17
1.835657910708895e-18
1.1625418940097604e-19
4.677713425233612e-21
1.0525830384734079e-22
1.4274596818523843e-24
1.1446099578484729e-26
2.074390156620025e-29
1.7621861548125436e-32
