4.104780760311923e-14
6.195407189586186e-14
9.34692291004306e-14
1.4094807357900806e-13
2.1242732203704546e-13
3.199533580327273e-13
4.815558189219286e-13
7.241747465208624e-13
1.0879824292984874e-12
1.6327494776137623e-12
2.4471693392830278e-12
3.6624443914815915e-12
5.471985467552083e-12
8.159677168838641e-12
1.2140214101244998e-11
1.8015876060390114e-11
2.6655370521012075e-11
3.9301945122209926e-11
5.771719837707606e-11
8.436919647211908e-11
1.2266711575326574e-10
1.7723770087404163e-10
2.5423005222375754e-10
3.6158363327201155e-10
5.091913190972125e-10
7.087704708449368e-10
9.73185021468119e-10
1.3149733598802047e-09
1.7434705223221257e-09
2.26060602461683e-09
2.8551105952633457e-09
3.4961357773219764e-09
4.129198812438759e-09
4.6764872569807705e-09
5.048374759341237e-09
5.1653985404265705e-09
4.988511826562755e-09
4.544835865313996e-09
3.9298395240017055e-09
3.2786363240525848e-09
2.7138183380468364e-09
2.2995544345826952e-09
2.031506355822194e-09
1.8616750858722711e-09
1.7372837602398985e-09
1.6240701085555456e-09
1.508631429339491e-09
1.3896957673064043e-09
1.2704388439149805e-09
1.1544928299963743e-09
1.0448052670937481e-09
9.432491264017206e-10
8.507578228537782e-10
7.673701696618452e-10
6.925849201340268e-10
6.255251348335501e-10
5.652012753722678e-10
5.106604851992776e-10
4.6107727798160735e-10
4.1579247947905525e-10
3.7430224155958126e-10
3.362265949956317e-10
3.01268400075355e-10
2.6918157602106563e-10
2.39745626190394e-10
2.1275521554121412e-10
1.8801254574022712e-10
1.6533555314163582e-10
1.4455323843117826e-10
1.255173157599668e-10
1.0810066371722345e-10
9.219803620323311e-11
7.773064383392833e-11
6.463703067684997e-11
5.287700195256907e-11
4.242392794234924e-11
3.3258161737709864e-11
2.5365244788745478e-11
1.872047945525209e-11
1.3286171406810047e-11
8.999328612257091e-12
5.76484846005145e-12
3.455544429028358e-12
1.91338599578752e-12
9.641655967611103e-13
4.3443281626014683e-13
1.7146553471210672e-13
5.790641412666132e-14
1.6274479761569405e-14
3.6904289693115434e-15
6.520321356915049e-16
8.595656342966158e-17
8.064261552562696e-18
5.162766373031477e-19
2.098450418914916e-20
4.8458858059236255e-22
6.562048204927971e-24
5.011054429457616e-26
1.047461420369796e-28
9.727416359888303e-32

