2.34532944001147e-14
3.5394624840024204e-14
5.339288343579688e-14
8.05033620796166e-14
1.2131023926513436e-13
1.826825603559767e-13
2.748973135982758e-13
4.1330410598101566e-13
6.207812656816621e-13
9.313509407567401e-13
1.395469646670748e-12
2.0877295714567248e-12
3.1180139075988157e-12
4.64748489415439e-12
6.911372740472417e-12
1.0251010890169909e-11
1.5158264807152378e-11
2.2336369580350572e-11
3.2780751625601566e-11
4.7884616388255705e-11
6.957052145116565e-11
1.0044537705938416e-10
1.4397143452813206e-10
2.046176794433138e-10
2.8795442641562717e-10
4.005892539190902e-10
5.498053597327391e-10
7.427686429084965e-10
9.849753531163213e-10
1.2779816474508799e-09
1.616270379721992e-09
1.9837968034584094e-09
2.3517438220428508e-09
2.6786089036558014e-09
2.916212291160657e-09
3.0212935498276655e-09
2.9715711527584747e-09
2.7794353420699512e-09
2.493440418346383e-09
2.1833520214668036e-09
1.9129536164235846e-09
1.715816972143728e-09
1.5899296466942854e-09
1.5104724742797406e-09
1.4501887501461032e-09
1.3915434124254718e-09
1.3280053733969221e-09
1.2594673942500262e-09
1.1881848623948645e-09
1.116634351799821e-09
1.0468693034576035e-09
9.802700570022834e-10
9.176389896900213e-10
8.591896900908253e-10
8.047964442850277e-10
7.540732880874163e-10
7.06555992653435e-10
6.617842626992209e-10
6.193690670059927e-10
5.790077689190062e-10
5.404829888126915e-10
5.036365317609548e-10
4.683486512325222e-10
4.345130208829333e-10
4.020275236696776e-10
3.707875345771767e-10
3.4068341736807175e-10
3.116152487464737e-10
2.834864026370148e-10
2.5622427419416787e-10
2.2978131325056672e-10
2.041399594179102e-10
1.793312528105806e-10
1.554230859429305e-10
1.3254062001354845e-10
1.1085849050915055e-10
9.059302924385032e-11
7.200419486737089e-11
5.5353672830106765e-11
4.0890529612386935e-11
2.880001204197112e-11
1.9159176769994684e-11
1.1908025494761552e-11
6.824626580084915e-12
3.5522792873463588e-12
1.6497383964880614e-12
6.695979042312616e-13
2.3200363561659037e-13
6.674860430091967e-14
1.5459969258863062e-14
2.7831973433505254e-15
3.7332859968107995e-16
3.560817878964363e-17
2.304758005732718e-18
9.464755225227616e-20
2.2455096863346008e-21
3.0355437752566984e-23
2.2017454916739015e-25
5.348209009806446e-28
5.52039013342112e-31

