5.798970796890669e-13
8.754342054124903e-13
1.3210768648647438e-12
1.9926873547662104e-12
3.004192410405446e-12
4.526476808309055e-12
6.815501335583184e-12
1.0254062549642231e-11
1.5413546943709365e-11
2.3145049235076016e-11
3.471309771284088e-11
5.199091712908695e-11
7.774423130746784e-11
1.160395669173388e-10
1.7282859396552532e-10
2.5677325842345675e-10
3.8039544360993924e-10
5.616591821110358e-10
8.26082849480384e-10
1.2095120653202739e-09
1.7615897077260557e-09
2.549850547883913e-09
3.664237290247105e-09
5.221020931133981e-09
7.365054955274492e-09
1.0267407018723272e-08
1.4114218203399886e-08
1.9082908161640303e-08
2.5295658067953318e-08
3.2751640141133396e-08
4.123369048146653e-08
5.020569747400313e-08
5.875106361689755e-08
6.558364646443515e-08
6.925047929074024e-08
6.850909509984493e-08
6.283852542318794e-08
5.287180914106316e-08
4.040215325675602e-08
2.7869772334073518e-08
1.7434104269771102e-08
1.0185094012228242e-08
5.977989859715303e-09
3.8949999165368685e-09
2.931989001960263e-09
2.414105245343133e-09
2.0319066515343105e-09
1.6910013410027483e-09
1.3780445675146002e-09
1.0978717190929897e-09
8.555281660184163e-10
6.530740985619203e-10
4.894613896775832e-10
3.6138331297685206e-10
2.639578068937859e-10
1.9169719116220982e-10
1.3913627830557733e-10
1.0140322647905732e-10
7.442536966237588e-11
5.5068899290377387e-11
4.102356857026493e-11
3.0682165667717484e-11
2.295615372521116e-11
1.7123471578661802e-11
1.2698063277403672e-11
9.343479915364146e-12
6.81452267589647e-12
4.923887251270915e-12
3.5245283066636834e-12
2.499294476173519e-12
1.7555666763818487e-12
1.2209129112154329e-12
8.398751087320054e-13
5.705510167228947e-13
3.8190235756959826e-13
2.51133561145509e-13
1.616456412876962e-13
1.0140811032196124e-13
6.169050844705713e-14
3.617908518180311e-14
2.0314996018506094e-14
1.0833071723887764e-14
5.4342872290253e-15
2.5348338170597887e-15
1.0845238793294706e-15
4.187056714130326e-16
1.4301918667479287e-16
4.224741458158528e-17
1.050642557146209e-17
2.1315727085632765e-18
3.3991987551202147e-19
4.0994515195801204e-20
3.5725138291144765e-21
2.0942752178807435e-22
7.896315273205186e-24
1.895817929615019e-25
2.2769938428026903e-27
1.1603411635827977e-29
5.707757388273825e-32
1.4471802575362489e-33
