1.6303257185707725e-14
2.4601928048212156e-14
3.710832699528178e-14
5.5943861951652234e-14
8.429074903986306e-14
1.2691602666335056e-13
1.9094967948444334e-13
2.8703744676727386e-13
4.310407628375931e-13
6.4653739214016e-13
9.684785698793004e-13
1.4485087974532567e-12
2.1626655571739557e-12
3.222405418317351e-12
4.790306410228344e-12
7.102120462461488e-12
1.0497328184933144e-11
1.5460936016602644e-11
2.2678953046868495e-11
3.3110804195428846e-11
4.807950997753333e-11
6.937793186959984e-11
9.938606298643717e-11
1.4117547153058335e-10
1.9857594179454894e-10
2.7613605324725933e-10
3.78885109693656e-10
5.1180671202468e-10
6.78806374912546e-10
8.811993198021316e-10
1.1156216915377745e-09
1.3717257393745967e-09
1.6306578153416528e-09
1.8650789919554738e-09
2.0430649708038403e-09
2.135700185844061e-09
2.1276394035734568e-09
2.02612230163155e-09
1.8621065166424798e-09
1.6805568613876922e-09
1.5227836378562492e-09
1.410565791031314e-09
1.3426157772503415e-09
1.302801765987036e-09
1.2734334656505344e-09
1.2431721541799862e-09
1.2078910097541146e-09
1.1676951497270907e-09
1.1242497834533035e-09
1.0793726961814909e-09
1.0345847561668054e-09
9.90930999323653e-10
9.490493313499288e-10
9.09147522871964e-10
8.711919078622229e-10
8.349543678163198e-10
8.001490670547565e-10
7.664859481286581e-10
7.337227275103735e-10
7.016704937032662e-10
6.701946156790921e-10
6.391910304326834e-10
6.085741200364995e-10
5.782528783950186e-10
5.481287231551114e-10
5.180888353845474e-10
4.880043323895922e-10
4.5774943587174715e-10
4.271917659323064e-10
3.962220258439454e-10
3.647585742403364e-10
3.3275869310166183e-10
3.002575604890491e-10
2.6735907704024626e-10
2.342854500034903e-10
2.0138075672869187e-10
1.6911484513790525e-10
1.3810463465838137e-10
1.0904747503104027e-10
8.269690714098912e-11
5.975208881191571e-11
4.074233419912285e-11
2.5927057014650075e-11
1.5195081707302083e-11
8.077029371296253e-12
3.82517307035648e-12
1.5808356785907497e-12
5.568546682682929e-13
1.626443158855444e-13
3.8188398815231444e-14
6.95859586153482e-15
9.439308195454526e-16
9.100003512810156e-17
5.9323379371975934e-18
2.4526571725222574e-19
5.921014046044275e-21
7.997418080286111e-23
5.615301432760433e-25
1.5009764682081033e-27
1.6587307134274933e-30

