8.342816986330666e-13
1.2594733388951863e-12
1.9006307680395e-12
2.866907220605446e-12
4.3222283757602676e-12
6.5124820202402445e-12
9.805984498033543e-12
1.4753583379218174e-11
2.2177543035870055e-11
3.330270487252638e-11
4.9948994765648864e-11
7.481254506861355e-11
1.1187433136183364e-10
1.6698814566380372e-10
2.48722178875506e-10
3.695475763946141e-10
5.474947200758834e-10
8.084330705302189e-10
1.1891152189974074e-09
1.7411738704607803e-09
2.5361245854744185e-09
3.6712697104597466e-09
5.276210488103076e-09
7.518497701168725e-09
1.060687359433981e-08
1.478783036572558e-08
2.032947822209097e-08
2.748710914336456e-08
3.6435868512895655e-08
4.717266903595659e-08
5.938111613860675e-08
7.228300207637444e-08
8.454949279123907e-08
9.431738073140548e-08
9.948369366612274e-08
9.825346592846446e-08
8.988097729529485e-08
7.529692293209398e-08
5.711505606032874e-08
3.8885571512629264e-08
2.3745765431826675e-08
1.3274954118436345e-08
7.255414483639812e-09
4.345506153853947e-09
3.0782637056717153e-09
2.466130307559818e-09
2.0531318290549002e-09
1.6964954869950022e-09
1.371961529688129e-09
1.0828337608272835e-09
8.340327075704868e-10
6.274893966816478e-10
4.618991963897779e-10
3.3359282812893237e-10
2.3728642144733114e-10
1.6707571844745495e-10
1.1713495718583664e-10
8.226856184509683e-11
5.8173829230406666e-11
4.1543179832014584e-11
2.9966954839446835e-11
2.178450460266597e-11
1.5896034236157754e-11
1.1591003348231439e-11
8.411805172641164e-12
6.05714994039381e-12
4.319363969637731e-12
3.0471016396440775e-12
2.125949672676455e-12
1.4670174035201827e-12
1.001422681517172e-12
6.761967655395531e-13
4.514646339101566e-13
2.9769930988552335e-13
1.935301218441371e-13
1.2370154041112287e-13
7.746744147982409e-14
4.732772695621866e-14
2.8060409855209848e-14
1.6048672298700627e-14
8.792375309859049e-15
4.57624488297669e-15
2.2413857977908513e-15
1.0212203399329474e-15
4.2702068730866904e-16
1.612501384936188e-16
5.392454865565147e-17
1.561345718562048e-17
3.8119553361270795e-18
7.60365864542055e-19
1.19291764168917e-19
1.4195529961649912e-20
1.2254965496509676e-21
7.053982870224394e-23
2.6204499737000953e-24
6.505528591041881e-26
7.520124414192176e-28
3.2510822452568516e-30
2.3912485838775643e-32
1.7423954852041444e-33

