1.1386534405905034e-13
1.7188029388416387e-13
2.5935054198223113e-13
3.911546936622618e-13
5.896311434511483e-13
8.882767737921035e-13
1.3372486241610183e-12
2.0115300876236313e-12
3.022998892794507e-12
4.538220453937917e-12
6.804539210386548e-12
1.0188140814418682e-11
1.522931555983575e-11
2.2721870602855215e-11
3.3826636202252857e-11
5.02315141631054e-11
7.437413839723357e-11
1.0974780220044402e-10
1.6130917779580758e-10
2.36012667138798e-10
3.434780124367558e-10
4.967773742253699e-10
7.133029574874993e-10
1.0155239577137699e-09
1.431432073734227e-09
1.9941230519222357e-09
2.7397463187756994e-09
3.703098189523318e-09
4.90901240553059e-09
6.359808218815334e-09
8.018000656467304e-09
9.787279593614617e-09
1.150079612821207e-08
1.2922680611900341e-08
1.3784139326179061e-08
1.385136441958485e-08
1.301819587277534e-08
1.1384778630274244e-08
9.261310304188496e-09
7.0774912571861975e-09
5.2183113701317505e-09
3.882182838943829e-09
3.0504298309005656e-09
2.567232070567225e-09
2.261426406476516e-09
2.019859454901732e-09
1.7942331850848503e-09
1.5740729995336648e-09
1.36283514059868e-09
1.1661066668131292e-09
9.882604283988719e-10
8.316762949237414e-10
6.968777207811757e-10
5.828622234258644e-10
4.876119216838267e-10
4.0856738617986437e-10
3.4303290195106134e-10
2.8852724644855555e-10
2.4289867742293733e-10
2.044361353676395e-10
1.718122255430216e-10
1.4403449230038358e-10
1.2034651075547917e-10
1.0016447876004099e-10
8.300875450104019e-11
6.847337517037254e-11
5.620025445989503e-11
4.5873358582178574e-11
3.721140199638448e-11
2.996933190633266e-11
2.3935025496902714e-11
1.8927159700006903e-11
1.4792816898318667e-11
1.1402112319127473e-11
8.645556237302741e-12
6.429594462418928e-12
4.673243440491839e-12
3.306058209716771e-12
2.265067518249578e-12
1.494033735790388e-12
9.420174083279385e-13
5.628856361676751e-13
3.155281379624252e-13
1.6387975520014134e-13
7.772704633340309e-14
3.3089383816012934e-14
1.2389572325145043e-14
3.986197408080311e-15
1.0717118644855758e-15
2.334537764085974e-16
3.980166532588372e-17
5.077646702762005e-18
4.61899334068659e-19
2.894307020856462e-20
1.1532670978177904e-21
2.5437279687893412e-23
3.4451044554638408e-25
2.8485345784653102e-27
4.68718683981056e-30
4.0254279260794514e-33
