3.8932528226192343e-13
5.877324109721281e-13
8.869065469681519e-13
1.3377706741902716e-12
2.0167958914497257e-12
3.038680392370033e-12
4.575217219998048e-12
6.88331356286082e-12
1.034642138385406e-11
1.5535661649379954e-11
2.3299518839985785e-11
3.4894792291718435e-11
5.217689581890762e-11
7.787358979572772e-11
1.1597665444305737e-10
1.7229483865399044e-10
2.5522410573173453e-10
3.768074032507202e-10
5.541490406125303e-10
8.112709910830445e-10
1.1814352561797296e-09
1.709883824575255e-09
2.4568602606402734e-09
3.500234529705632e-09
4.937017360105029e-09
6.881794220837294e-09
9.459318067235182e-09
1.2788675092682244e-08
1.695233507861082e-08
2.1951057577386246e-08
2.7641792144929855e-08
3.366939595425478e-08
3.942551339178693e-08
4.4055571141527466e-08
4.6592846670687937e-08
4.6208409940832304e-08
4.2550012120511207e-08
3.602906194937931e-08
2.782625426045982e-08
1.95527460612882e-08
1.2637229418294096e-08
7.803535237453374e-09
4.960697862886063e-09
3.5068239747515093e-09
2.782845558935561e-09
2.346934100365461e-09
1.9986207610370412e-09
1.6792453211044679e-09
1.3833088424623418e-09
1.1165919450659334e-09
8.841662720216035e-10
6.882342575517498e-10
5.280966991504658e-10
4.009348950182562e-10
3.024309621542967e-10
2.2767472902239585e-10
1.7171845645277937e-10
1.301439751451115e-10
9.921853469850181e-11
7.605798746433949e-11
5.850716251587534e-11
4.504503624610071e-11
3.461258167848557e-11
2.6482747919731135e-11
2.014034609946287e-11
1.5208605388230123e-11
1.1397119552563616e-11
8.474028323144121e-12
6.2506820987904985e-12
4.573096992029608e-12
3.3168458653358627e-12
2.382661920943186e-12
1.692874328745717e-12
1.1872729005400885e-12
8.199126674280976e-13
5.558458937624468e-13
3.6858233144325836e-13
2.3806431715322715e-13
1.4903162679105348e-13
8.990670585895541e-14
5.191442737091866e-14
2.8458541863733155e-14
1.4669177769137397e-14
7.026727570622147e-15
3.0847861833100147e-15
1.220685657294419e-15
4.2682129518227407e-16
1.2887777346096064e-16
3.2700218209784654e-17
6.757466338822713e-18
1.0968012499027607e-18
1.3419598819260902e-19
1.1813274471960499e-20
7.064265344311608e-22
2.706924762578105e-23
6.263171089094866e-25
7.845418275296422e-27
4.795070529173465e-29
1.5427763873785843e-31
1.2274910891263612e-33
