1.80533024544247e-13
2.7252521437824163e-13
4.1123064731109844e-13
6.202504318928667e-13
9.350223604757181e-13
1.4086923330725508e-12
2.1208496780340173e-12
3.190496080330033e-12
4.795216207092004e-12
7.1994516093416e-12
1.0795974303494376e-11
1.6166411254712986e-11
2.416915766964815e-11
3.606576559279965e-11
5.37016849685917e-11
7.976125968396427e-11
1.1812268809061614e-10
1.7434603939141684e-10
2.563240663540503e-10
3.751357027012539e-10
5.461130528464499e-10
7.900997057842277e-10
1.1348380135101244e-09
1.6161768533575374e-09
2.2787757234613884e-09
3.175411875994309e-09
4.363644219111129e-09
5.89866221209194e-09
7.819313080793517e-09
1.012773743618402e-08
1.2761322356010731e-08
1.5561854403848108e-08
1.8256717487069956e-08
2.0461676227014727e-08
2.174034774353689e-08
2.1715609423037832e-08
2.0221172351571363e-08
1.7430109808084205e-08
1.3859349057755534e-08
1.0220016730098854e-08
7.146322439619897e-09
4.96277485776555e-09
3.634579318776532e-09
2.900691003127911e-09
2.4746996597020804e-09
2.166037321367439e-09
1.8909863577272553e-09
1.6283302945840612e-09
1.3800132629413795e-09
1.1521121446577499e-09
9.494084133792031e-10
7.742940295119848e-10
6.268609372773128e-10
5.054214464329651e-10
4.0705616099236077e-10
3.2827350707262355e-10
2.654646752780506e-10
2.1535951957561269e-10
1.7514521469572794e-10
1.4261153234369778e-10
1.1606438581965159e-10
9.426410930380698e-11
7.629588290853974e-11
6.148327154850377e-11
4.929818624096516e-11
3.9315251859620844e-11
3.117560005309333e-11
2.45726638869934e-11
1.9241953749966843e-11
1.4958243919780028e-11
1.1531409376202967e-11
8.803064615834154e-12
6.643153544943422e-12
4.944920338575488e-12
3.6214928924840316e-12
2.6017336043128807e-12
1.8270513642844143e-12
1.249055518715296e-12
8.27209574781688e-13
5.276395803648333e-13
3.2190821078109654e-13
1.8626489253222376e-13
1.0121034414110145e-13
5.101827418652486e-14
2.3519017144006272e-14
9.747664517561647e-15
3.559698727982554e-15
1.119142131954601e-15
2.946001552491993e-16
6.295422074730131e-17
1.0547531970337212e-17
1.3249504767937274e-18
1.1891915983268298e-19
7.352422892180904e-21
2.8956123035906505e-22
6.364233617427816e-24
8.506601103683297e-26
6.818684627149792e-28
1.1827426173065216e-30
1.4933471720549746e-33

