5.477194240372093e-15
8.261918745992982e-15
1.2456316869484416e-14
1.8769532546523883e-14
2.8264254492140928e-14
4.253065211953192e-14
6.394420151932066e-14
9.604692250879825e-14
1.441083505391499e-13
2.1594885038148202e-13
3.2314067114039537e-13
4.827503832722495e-13
7.198535736908118e-13
1.0711250413986624e-12
1.5899354016777805e-12
2.35348514556058e-12
3.4726572898572946e-12
5.1054498570765585e-12
7.474755216574461e-12
1.0891507281342014e-11
1.5783470904146188e-11
2.2729210694694566e-11
3.249575982657514e-11
4.607297123246462e-11
6.469724297743238e-11
8.984463665520531e-11
1.2316676399552086e-10
1.663429703064639e-10
2.2078728200643682e-10
2.87215967240503e-10
3.650474522624342e-10
4.5173786335418814e-10
5.423183532113511e-10
6.293665117504165e-10
7.040279067158675e-10
7.58074328674341e-10
7.86803878711576e-10
7.915241338200013e-10
7.79988735787007e-10
7.638245743693386e-10
7.538588240046076e-10
7.557973686473408e-10
7.692614151912625e-10
7.898969135157098e-10
8.129526228427009e-10
8.353860833384884e-10
8.561154181890559e-10
8.752392750665706e-10
8.932887914901631e-10
9.108593569809715e-10
9.28453007078164e-10
9.464268071335626e-10
9.650094475767419e-10
9.842843818763481e-10
1.0042564753376476e-09
1.0248603095372368e-09
1.0460071473084783e-09
1.0675955095101136e-09
1.089526422609206e-09
1.111694406444811e-09
1.1339811485289197e-09
1.156228643703495e-09
1.1782286394591998e-09
1.1996810239481437e-09
1.2201816529901383e-09
1.2391857957402368e-09
1.2559641125130086e-09
1.26960133917408e-09
1.2789106067519429e-09
1.282454783059248e-09
1.2785093161466888e-09
1.2650492723889503e-09
1.2399030554260304e-09
1.2007541560760104e-09
1.145512285685258e-09
1.0725976625156652e-09
9.813717236002305e-10
8.728278203156174e-10
7.498499564021232e-10
6.17698345731303e-10
4.836939104417962e-10
3.5638756146677567e-10
2.442112338014898e-10
1.5350442277080217e-10
8.713364461650518e-11
4.386479184507169e-11
1.9179760928817815e-11
7.1146173380045805e-12
2.1786457957906396e-12
5.339834887623914e-13
1.0110472060642463e-13
1.4212321735229138e-14
1.4174350281584895e-15
9.463752017704758e-17
4.001715130109706e-18
1.0175088542930426e-19
1.3761951512607495e-21
8.863378555684557e-24
3.0965160431422835e-26
4.1462840584524863e-29
