1.2798142397407807e-14
1.931129705647396e-14
2.912590834335397e-14
4.390580711817982e-14
6.614636607109555e-14
9.958495301592623e-14
1.4981022143149447e-13
2.2516445709866118e-13
3.3807363768484763e-13
5.070031067827991e-13
7.593163120433594e-13
1.1354310356702326e-12
1.6948315691735725e-12
2.5246729936115728e-12
3.752026748907031e-12
5.561066641877375e-12
8.216864862257815e-12
1.2097920335142903e-11
1.7739306594294394e-11
2.5888958929881852e-11
3.7577745762766525e-11
5.420203574211874e-11
7.761491020378562e-11
1.1020774259255028e-10
1.549630661897043e-10
2.1542657027468093e-10
2.9552774172193596e-10
3.991805212798096e-10
5.294989152223857e-10
6.876466319434862e-10
8.712468838899422e-10
1.072626562384197e-09
1.2776436314041097e-09
1.465682995403824e-09
1.6125693156076755e-09
1.6962764679728267e-09
1.7048912538534462e-09
1.643415314056507e-09
1.5346968966380972e-09
1.4121693266868075e-09
1.3066455112768317e-09
1.2343737486689927e-09
1.1943734992663354e-09
1.1745438848758797e-09
1.161630340122626e-09
1.1471467180269846e-09
1.1280328625523102e-09
1.1044270077268903e-09
1.0776473064417944e-09
1.0491352143313287e-09
1.0201002624315594e-09
9.913799071100205e-10
9.634926930724056e-10
9.366131789032915e-10
9.107255232772326e-10
8.856561343615641e-10
8.611845337086954e-10
8.370827353324588e-10
8.131576338281868e-10
7.892520869617435e-10
7.652456942159851e-10
7.410319180522048e-10
7.165095890617694e-10
6.91558279802603e-10
6.660387130450154e-10
6.397845332753586e-10
6.125987599089901e-10
5.842751723322284e-10
5.545839740050224e-10
5.233080754841807e-10
4.902500298271292e-10
4.552488675606531e-10
4.1824007120793195e-10
3.792519009003578e-10
3.3849024784840956e-10
2.9636303320709096e-10
2.535086403020466e-10
2.1085312009871415e-10
1.695323767559798e-10
1.3087024511967527e-10
9.620782758032841e-11
6.670262592432677e-11
4.312904728586104e-11
2.5660955768707338e-11
1.38347480663241e-11
6.638852576000839e-12
2.7772079501007465e-12
9.892313196545208e-13
2.918838505202157e-13
6.916738975873453e-14
1.2707046736192576e-14
1.736842959297854e-15
1.68657571338465e-16
1.1049035093034957e-17
4.589299395577773e-19
1.1208497415312714e-20
1.5134060502956627e-22
1.0404732816800848e-24
2.9616106314776266e-27
3.4233178913381434e-30
