8.753611512791191e-15
1.3206745861667207e-14
1.9915939259114577e-14
3.001734983512284e-14
4.521439822237923e-14
6.805739490651041e-14
1.0235838329517168e-13
1.5380511659862244e-13
2.308654093100318e-13
3.4611584397856657e-13
5.181823799717763e-13
7.745591981286986e-13
1.1556823053725049e-12
1.7207534338234082e-12
2.55601960344952e-12
3.7863798769154924e-12
5.59143833008234e-12
8.227422317639444e-12
1.2056228016990919e-11
1.7583276054665943e-11
2.5504614281427805e-11
3.676244409287544e-11
5.260654723722268e-11
7.464966174321721e-11
1.0490434519258012e-10
1.4576726864590618e-10
1.9990520320300968e-10
2.699977749581185e-10
3.5823049742383916e-10
4.655495026089667e-10
5.90629791755489e-10
7.287346872061397e-10
8.709399924788928e-10
1.0041105377768176e-09
1.1127308623983612e-09
1.1825350178311176e-09
1.2055929262128917e-09
1.1846594175440795e-09
1.1338468918252743e-09
1.0740459772988532e-09
1.0246013801276463e-09
9.957079009848084e-10
9.867125005186989e-10
9.899246246987791e-10
9.969361695906225e-10
1.0023629888013463e-09
1.0042741418627629e-09
1.0027916404549225e-09
9.987937370851679e-10
9.93249481591237e-10
9.869720078074683e-10
9.805263178180188e-10
9.742625750479396e-10
9.682930199049354e-10
9.625998464806636e-10
9.570531062607872e-10
9.51487964220126e-10
9.457279039021008e-10
9.396134752629343e-10
9.329980667287212e-10
9.257464613002338e-10
9.177115363626835e-10
9.087276988810309e-10
8.985816470440267e-10
8.870120533616201e-10
8.736942748324883e-10
8.582274956715422e-10
8.401548265037349e-10
8.189323963772738e-10
7.939719780277436e-10
7.64645708157292e-10
7.303080487336919e-10
6.904003966104193e-10
6.444608595457404e-10
5.923034408580163e-10
5.341147979186294e-10
4.705792719648301e-10
4.030781683050829e-10
3.336430485465607e-10
2.6500082542000785e-10
2.0028681905358258e-10
1.4262166658023358e-10
9.459990047248494e-11
5.766029406888089e-11
3.1798540155520256e-11
1.55838446652542e-11
6.647053368889438e-12
2.410185019562692e-12
7.228196836841626e-13
1.7383278118760857e-13
3.23584327244698e-14
4.477245570502735e-15
4.3986164497862035e-16
2.904949337130147e-17
1.2158042143791553e-18
3.024045516708033e-20
4.0832077122888574e-22
2.7197836195045897e-24
8.524491058378675e-27
1.0557408252235695e-29

