2.7993995591193088e-15
4.221116214196266e-15
6.361468372713516e-15
9.581260734890081e-15
1.442071350027169e-14
2.168743257987141e-14
3.258662325038423e-14
4.891333631074486e-14
7.333488013699973e-14
1.098045757062348e-13
1.641642047911505e-13
2.4501629319775847e-13
3.649803545649597e-13
5.424825883756182e-13
8.042908773108752e-13
1.1890553238671468e-12
1.752187689499758e-12
2.5724996203726717e-12
3.760975549916378e-12
5.472179311035988e-12
7.918439686810115e-12
1.1386623843211681e-11
1.625682701218345e-11
2.3019751196843243e-11
3.228941790593203e-11
4.4802014146308135e-11
6.138875020282065e-11
8.291043394177611e-11
1.1012604528647509e-10
1.4349736193378164e-10
1.8291662341719e-10
2.274042025943317e-10
2.7489106191420206e-10
3.221969290889795e-10
3.654672511606274e-10
4.010765517244769e-10
4.2690983296805576e-10
4.434624596804838e-10
4.540638112770516e-10
4.6376203728021727e-10
4.773001892891397e-10
4.972130835330436e-10
5.234066032447462e-10
5.540519102832525e-10
5.871573332553324e-10
6.214831964203118e-10
6.566589302559692e-10
6.928520481724054e-10
7.304309593727958e-10
7.698138509994244e-10
8.113880413059207e-10
8.554920808627633e-10
9.024220061666014e-10
9.524258094533884e-10
1.0057370287094234e-09
1.0625811108264223e-09
1.1232001908717562e-09
1.1878585294570936e-09
1.2568509488293861e-09
1.3304946079983624e-09
1.4091219509869921e-09
1.493052759770606e-09
1.5825766934004068e-09
1.677892463571298e-09
1.7790639449793173e-09
1.8859308374010303e-09
1.997969894967614e-09
2.1141948772896885e-09
2.2328620595307733e-09
2.3513025821970337e-09
2.465589501638271e-09
2.570159679606262e-09
2.657765534948822e-09
2.719056613175136e-09
2.7431308803267157e-09
2.7181086823400184e-09
2.632516954878701e-09
2.4779994597423117e-09
2.2516321519600403e-09
1.9595375162653186e-09
1.6184589358772088e-09
1.2552417246271775e-09
9.032523813858441e-10
5.946387278817726e-10
3.525141885024731e-10
1.8479693429344555e-10
8.389371887701471e-11
3.221688072185397e-11
1.018509424947572e-11
2.570381238209176e-12
4.997998816066828e-13
7.201293055765122e-14
7.350342233622577e-15
5.001931224804698e-16
2.1528756768283566e-17
5.619900734422218e-19
7.677732222786689e-21
4.8568835776594815e-23
1.858694859971904e-25
2.6611009337778246e-28

