4.00050944311552e-15
6.033492784990645e-15
9.094946432355439e-15
1.3701803928509572e-14
2.062842353386349e-14
3.1033045179784476e-14
4.664511897253964e-14
7.004210932798564e-14
1.0505649380965823e-13
1.573726221403544e-13
2.3539666930789665e-13
3.515175893854382e-13
5.239251825685041e-13
7.792031710935756e-13
1.1560065245994136e-12
1.7102035341208916e-12
2.521970359810412e-12
3.70545357945693e-12
5.42155000633675e-12
7.894534001533657e-12
1.1432735088282423e-11
1.6452956981436448e-11
2.3507611853623162e-11
3.330968167206655e-11
4.675042019037453e-11
6.489587477726299e-11
8.894377728227826e-11
1.201222931580233e-10
1.5948820065338346e-10
2.0762813548761788e-10
2.6424321282811727e-10
3.2768854049803567e-10
3.946475242597855e-10
4.601054480716783e-10
5.180369618448341e-10
5.628076370053678e-10
5.91155451361986e-10
6.038891962240616e-10
6.062098115547408e-10
6.059686038848089e-10
6.105053577640436e-10
6.237005972779422e-10
6.453204276660462e-10
6.724297292536419e-10
7.01828579930807e-10
7.314793286526246e-10
7.606823485333446e-10
7.89552369654962e-10
8.185024274296826e-10
8.479994111106486e-10
8.78447966857804e-10
9.101573456653801e-10
9.433513015463325e-10
9.781562188591521e-10
1.0146487100653949e-09
1.0528613313773897e-09
1.092815957419706e-09
1.1345298143524908e-09
1.1780249907745386e-09
1.2233178832894315e-09
1.2704103226313804e-09
1.3192601184679182e-09
1.3697656953576924e-09
1.4217136154985648e-09
1.4747518147296503e-09
1.5283297680169185e-09
1.5816166378707834e-09
1.6334644790659484e-09
1.6822480205438952e-09
1.7258294639101476e-09
1.7614332957748708e-09
1.785534729977287e-09
1.7939919758934913e-09
1.7819597136643974e-09
1.7444012885935252e-09
1.6765456284414798e-09
1.574695333865927e-09
1.437613211048886e-09
1.2673880834331536e-09
1.0708008830686147e-09
8.593718609411081e-10
6.483476266828811e-10
4.544106743985524e-10
2.917881895773308e-10
1.6897513234576775e-10
8.666589946090667e-11
3.8553912612456476e-11
1.4530304313031365e-11
4.514870637136316e-12
1.1214408628337377e-12
2.1491131767023034e-13
3.055058450811594e-14
3.0792865518905673e-15
2.0730212777680976e-16
8.833773877663346e-18
2.276544500393594e-19
3.0889156617092127e-21
1.9607013578943024e-23
7.243565381595755e-26
1.0100732911394155e-28

