2.221847331892261e-15
3.3497377938779577e-15
5.047402895276198e-15
7.600685319066623e-15
1.1437423501243658e-14
1.71969838708063e-14
2.583312764348197e-14
3.876579511100379e-14
5.810394224895454e-14
8.697180204362929e-14
1.299836116927127e-13
1.9393048150022495e-13
2.8876886813500524e-13
4.2902774164850116e-13
6.358002075175623e-13
9.395230263845672e-13
1.3838045476765262e-12
2.0306288078067302e-12
2.9672299724544693e-12
4.315027342413061e-12
6.240738467341867e-12
8.969532240810408e-12
1.279971375145964e-11
1.8116478981571813e-11
2.5402181527141715e-11
3.523608374931995e-11
4.827436934141667e-11
6.520099229039676e-11
8.662834875457857e-11
1.1294915842752033e-10
1.4412961816686435e-10
1.7947957418529819e-10
2.174853913660832e-10
2.5579144457786376e-10
2.9152579883905447e-10
3.2197973050834095e-10
3.455733328666856e-10
3.626852354581671e-10
3.758283478749582e-10
3.888147595133805e-10
4.052401125504983e-10
4.270510517024604e-10
4.5423009440977344e-10
4.854605142244047e-10
5.193101614911988e-10
5.549173936186507e-10
5.920816071086263e-10
6.310180988467288e-10
6.721029021977932e-10
7.157634369239492e-10
7.624160069672433e-10
8.124556222347272e-10
8.662619462839726e-10
9.241984349457212e-10
9.866409105580348e-10
1.0539865814601325e-09
1.1266774254973908e-09
1.205208538859172e-09
1.2901402999914202e-09
1.3820957742130747e-09
1.4817602195205998e-09
1.5898602288917305e-09
1.7071513207871533e-09
1.8343600138295107e-09
1.9721352642890553e-09
2.1209464326612727e-09
2.280907750496221e-09
2.451631009858331e-09
2.631818361881974e-09
2.8189639350683688e-09
3.008803895052713e-09
3.194631712127574e-09
3.3669723205849023e-09
3.5126993759848883e-09
3.615409871231847e-09
3.655875839698292e-09
3.6137816419060203e-09
3.471614715921875e-09
3.2185464041139157e-09
2.856684925637131e-09
2.4049152679375755e-09
1.899754329724064e-09
1.3911833656515054e-09
9.311781974308163e-10
5.607086440426865e-10
2.982659917624662e-10
1.3726362230780762e-10
5.3383182891728025e-11
1.7075512532865377e-11
4.356205791022406e-12
8.555679417682683e-13
1.244226569819752e-13
1.2809646809963081e-14
8.785858063751578e-16
3.809124000230239e-17
1.0014918470834295e-18
1.3769117797342344e-20
8.754412279600787e-23
3.3761213083570114e-25
4.865380778287114e-28

