2.8298460976061435e-15
4.269348798851558e-15
6.438174738080151e-15
9.703731882118914e-15
1.4617020752513705e-14
2.200329380532315e-14
3.3096701973618964e-14
4.973983430084191e-14
7.467813881312712e-14
1.1199333458143512e-13
1.6773798544258364e-13
2.508599035619809e-13
3.745424644681418e-13
5.581285409270833e-13
8.298676450987308e-13
1.2307871890193208e-12
1.820076851522788e-12
2.6824870705398665e-12
3.938199226348271e-12
5.755779669371379e-12
8.368413271593013e-12
1.2093136398571556e-11
1.7352211415889087e-11
2.4692176813629737e-11
3.479587338797247e-11
4.847436328422571e-11
6.662039695041174e-11
9.010609261424706e-11
1.1958029897202402e-10
1.5517159714572457e-10
1.9607760005946244e-10
2.401123082620645e-10
2.834320086120076e-10
3.205820211183016e-10
3.4538676749300356e-10
3.52616363691488e-10
3.402441092326458e-10
3.113657834183031e-10
2.74231732945727e-10
2.3998428034226947e-10
2.185435924191562e-10
2.1509767790097157e-10
2.2934860659930383e-10
2.575296855997946e-10
2.954451313194917e-10
3.403024774243261e-10
3.9087318020675836e-10
4.4681672303769164e-10
5.080809682355536e-10
5.746163217586362e-10
6.4629585054013e-10
7.229076464727981e-10
8.041602498821794e-10
8.89717540874626e-10
9.79223838222157e-10
1.072357969549331e-09
1.1688967150795807e-09
1.2687630013241977e-09
1.3721271048494717e-09
1.4794424416488283e-09
1.591532267191341e-09
1.7096190699108623e-09
1.8353486775331321e-09
1.970775770356012e-09
2.118311813293196e-09
2.2806517720434143e-09
2.460589335752571e-09
2.660967229938839e-09
2.8843257785722738e-09
3.1328811718474737e-09
3.4081938856287795e-09
3.7110585032157396e-09
4.041352141717857e-09
4.397884083648779e-09
4.7783583280814905e-09
5.179285242443392e-09
5.5959864404812025e-09
6.022504820966332e-09
6.451623553993472e-09
6.87470049417523e-09
7.281625732331479e-09
7.660492518398937e-09
7.997587452061018e-09
8.276804243080174e-09
8.479731953769285e-09
8.585580058971699e-09
8.571171107093876e-09
8.413301547595958e-09
8.089674547004095e-09
7.584753411183832e-09
6.894766448879523e-09
6.034216800844325e-09
5.042876853810148e-09
3.984751591470404e-09
2.9436001310583445e-09
2.0064870206458102e-09
1.2432280518411076e-09
6.885026728414707e-10
3.342312494592408e-10
1.391562353256607e-10

