3.5116105727677194e-14
5.3010316844590394e-14
7.999163169881441e-14
1.2065165792757907e-13
1.8188530273983742e-13
2.7403371781246153e-13
4.125851118826023e-13
6.207005177609809e-13
9.329486538274564e-13
1.4008163977107474e-12
2.100795764172543e-12
3.1461923839478713e-12
4.704288882304203e-12
7.021040041105627e-12
1.045641923855237e-11
1.553434058357049e-11
2.3012234085756706e-11
3.397683008584106e-11
4.997208701894684e-11
7.316722247904311e-11
1.0656713726381824e-10
1.542609182112115e-10
2.2169623327379268e-10
3.1591796261182267e-10
4.457061127311015e-10
6.214332661413633e-10
8.543884383188144e-10
1.1553309215711425e-09
1.531658107147986e-09
1.983277045606817e-09
2.4969164293391717e-09
3.0398715284136634e-09
3.55627997128444e-09
3.967838255688202e-09
4.186305590443386e-09
4.136719259373719e-09
3.788758363271165e-09
3.1832735097065383e-09
2.4323653059848433e-09
1.6875875518900595e-09
1.082499467652617e-09
6.840711701229138e-10
4.825776245068918e-10
4.203537302300111e-10
4.3428207872432194e-10
4.815359312181639e-10
5.417616532702293e-10
6.077854393756228e-10
6.773290131043384e-10
7.491648773912954e-10
8.220258689655076e-10
8.944190980856587e-10
9.646301883555906e-10
1.0307684840313141e-09
1.0908369851060183e-09
1.142821716185966e-09
1.1848053656577632e-09
1.2150828344048529e-09
1.232300113520056e-09
1.2355668263552371e-09
1.2245610464241752e-09
1.1996200071073975e-09
1.1617276045515989e-09
1.1125536846353674e-09
1.0543155116457538e-09
9.896706480536349e-10
9.215664121124937e-10
8.529356382147341e-10
7.866107479994788e-10
7.249701511774455e-10
6.698930661963184e-10
6.225214758977101e-10
5.833542746004187e-10
5.520934372415547e-10
5.279184243324684e-10
5.094819200843443e-10
4.951533832340521e-10
4.831841490039001e-10
4.718561356285474e-10
4.596372405615917e-10
4.452708235273924e-10
4.2784857344725847e-10
4.068133354245295e-10
3.8198277581374685e-10
3.534951335575543e-10
3.217919680645846e-10
2.8754753724742226e-10
2.5164010621795213e-10
2.1506512009589785e-10
1.7890330635380418e-10
1.4425009282046568e-10
1.1214088846741404e-10
8.351649932882936e-11
5.909935248698285e-11
3.934785011023743e-11
2.4355621115290714e-11
1.3816498815118316e-11
7.0655551866925955e-12
3.1941064880241486e-12
1.248537085118526e-12

