4.937884768815514e-14
7.454248079635917e-14
1.1248584646254753e-13
1.696670965896704e-13
2.5578446158264847e-13
3.853843370111927e-13
5.802544497482398e-13
8.729780764926194e-13
1.3121901182943188e-12
1.970332671496347e-12
2.955037864139322e-12
4.425750427485216e-12
6.617890571597849e-12
9.877623457997349e-12
1.4711629827175982e-11
2.1857406684690546e-11
3.23812515336623e-11
4.781316825862681e-11
7.032705357895756e-11
1.0297737797241183e-10
1.4999557430255668e-10
2.1714002264649874e-10
3.120824116818e-10
4.447434324420396e-10
6.274861022168086e-10
8.749129942787682e-10
1.2029100045996556e-09
1.6266030229698153e-09
2.1563577240421264e-09
2.7919496125743298e-09
3.5145327752575848e-09
4.277808779176954e-09
5.002772571272553e-09
5.578729013848607e-09
5.880959983624265e-09
5.80351493616831e-09
5.303505698218843e-09
4.4385676427706395e-09
3.3669519874385933e-09
2.3026032389692005e-09
1.4340140695905984e-09
8.556095374505387e-10
5.534969643684351e-10
4.4611947046618283e-10
4.442769954780144e-10
4.87501454381724e-10
5.471397806824507e-10
6.132361950294261e-10
6.82839322308854e-10
7.545790097790389e-10
8.271294840778824e-10
8.98943646339336e-10
9.682500250160074e-10
1.033097949507244e-09
1.0914307301039336e-09
1.1411773189416045e-09
1.1803679480362948e-09
1.2072559475998906e-09
1.2204552950625518e-09
1.2190606797243653e-09
1.2027528536051305e-09
1.1718878670283729e-09
1.1274945864353975e-09
1.0712992654002542e-09
1.005600649874227e-09
9.331489015024695e-10
8.569986508058683e-10
7.801982416239826e-10
7.057030113669074e-10
6.360212979138074e-10
5.731512896136024e-10
5.183836467595094e-10
4.723228925472982e-10
4.3482432530625725e-10
4.0517785473247314e-10
3.821787206656971e-10
3.64309593671022e-10
3.4995440634862844e-10
3.3749395772446444e-10
3.2549532481258933e-10
3.127672537750502e-10
2.984414307666257e-10
2.819612395945919e-10
2.6310349547550773e-10
2.419183618126077e-10
2.1871025283695867e-10
1.9397158643349367e-10
1.6834892705251752e-10
1.42571882367496e-10
1.1741674499247115e-10
9.364758324597219e-11
7.195633956430167e-11
5.293185555329724e-11
3.6980434727174156e-11
2.430329126849863e-11
1.485002107721288e-11
8.318636015783155e-12
4.203128489570738e-12
1.878768843730724e-12
7.267803802497892e-13
