1.2601539350998504e-14
1.9020691079514373e-14
2.8698099788361924e-14
4.327909544915934e-14
6.523368868308613e-14
9.826536988429409e-14
1.479191856162249e-13
2.2248434750001698e-13
3.3432829427054427e-13
5.018640183466753e-13
7.524357664157805e-13
1.126530504214906e-12
1.6838958906306455e-12
2.512338389832549e-12
3.740309383432509e-12
5.554672432422955e-12
8.225453728540737e-12
1.2139901256096385e-11
1.7847961248098356e-11
2.6121998654212567e-11
3.80315929567319e-11
5.5031926375036235e-11
7.906151172262245e-11
1.1262763062686204e-10
1.5885670163225494e-10
2.2144646604353044e-10
3.044312019130496e-10
4.116768280382382e-10
5.458899541365722e-10
7.071717843779977e-10
8.91024226254325e-10
1.0861561216358934e-09
1.2731717833146582e-09
1.4248156952830054e-09
1.5103393512686866e-09
1.5036245209311706e-09
1.3941645047710033e-09
1.1963622743893977e-09
9.495843618225032e-10
7.070516389725868e-10
5.157432048516739e-10
3.9936390385501166e-10
3.5477485832436875e-10
3.620019771007086e-10
3.990900771120732e-10
4.510907473236199e-10
5.108259080069702e-10
5.75623780924978e-10
6.444091935428885e-10
7.163467257887693e-10
7.904538145052909e-10
8.655389541991875e-10
9.402116953950482e-10
1.012925428223122e-09
1.082031192728309e-09
1.1458554608342648e-09
1.2028013533652299e-09
1.2514358037033896e-09
1.2906285489244111e-09
1.3196302386819263e-09
1.3381752547451143e-09
1.3465642768884902e-09
1.3456320358281076e-09
1.3368143206313566e-09
1.3219826641453905e-09
1.3033916748406607e-09
1.2834757253864382e-09
1.264666016276257e-09
1.2491738027111017e-09
1.2387965785869114e-09
1.2347737350005665e-09
1.237583908184045e-09
1.2470648620331092e-09
1.2621969957815012e-09
1.2814209336979179e-09
1.3025899345659196e-09
1.323262982298243e-09
1.3408101160687468e-09
1.3526627683121197e-09
1.356415253559541e-09
1.3500028035107495e-09
1.3317736712662382e-09
1.300557473521786e-09
1.2557019742876636e-09
1.197074120356553e-09
1.1250787774328408e-09
1.0405909131150488e-09
9.450600178279155e-10
8.403782337607556e-10
7.290559445015509e-10
6.142079809523221e-10
4.995322325320406e-10
3.8938462285952115e-10
2.882856592832059e-10
2.005608280900938e-10
1.2945381902847773e-10
7.637286413704055e-11
4.049016228486628e-11
1.8912850491689177e-11
7.612466985284177e-12
