2.2303614704399276e-15
3.3645162545541843e-15
5.073027040193548e-15
7.645065562383795e-15
1.1514195666038839e-14
1.7329610435532786e-14
2.6061895137436096e-14
3.915970345078296e-14
5.878084274480005e-14
8.813231230491151e-14
1.319679567597673e-13
1.9731310788749593e-13
2.9451480442563465e-13
4.387486874910693e-13
6.521697590949573e-13
9.669420438299226e-13
1.429450959642852e-12
2.106089547238795e-12
3.090976440377578e-12
4.5160841629161965e-12
6.563933798380986e-12
9.482644918588733e-12
1.3602682240377703e-11
1.9351848707174742e-11
2.7264894940379e-11
3.7977625988567524e-11
5.2191326920422633e-11
7.059408048717381e-11
9.370457468811569e-11
1.2164292756932031e-10
1.5381354779882943e-10
1.885554804914507e-10
2.229301329624835e-10
2.527569454769461e-10
2.7329952966815406e-10
2.805522293752433e-10
2.7298355291925135e-10
2.530199768022831e-10
2.270748038505716e-10
2.0380537039464207e-10
1.9093976502594517e-10
1.9256575489765147e-10
2.0854590838572077e-10
2.3606914402603775e-10
2.719964471003236e-10
3.142743339358047e-10
3.620608397165904e-10
4.15203963977505e-10
4.737801536207229e-10
5.378737429465476e-10
6.075172486696059e-10
6.826884110208382e-10
7.633168844513487e-10
8.493188415748755e-10
9.406208958107904e-10
1.0372125223370959e-09
1.1392053065318625e-09
1.246881034596545e-09
1.3607858616531541e-09
1.481768615852744e-09
1.6110657847492206e-09
1.7503299835950194e-09
1.901669672004569e-09
2.0676278090598395e-09
2.251159129567434e-09
2.4555558432918805e-09
2.684289419316029e-09
2.940965524716594e-09
3.228991914284769e-09
3.55155220285849e-09
3.9112732496589556e-09
4.31010134454513e-09
4.749105165060856e-09
5.228297469807842e-09
5.7465085316160405e-09
6.3012278876950245e-09
6.888482738828341e-09
7.502623087095698e-09
8.136152247115094e-09
8.77936172347705e-09
9.420030427872723e-09
1.0042732533537749e-08
1.0628545358233713e-08
1.1153871468393615e-08
1.1590229182105481e-08
1.1903754965389289e-08
1.2054915611484111e-08
1.2001755325124366e-08
1.1701471693345203e-08
1.111962315197776e-08
1.0238794486827682e-08
9.070175021560362e-09
7.666153203697871e-09
6.120902229544129e-09
4.564618339068358e-09
3.1381342686515115e-09
1.959326678935336e-09
1.0924857776181111e-09
5.335476055815019e-10
2.233246132876919e-10

