4.132060569241552e-15
6.235000147568336e-15
9.404070521012505e-15
1.4176791358233772e-14
2.1359557351713667e-14
3.2160582128930405e-14
4.8387446382294965e-14
7.274001330836813e-14
1.0924286885753328e-13
1.638822827275396e-13
2.455393680124264e-13
3.6735027199663377e-13
5.486795876890038e-13
8.179547626516312e-13
1.2167157593492972e-12
1.805325056244728e-12
2.6709134593265433e-12
3.938303376691395e-12
5.784585175846705e-12
8.458251083873196e-12
1.2303167723440077e-11
1.7786952622769868e-11
2.5532455083700577e-11
3.634563340476e-11
5.123276745455454e-11
7.138738383452752e-11
9.811934965702426e-11
1.3270018611010933e-10
1.760577029738482e-10
2.2832911018676044e-10
2.88243661139511e-10
3.524426176364832e-10
4.150690735489285e-10
4.678397240486545e-10
5.013867457932313e-10
5.077651048600904e-10
4.838467060896524e-10
4.3420193218064613e-10
3.7113695167831734e-10
3.11280206553225e-10
2.693869502966358e-10
2.5306459693760544e-10
2.61648317862297e-10
2.8925280916958016e-10
3.29348564179077e-10
3.775232277185331e-10
4.3171966848527623e-10
4.912207717304835e-10
5.557464350778243e-10
6.250259340278729e-10
6.986758811936669e-10
7.761842844628775e-10
8.569157656199222e-10
9.4014801668769e-10
1.0251018246301385e-09
1.1109999750923115e-09
1.1971401960100775e-09
1.2829483605821647e-09
1.3680929599858388e-09
1.4525241535309443e-09
1.5365660153467462e-09
1.6209565428550464e-09
1.7068500467929153e-09
1.7958265213492697e-09
1.8897968343245246e-09
1.9909426768652552e-09
2.1015031441621654e-09
2.2237180180434727e-09
2.359470008505789e-09
2.5102628116708286e-09
2.6769098976379944e-09
2.8594359275831636e-09
3.0570014988986443e-09
3.267772650907277e-09
3.489006914339107e-09
3.717028483637452e-09
3.94737160069046e-09
4.174807716196264e-09
4.393531336404797e-09
4.597160062761472e-09
4.778884783319472e-09
4.931417530783046e-09
5.0471302784425985e-09
5.117898836482574e-09
5.135277431566476e-09
5.090607342544142e-09
4.975066921974229e-09
4.780959038052205e-09
4.501998963945974e-09
4.136060202500449e-09
3.6871468890587595e-09
3.167873394791438e-09
2.602151361106934e-09
2.0237043765251255e-09
1.4734349460555153e-09
9.913187523564517e-10
6.070920601728563e-10
3.327412313069239e-10
1.6005590232397905e-10
6.61044741025654e-11

