8.71676276534559e-15
1.3156043827810264e-14
1.9847960114255632e-14
2.9929584654786905e-14
4.510763175633878e-14
6.794065025006928e-14
1.0225866862624404e-13
1.5378593051899107e-13
2.3106103594183726e-13
3.4679345393824986e-13
5.198526503218621e-13
7.781701502570498e-13
1.1629539641207502e-12
1.734747324908007e-12
2.5820931894774647e-12
3.833761810786412e-12
5.675779505327478e-12
8.37485584045544e-12
1.2309659117914263e-11
1.8011883111418103e-11
2.6217684442137442e-11
3.792849249665635e-11
5.4478301226340536e-11
7.759268998340664e-11
1.0942403758345924e-10
1.5251985684314135e-10
2.09663688324655e-10
2.835317587577973e-10
3.7601816726545104e-10
4.872494384555105e-10
6.142251321534459e-10
7.49321726709174e-10
8.793960820380718e-10
9.8594977685129e-10
1.0481000095234257e-09
1.0481125102439133e-09
9.788838326618742e-10
8.502809117712096e-10
6.891890527719661e-10
5.319529619618145e-10
4.1069194358460147e-10
3.416876613266229e-10
3.229394608741336e-10
3.409596174522825e-10
3.808855854114375e-10
4.325938930167068e-10
4.912206496970493e-10
5.549333442703781e-10
6.229450198667688e-10
6.945848508500022e-10
7.690323484525972e-10
8.452764540870428e-10
9.221241046690167e-10
9.982411687631881e-10
1.0721982579721452e-09
1.142542517266094e-09
1.2078909642626333e-09
1.2670051388492751e-09
1.318925796736189e-09
1.3630359426014352e-09
1.3991618694120988e-09
1.4276444444178651e-09
1.4493112059983794e-09
1.465534777045163e-09
1.4780772627569536e-09
1.4890471364635192e-09
1.500677544332189e-09
1.515202611636997e-09
1.5345724442550588e-09
1.5603421181813025e-09
1.593458201811275e-09
1.634106902017295e-09
1.681778538659884e-09
1.7350884392850462e-09
1.79203845599952e-09
1.8499923825016177e-09
1.905945211296611e-09
1.956620903546674e-09
1.998735271036866e-09
2.0290858780850218e-09
2.044753216086862e-09
2.043171006133537e-09
2.022231098543046e-09
1.980315683773354e-09
1.916347000591121e-09
1.829841650731253e-09
1.72086491658115e-09
1.5903146502530386e-09
1.4398101888313663e-09
1.272193174023676e-09
1.091700765927317e-09
9.041656856942452e-10
7.173347949692878e-10
5.400835386267392e-10
3.816889141715183e-10
2.4995379167768656e-10
1.4941023007695946e-10
8.014739032986936e-11
3.782817488247927e-11
1.5365730056929424e-11

