6.054474430031364e-15
9.137005033726977e-15
1.3783104879272147e-14
2.078162381553029e-14
3.131634577024656e-14
4.716147328835216e-14
7.097223343904294e-14
1.0671597288853606e-13
1.6030890127388245e-13
2.4055444670296285e-13
3.6051867129503027e-13
5.395361450244017e-13
8.061217001845963e-13
1.2021547448155633e-12
1.788860739503535e-12
2.6552491869329063e-12
3.9298607732394955e-12
5.796923117483777e-12
8.517914655313417e-12
1.2459875499030962e-11
1.8130871689013063e-11
2.622194405861742e-11
3.765357894327904e-11
5.361663644002297e-11
7.559713973723179e-11
1.0535551799757311e-10
1.448189856044763e-10
1.9584823373524164e-10
2.5977802811285326e-10
3.367457202934156e-10
4.2476437991847143e-10
5.187023161622165e-10
6.096697732203272e-10
6.851289842461652e-10
7.309147291760934e-10
7.350028070860402e-10
6.926085426362725e-10
6.105102878549636e-10
5.07092089956669e-10
4.072025700448973e-10
3.3283751375733065e-10
2.952219761225019e-10
2.931340007403203e-10
3.175144788898718e-10
3.5835033015622555e-10
4.088322450698537e-10
4.657101046446087e-10
5.277713351219846e-10
5.944856093051066e-10
6.653672928186438e-10
7.397927847728438e-10
8.169738705180953e-10
8.959643757820747e-10
9.75698906738955e-10
1.0550304645982577e-09
1.132795794461156e-09
1.2078991650650427e-09
1.2793752734012767e-09
1.346515867790014e-09
1.4089190810374096e-09
1.4665870970723496e-09
1.5199823724661767e-09
1.570011637569188e-09
1.618063696652172e-09
1.665877793186849e-09
1.7154972761100998e-09
1.7690433861471949e-09
1.8286352946566907e-09
1.8960554594629214e-09
1.972698799684445e-09
2.0593017976554164e-09
2.15582915241574e-09
2.261472403203021e-09
2.374505324801837e-09
2.4924696980505116e-09
2.6121648764108125e-09
2.7298726300858842e-09
2.8414365842541354e-09
2.9425132255199333e-09
3.028638621614342e-09
3.095433125736334e-09
3.1386475637318704e-09
3.1543040015465823e-09
3.138689502629445e-09
3.08847366705764e-09
3.0008073332336293e-09
2.8733216924287086e-09
2.7047572599387757e-09
2.4949548914850357e-09
2.2460530946863087e-09
1.963154973677547e-09
1.655136793931312e-09
1.3355971031998315e-09
1.0216888705992433e-09
7.327152115893337e-10
4.862680190857892e-10
2.9416878182333636e-10
1.5948737646528046e-10
7.598468638882146e-11
3.1119388749345644e-11

