2.4419569814075112e-14
3.686200468644872e-14
5.562223782323456e-14
8.389206629581166e-14
1.2646406118105372e-13
1.9052569180633095e-13
2.868409305047617e-13
4.315047729785198e-13
6.485373369449501e-13
9.73710746701635e-13
1.4601645869739191e-12
2.186604392532498e-12
3.2692163092879567e-12
4.878807914486078e-12
7.265338637941223e-12
1.0792561160720727e-11
1.5986294453708832e-11
2.3600873863429982e-11
3.470789417404652e-11
5.081276586341206e-11
7.400068152484878e-11
1.0710902514575269e-10
1.5391781035443437e-10
2.193155227475269e-10
3.0939546498271983e-10
4.3135831206597634e-10
5.930458879470126e-10
8.019426180983264e-10
1.0632188773942423e-09
1.376877989598546e-09
1.7338247000139787e-09
2.1115411399737826e-09
2.4715095679657877e-09
2.7597041950583246e-09
2.9152251679232095e-09
2.886336944960423e-09
2.6521395265371052e-09
2.240904261249847e-09
1.730141483146274e-09
1.2246418360394451e-09
8.167907248769856e-10
5.529814467378153e-10
4.266161484859717e-10
3.979438696914721e-10
4.234067236284646e-10
4.734141588638839e-10
5.33850451706758e-10
5.996482063778838e-10
6.690592811253974e-10
7.409930893948369e-10
8.142606916582526e-10
8.874481687354844e-10
9.58925178237854e-10
1.026889751512004e-09
1.0894336728453396e-09
1.1446286186642454e-09
1.1906367185514051e-09
1.2258176361126346e-09
1.248868590235436e-09
1.258926666688226e-09
1.2556730595901836e-09
1.2394238855190034e-09
1.2111074486737968e-09
1.1723185278313295e-09
1.125165473802906e-09
1.072182127190899e-09
1.016164672942859e-09
9.598934879969564e-10
9.06023151203878e-10
8.567585926811095e-10
8.138026526754891e-10
7.78100385401232e-10
7.499814918312564e-10
7.28943521883521e-10
7.139841594876585e-10
7.035506497355305e-10
6.958244473182152e-10
6.888515338082756e-10
6.807374014931958e-10
6.697754767921254e-10
6.54570211720172e-10
6.341060166202811e-10
6.077680497339934e-10
5.753697153142419e-10
5.371091145648339e-10
4.935571753827818e-10
4.4558332524061123e-10
3.9434381805171344e-10
3.4117584244042365e-10
2.8758802482189605e-10
2.351833104903081e-10
1.8557316012847534e-10
1.4034869725055836e-10
1.008790345107992e-10
6.821529403886963e-11
4.2867079843425454e-11
2.4671015299280788e-11
1.278791924785887e-11
5.8533400290893485e-12
2.3139585189103e-12

