1.4993374468691987e-15
2.261262657317571e-15
3.408714318827625e-15
5.13558625362579e-15
7.732460204298069e-15
1.1634229551220135e-14
1.7490759104291875e-14
2.627148912365355e-14
3.941961044465614e-14
5.907876635928663e-14
8.842458954517674e-14
1.321470985293525e-13
1.9714929685284565e-13
2.935488171917601e-13
4.3610649099583484e-13
6.462373334689648e-13
9.548048948536239e-13
1.4059575321855772e-12
2.062243976304602e-12
3.0113253961947697e-12
4.374391132374976e-12
6.316147720498806e-12
9.055959532485641e-12
1.2877903784729965e-11
1.8137387026481604e-11
2.5257747627972157e-11
3.470764251435042e-11
4.695047107634275e-11
6.234352425725185e-11
8.098971049764421e-11
1.0253210112228222e-10
1.259272767338605e-10
1.4930716671111035e-10
1.700018290715819e-10
1.849829704010482e-10
1.9169756080107521e-10
1.8919822665113404e-10
1.791071959047822e-10
1.656399479095685e-10
1.5448109866513422e-10
1.507323370685283e-10
1.5715521884793594e-10
1.7378954458783456e-10
1.9895287770447462e-10
2.3076007857141951e-10
2.680388015604553e-10
3.10414745574929e-10
3.5797550404983e-10
4.109751549849505e-10
4.69693480189923e-10
5.344022033370019e-10
6.053694015660002e-10
6.828702144323029e-10
7.672224579161499e-10
8.588121835426648e-10
9.581463324404608e-10
1.0659095202681672e-09
1.1830175873993941e-09
1.3107056855657732e-09
1.4505794554929307e-09
1.6047042772576505e-09
1.7756462302369133e-09
1.9665444044690925e-09
2.181101150887715e-09
2.423616792837829e-09
2.6989398205364455e-09
3.01237475346652e-09
3.3696665646018378e-09
3.77673672097291e-09
4.239670738692426e-09
4.764421455049954e-09
5.356681822176105e-09
6.021643305617185e-09
6.763771597540164e-09
7.586537906377746e-09
8.49210963211415e-09
9.480954794196328e-09
1.055131643415872e-08
1.1698531467986377e-08
1.2914073762222017e-08
1.4184415816495692e-08
1.5489129704270423e-08
1.679943258119446e-08
1.8074883346386246e-08
1.926161168406001e-08
2.0289754849332052e-08
2.107145134788854e-08
2.1505517214810453e-08
2.1480392647519694e-08
2.0892799013030298e-08
1.9668129444739227e-08
1.7789131277653416e-08
1.5328257515867446e-08
1.2457263516715012e-08
9.440737777074095e-09
6.585381872395107e-09
4.165495136959956e-09
2.349682270381162e-09
1.159399615379782e-09
4.897198153911697e-10

