1.1183743533572412e-15
1.6864067355021716e-15
2.5416654425962242e-15
3.8284846270106765e-15
5.763098038250015e-15
8.669008447225831e-15
1.3029439902862315e-14
1.9564947432026367e-14
2.9347744625511015e-14
4.396972041885246e-14
6.578801458704087e-14
9.828213597667984e-14
1.465708366200036e-13
2.181527930323586e-13
3.239623993344924e-13
4.798552445655566e-13
7.086713313131911e-13
1.0430664455725375e-12
1.529286966242664e-12
2.2321222270979155e-12
3.241115708150677e-12
4.6779443322913946e-12
6.70466320294362e-12
9.531192952186195e-12
1.3420343535203133e-11
1.8685596375336834e-11
2.5674964608203722e-11
3.4734562958099686e-11
4.613569704761648e-11
5.996749591692181e-11
7.598798768962833e-11
9.345974405782923e-11
1.1104943079996973e-10
1.2684425465292942e-10
1.3867315239562752e-10
1.4471148805993357e-10
1.4430138618324852e-10
1.3865236612738299e-10
1.3086137420021427e-10
1.2510062442279596e-10
1.251319385772825e-10
1.3303257235279663e-10
1.489175437572843e-10
1.7166204487703378e-10
2.000039799996441e-10
2.33208587742401e-10
2.711333231670952e-10
3.139862997122667e-10
3.6211569719384293e-10
4.159106465425782e-10
4.757818469829964e-10
5.421710316052706e-10
6.155656710443898e-10
6.965363452950799e-10
7.857659050947277e-10
8.841045209967555e-10
9.926284656768995e-10
1.1127016673580708e-09
1.246065286577585e-09
1.3949049743221366e-09
1.561951262283589e-09
1.7505425660237872e-09
1.964730047367246e-09
2.209299658042916e-09
2.489862195254129e-09
2.812852633831369e-09
3.1855147731813553e-09
3.615944879888724e-09
4.1129242446651086e-09
4.685966284268215e-09
5.3451075004163245e-09
6.100837441198095e-09
6.963897622052823e-09
7.945079756215512e-09
9.054918089601964e-09
1.030330178691939e-08
1.1698880878395476e-08
1.3248268720814875e-08
1.495482381439212e-08
1.6816994537182114e-08
1.882608123623189e-08
2.0962652284424626e-08
2.31932027554473e-08
2.5463549128614324e-08
2.7694042668983746e-08
2.9773008588021393e-08
3.1550962085261685e-08
3.284516833774169e-08
3.344315250175244e-08
3.313281630996822e-08
3.1739354653886576e-08
2.9179670868333117e-08
2.552605895845684e-08
2.103460147785884e-08
1.614323064778191e-08
1.1389507093043007e-08
7.2781747477198115e-09
4.1430775998000905e-09
2.0609631941899773e-09
8.768248355764736e-10
