1.9085000649904896e-15
2.878745749442689e-15
4.3401833411952975e-15
6.540013022299281e-15
9.848806523279185e-15
1.4821335348909552e-14
2.2286857812664445e-14
3.3482834625828745e-14
5.025209598784874e-14
7.533288876466339e-14
1.1278324535005594e-13
1.6859873650742124e-13
2.51607512439701e-13
3.7475417867436827e-13
5.56931720141342e-13
8.25561357361845e-13
1.2201786823881264e-12
1.7973586102515386e-12
2.6372837940038255e-12
3.8523637835032e-12
5.598039551950792e-12
8.085598403997476e-12
1.159644608635879e-11
1.6494924202593336e-11
2.3236609782144124e-11
3.236355014698113e-11
4.447446339443214e-11
6.015855279909996e-11
7.986389987763387e-11
1.0370421449665765e-10
1.3119127645701504e-10
1.609398756097212e-10
1.9048838804133898e-10
2.1632867118829498e-10
2.344843646840755e-10
2.415962658985934e-10
2.3639352712697e-10
2.2094669360710975e-10
2.0069448504153388e-10
1.8297595991096403e-10
1.7435528578416814e-10
1.7833408075285455e-10
1.9485649365263565e-10
2.2161506735735129e-10
2.5602933807975e-10
2.964378962035783e-10
3.4220620053442245e-10
3.932871325843716e-10
4.4983301607744796e-10
5.120101475014928e-10
5.799502843476432e-10
6.537506322805439e-10
7.3348185271038e-10
8.192228382552464e-10
9.110847537207333e-10
1.0092630901021006e-09
1.114095214694579e-09
1.2261097717719307e-09
1.3461174455853517e-09
1.4752530047764806e-09
1.6150606560793428e-09
1.767525114678287e-09
1.9351228516467986e-09
2.120801367983654e-09
2.3279772769154525e-09
2.5604668308368124e-09
2.8223496280284813e-09
3.1179303204690958e-09
3.451426739170441e-09
3.82694357877112e-09
4.248146298164635e-09
4.718130199811614e-09
5.2391983539047046e-09
5.81266184477843e-09
6.438653202285152e-09
7.115910980386571e-09
7.841557813378518e-09
8.610778208442184e-09
9.416479812891169e-09
1.0248741099498402e-08
1.109425545319e-08
1.1935278788597031e-08
1.274901759925724e-08
1.3505842417327389e-08
1.4168688977197803e-08
1.46920386056424e-08
1.5021233115452898e-08
1.5096345004488996e-08
1.4854276336557463e-08
1.4240979880407243e-08
1.3223652561594444e-08
1.1807325088794241e-08
1.0053121593682373e-08
8.081020857776799e-09
6.063403191202913e-09
4.19162398417849e-09
2.6300541929497487e-09
1.4729377870609803e-09
7.221633179128317e-10
3.0331583120406057e-10

