7.429533065070409e-16
1.12002085352538e-15
1.6875703161172792e-15
2.541206626410545e-15
3.824090423391368e-15
5.750290715130291e-15
8.639392966446262e-15
1.2967669580877586e-14
1.9443404395503054e-14
2.911750632172739e-14
4.3545058842687726e-14
6.502006521634653e-14
9.691493786400151e-14
1.441666227930012e-13
2.1396901689651444e-13
3.167465154204795e-13
4.675053899986517e-13
6.876872856963186e-13
1.0076396987528477e-12
1.4698567371902222e-12
2.1330454021287403e-12
3.0769630399142167e-12
4.4078356578044824e-12
6.263320387367494e-12
8.815922676937804e-12
1.2271807827170883e-11
1.6860733591452753e-11
2.2813014037842936e-11
3.0313164737644645e-11
3.9431485044968773e-11
5.0029024827377694e-11
6.165265936715602e-11
7.347078002872049e-11
8.428385883723496e-11
9.272940274176861e-11
9.766859887748041e-11
9.871107408969708e-11
9.666407061214398e-11
9.354788797961575e-11
9.207987858661813e-11
9.472776903375969e-11
1.0289630062648456e-10
1.1674967764453567e-10
1.3567182356303512e-10
1.5897213110124075e-10
1.863116797141094e-10
2.1774861207737626e-10
2.5358727595693295e-10
2.94248911585537e-10
3.4021331893766353e-10
3.9201409214898193e-10
4.502539851732153e-10
5.156252324160064e-10
5.889497349586812e-10
6.712146972905888e-10
7.63632593419175e-10
8.677064062443909e-10
9.853053209728382e-10
1.1187639401484687e-09
1.2709781923596056e-09
1.4455325459587498e-09
1.6468103189384874e-09
1.8801586584017387e-09
2.1519902805579992e-09
2.46997880126758e-09
2.843184316877139e-09
3.2822075743863313e-09
3.7994073015817776e-09
4.408982113245496e-09
5.1272485046184546e-09
5.972740292671493e-09
6.9664421453478565e-09
8.131924828441327e-09
9.495481768638658e-09
1.1086133835317782e-08
1.2935505225728128e-08
1.507731421983602e-08
1.754651359532063e-08
2.0377404952185517e-08
2.3600833177999736e-08
2.7239614224672972e-08
3.130079544167585e-08
3.576686859079728e-08
4.057926249867088e-08
4.5622765700427934e-08
5.070391548460263e-08
5.552922846024633e-08
5.97010988323117e-08
6.271595973644415e-08
6.401863203191857e-08
6.308420950571759e-08
5.955063554994136e-08
5.338536100323475e-08
4.499155374411794e-08
3.524300126797249e-08
2.5329562176170192e-08
1.6458244995465286e-08
9.509868175983178e-09
4.7942876459236784e-09
2.0641596464346463e-09

