9.216471430053753e-16
1.3895935796754487e-15
2.0940507210661168e-15
3.1538005379870384e-15
4.746754852673892e-15
7.139018537696264e-15
1.072797580200371e-14
1.6106020074183246e-14
2.415440227182759e-14
3.618110111046067e-14
5.4122261775528175e-14
8.083502168353949e-14
1.20521170840156e-13
1.7933403999418074e-13
2.662432683530861e-13
3.9425111206154894e-13
5.820813222159192e-13
8.564961973208376e-13
1.255385320351159e-12
1.831817586653862e-12
2.6591242377806332e-12
3.8369416535663255e-12
5.4979708699651135e-12
7.814141073985807e-12
1.1000797227095941e-11
1.53150419593113e-11
2.1042824576378747e-11
2.8469612698432854e-11
3.7821545852365566e-11
4.917868518036588e-11
6.235460497409826e-11
7.676347803704909e-11
9.133872184491778e-11
1.0454631282717575e-10
1.1464442084234708e-10
1.2017271319367945e-10
1.2061630453543365e-10
1.1697342060790345e-10
1.1177318432210945e-10
1.0842035185178849e-10
1.09994986161554e-10
1.1822206242604126e-10
1.3324662861494382e-10
1.542172271546458e-10
1.801784056528668e-10
2.1060911533005323e-10
2.454773196410386e-10
2.8504637983091825e-10
3.297074477270279e-10
3.7990180843778364e-10
4.3610914722787953e-10
4.988600252715561e-10
5.687533375794676e-10
6.464950597867066e-10
7.329304227193215e-10
8.29101212570353e-10
9.363072742744301e-10
1.056174571792904e-09
1.1907484593396566e-09
1.3425739266913489e-09
1.5148072933261598e-09
1.711299563079501e-09
1.9367277212357834e-09
2.1966496194307813e-09
2.4976394925950803e-09
2.8473382413645922e-09
3.2545080407305425e-09
3.729142814523817e-09
4.282398710630584e-09
4.926723526606257e-09
5.675758661639642e-09
6.544368721063453e-09
7.548543259713653e-09
8.705289323841946e-09
1.0032391102986722e-08
1.1548058499207112e-08
1.3270280395634548e-08
1.5215904756857473e-08
1.739904836388839e-08
1.9828882335918008e-08
2.2506391215041888e-08
2.541911844501721e-08
2.8535757727747663e-08
3.179587916004228e-08
3.510136928931257e-08
3.830472914240426e-08
4.119804497184442e-08
4.351549394714701e-08
4.493591650836238e-08
4.512324935435813e-08
4.3780644983210916e-08
4.0733468577976546e-08
3.602945847823192e-08
2.999267576213477e-08
2.3231741908427857e-08
1.652804907323812e-08
1.0641398631358783e-08
6.098423827523841e-09
3.0518933269653e-09
1.305363006385323e-09

