6.486786383545944e-16
9.778164257685178e-16
1.4731707773648481e-15
2.2181348086504408e-15
3.3375631124626876e-15
5.018120089406811e-15
7.538429065713184e-15
1.1313639609918866e-14
1.6961016481310845e-14
2.5396233186579542e-14
3.797397234040543e-14
5.6692179319501864e-14
8.448737991092188e-14
1.2565745274200885e-13
1.8646366574391844e-13
2.7597696226646205e-13
4.072524655805332e-13
5.989401066477203e-13
8.774312223105052e-13
1.2796743583329604e-12
1.856708855269815e-12
2.6778704088964042e-12
3.835505438279113e-12
5.449300553147793e-12
7.669288142703056e-12
1.0674887546214774e-11
1.46662962866359e-11
1.9844699722428076e-11
2.637237465979516e-11
3.431375984663221e-11
4.3553564939083315e-11
5.370634671110643e-11
6.406104970350187e-11
7.359016025029001e-11
8.112637593575527e-11
8.569608000099358e-11
8.69719802459894e-11
8.566082502568638e-11
8.351746390870851e-11
8.290080448536323e-11
8.595839256642593e-11
9.392550869959644e-11
1.0697221904804317e-10
1.2460004319523406e-10
1.4625099534779041e-10
1.7167572087593382e-10
2.0097400850703767e-10
2.3446607761763953e-10
2.725830635922576e-10
3.158187391274115e-10
3.6472835113605164e-10
4.1994549252799263e-10
4.822039915504078e-10
5.523788248655199e-10
6.315237799240141e-10
7.209329608078221e-10
8.222084474349227e-10
9.373406288448081e-10
1.0688116938136739e-09
1.219701486587995e-09
1.3938254723124725e-09
1.5958635419586363e-09
1.8315478822118657e-09
2.107798866967962e-09
2.4329626952410003e-09
2.8169941333473627e-09
3.27168587788207e-09
3.810972618917996e-09
4.451135481067587e-09
5.211211601031913e-09
6.113270078592568e-09
7.1828430518305045e-09
8.449299988948756e-09
9.946253296779852e-09
1.1711864026949267e-08
1.378903576825142e-08
1.6225190058387767e-08
1.9071666529885415e-08
2.238183796252843e-08
2.620807993710636e-08
3.0596336900058916e-08
3.557648700830852e-08
4.115071684140395e-08
4.727148153264974e-08
5.3819225129843496e-08
6.057094474284923e-08
6.716722891049898e-08
7.309959545198091e-08
7.770209395290571e-08
8.021504063534734e-08
7.989050177479561e-08
7.617041991559129e-08
6.891743511521828e-08
5.857614251870694e-08
4.624068298159249e-08
3.346807216111549e-08
2.1884912505160876e-08
1.2718049737929238e-08
6.444697377052077e-09
2.7875586267868415e-09

