1.2846058755617283e-11
1.939329934237887e-11
2.92662315571939e-11
4.4145853186707235e-11
6.655676961960922e-11
1.0028603641708455e-10
1.5100657030912867e-10
2.272031449778507e-10
3.415419752962323e-10
5.128918967576044e-10
7.692912646523709e-10
1.1522811421889132e-09
1.7232049046409416e-09
2.5722739920227213e-09
3.8315461748725005e-09
5.693258010680976e-09
8.435376289150965e-09
1.2456776057502686e-08
1.8324218283574814e-08
2.683404334968649e-08
3.908939529854776e-08
5.659135086997578e-08
8.13394152243231e-08
1.1591861151958122e-07
1.6354921060647456e-07
2.2803289224440314e-07
3.1350238871861436e-07
4.238878188003001e-07
5.618742650937605e-07
7.273843249934421e-07
9.154898016489305e-07
1.1141186562930346e-06
1.3026845574857218e-06
1.452341626319641e-06
1.5305315482346238e-06
1.5094292845906876e-06
1.3773960816920014e-06
1.148662291933394e-06
8.635586242696379e-07
5.771022995910272e-07
3.382540446344582e-07
1.722552053474081e-07
7.652207169639808e-08
3.084857166922609e-08
1.254391183822403e-08
5.932445317446997e-09
3.3726874916588975e-09
2.1076925630251985e-09
1.343136226949871e-09
8.47053564901581e-10
5.233872311708594e-10
3.156592841922731e-10
1.856326138848874e-10
1.0660011092692905e-10
5.995421474276286e-11
3.3172690569784245e-11
1.8149349805054554e-11
9.86994430973068e-12
5.356797007026273e-12
2.9085954822226008e-12
1.580121536993143e-12
8.571975854486462e-13
4.628023243856634e-13
2.4765501926907404e-13
1.3080379216541086e-13
6.791992986363443e-14
3.454462115265185e-14
1.7148874840246944e-14
8.27896632587136e-15
3.8711393332304305e-15
1.7448571011980275e-15
7.536704042420474e-16
3.0976893839769417e-16
1.2007275020450149e-16
4.342673812513956e-17
1.446606606658183e-17
4.36845293372743e-18
1.1740544883172624e-18
2.7485951012974546e-19
5.459328280630399e-20
8.903977490778557e-21
1.1588003135702282e-21
1.1594272150563895e-22
8.193410186467441e-24
4.017758774961859e-25
1.4655654505645837e-26
2.6057102435368155e-28
1.788851199535189e-30
3.6269110193825967e-32
9.787689236930075e-33
9.024891462859761e-33
1.1160293704509823e-32
1.3048236867237392e-32
1.4662932104469201e-32
1.6870804934996241e-32
1.9444143192762475e-32
2.2291627613361018e-32
2.558535662227743e-32
2.9387987395955907e-32
3.374055190576749e-32

