2.9479569052288236e-12
4.4503827112177035e-12
6.715928763513252e-12
1.013028993944697e-11
1.527269974684196e-11
2.301200425710832e-11
3.464964828456693e-11
5.213204346986727e-11
7.836463464969834e-11
1.1767533162334043e-10
1.764946859682516e-10
2.643491357480245e-10
3.953047255561487e-10
5.900443088794576e-10
8.788405075490609e-10
1.3057539801018724e-09
1.9344830604388968e-09
2.8564144066371254e-09
4.2013696780373235e-09
6.151712547681279e-09
8.959998175645495e-09
1.296979121273811e-08
1.8638611675154928e-08
2.655782038649958e-08
3.7463996727355076e-08
5.22267645501617e-08
7.179203629676729e-08
9.706100160972412e-08
1.286540609947216e-07
1.6656738965639986e-07
2.097005567662938e-07
2.553383709931854e-07
2.9883853324037447e-07
3.3368547451346016e-07
3.525043488418818e-07
3.489484261718726e-07
3.2027303802482707e-07
2.695059316236684e-07
2.0555581963450023e-07
1.4069063193567654e-07
8.594592198506014e-08
4.717168412513531e-08
2.4038889386248664e-08
1.2237043178708981e-08
6.814465616152614e-09
4.283290731600205e-09
2.9038426884613597e-09
2.010274917878751e-09
1.3836231871156224e-09
9.383063580664917e-10
6.257997913760832e-10
4.108281834795449e-10
2.660793098830795e-10
1.7056147012448808e-10
1.0856660831228846e-10
6.882343830456942e-11
4.353240073160169e-11
2.7497051034860544e-11
1.7334457596154267e-11
1.0891765123127674e-11
6.8071142191875174e-12
4.2221783077286255e-12
2.5931164751685907e-12
1.5734483038345554e-12
9.411323536577327e-13
5.536029076647551e-13
3.1939845576044544e-13
1.8018660158596097e-13
9.901967695629392e-14
5.276684547861931e-14
2.7116988880527765e-14
1.3348152567240201e-14
6.243600435001253e-15
2.748101491590061e-15
1.1251728140379957e-15
4.2270550074494693e-16
1.4334602547679404e-16
4.3056764874593587e-17
1.1196319771745182e-17
2.455829919650003e-18
4.40956051582065e-19
6.244934248018574e-20
6.694215850588315e-21
5.222093530903881e-22
2.786547925105159e-23
9.285326712783705e-25
1.9441266445028414e-26
2.4455654373560013e-28
1.1083488599008974e-30
6.289774793855094e-33
2.0371534990128724e-33
3.0078489584437308e-33
3.7283171066704074e-33
3.9032283656162346e-33
4.510642666600904e-33
5.237783316506713e-33
5.9462685610471734e-33
6.796421548450345e-33
7.803599607892628e-33
8.949299096684531e-33

