4.963515953720673e-11
7.493302279085143e-11
1.1308127265910254e-10
1.70575428788317e-10
2.571709193180697e-10
3.8750169139006026e-10
5.834894450487688e-10
8.779223559666585e-10
1.319748362165929e-09
1.9818871373510316e-09
2.972697933798553e-09
4.452729505700487e-09
6.659072868614336e-09
9.940410222638797e-09
1.4807194467693244e-08
2.2002537990056227e-08
3.2601028171573734e-08
4.81447907554165e-08
7.082522201731364e-08
1.03721690311512e-07
1.5110039090387345e-07
2.1876708214341623e-07
3.144561708018862e-07
4.4816792329341127e-07
6.323609236865102e-07
8.817429790693733e-07
1.2122992501195278e-06
1.6392205614419914e-06
2.172854061000233e-06
2.8128066264858933e-06
3.5398273863183556e-06
4.306889264828465e-06
5.033877635544085e-06
5.60860775477957e-06
5.90461230098457e-06
5.814151073776597e-06
5.292870675041892e-06
4.397576383000972e-06
3.2866842339418605e-06
2.1753059907762524e-06
1.253857849393063e-06
6.190121585795903e-07
2.5853518378345485e-07
9.170980617092432e-08
2.9148325667470693e-08
9.726517397639218e-09
4.1451090135622185e-09
2.227913609941155e-09
1.3100966770978457e-09
7.803273977231351e-10
4.5880297716342087e-10
2.635073028915191e-10
1.4692671061196782e-10
7.931420262181709e-11
4.1426036798935256e-11
2.0968292676632325e-11
1.032187619465407e-11
4.966870510252111e-12
2.3523005338099036e-12
1.1044061350696744e-12
5.176435617351514e-13
2.4329221037094326e-13
1.1485950088718285e-13
5.432940683225633e-14
2.562275180467767e-14
1.1967583821910267e-14
5.4980997273744145e-15
2.4682239342041866e-15
1.0764161069889871e-15
4.535270914766292e-16
1.836303978598663e-16
7.104289550031067e-17
2.6096571010622805e-17
9.03201162820044e-18
2.9180070070522295e-18
8.699484619432877e-19
2.35910404658283e-19
5.719726510768943e-20
1.2137423841570839e-20
2.1983249280455498e-21
3.298132756141843e-22
3.958387704792177e-23
3.650935360721734e-24
2.4622667183217035e-25
1.1525770290225679e-26
3.5444779368752056e-28
6.550408632761344e-30
1.1098626961825908e-31
2.331374116235513e-32
2.789745937143349e-32
3.7272656912400845e-32
4.020803025745841e-32
4.5524421636435646e-32
5.314411537188604e-32
6.091663350119401e-32
6.973378934690114e-32
8.015824336013744e-32
9.205887785221762e-32
1.0566380892440955e-31
1.2132214010205685e-31

