1.5733217590809507e-10
2.375210789941571e-10
3.5844331517674656e-10
5.406887003051898e-10
8.151806334387903e-10
1.228307050761186e-09
1.8495577232599737e-09
2.7828689930315336e-09
4.183404029345698e-09
6.282318000516798e-09
9.423113669897128e-09
1.4114743606071322e-08
2.1108817683132712e-08
3.1510725080632215e-08
4.6938733166900026e-08
6.974875669887342e-08
1.0334769026469418e-07
1.5262487316577707e-07
2.2452841078771625e-07
3.288222147644851e-07
4.790339012982993e-07
6.935736847594866e-07
9.969687026867242e-07
1.4209328428855513e-06
2.0049772549258842e-06
2.795746312022336e-06
3.843931292995084e-06
5.19769119291994e-06
6.889789045865777e-06
8.918856888222953e-06
1.1223600189348144e-05
1.3654448938846993e-05
1.5956699280916996e-05
1.7773783019067158e-05
1.870395044345025e-05
1.8405422056886033e-05
1.6738516619013985e-05
1.388584771539622e-05
1.03531312919156e-05
6.82560801709981e-06
3.908322442426677e-06
1.9061893540632672e-06
7.77039784799775e-07
2.6123470577946707e-07
7.323483920918924e-08
1.8784081973716188e-08
5.644151846500467e-09
2.3999958064339612e-09
1.2647293277833914e-09
7.079961568495516e-10
3.983536919840327e-10
2.2105668688344417e-10
1.1956200025639403e-10
6.257012123841035e-11
3.1538747030951265e-11
1.5284708230895543e-11
7.1238052073577325e-12
3.1992794750515544e-12
1.3901291517258124e-12
5.878961350453765e-13
2.4395616404580277e-13
1.0026553477289698e-13
4.1199117279244535e-14
1.7033836227909903e-14
7.102390738664386e-15
2.9759989664218646e-15
1.2438236579174282e-15
5.134961366741585e-16
2.0733424999232915e-16
8.111690401300225e-17
3.049562757707686e-17
1.093054864683422e-17
3.706722507566043e-18
1.1796669086053185e-18
3.4912838807726683e-19
9.506203400092442e-20
2.3515754255207352e-20
5.2047909292402016e-21
1.0085879354812867e-21
1.6750817747197501e-22
2.3353093381655798e-23
2.587103084194195e-24
2.1678812052118233e-25
1.467256755247314e-26
6.804871998197843e-28
1.372060463217635e-29
3.791915331264622e-31
9.188514192493261e-32
7.822204816342041e-32
9.140349460331642e-32
1.0853621755984383e-31
1.2297051087372364e-31
1.407567959158721e-31
1.6219969079542865e-31
1.8616295911475873e-31
2.1360483199612383e-31
2.4531346335094667e-31
2.8167417865452727e-31
3.233825602723245e-31
3.7129543426920922e-31

