6.208046846629557e-12
9.372051730739885e-12
1.4143189708233228e-11
2.1333774967682125e-11
3.216376341026588e-11
4.8463129809701966e-11
7.297307948342253e-11
1.097934435724879e-10
1.6504436672904396e-10
2.4784275592536355e-10
3.717355366010415e-10
5.567928092696804e-10
8.326506765150339e-10
1.2428898052535032e-09
1.8513030796722157e-09
2.7507480138046134e-09
4.075483589501334e-09
6.018152697387509e-09
8.85245732905062e-09
1.2962931778345503e-08
1.888220354759259e-08
2.7334955303646573e-08
3.928639506955774e-08
5.598425944904741e-08
7.898281440183124e-08
1.1011697926129014e-07
1.513819045511515e-07
2.0467626280229311e-07
2.713010904492356e-07
3.512304480270615e-07
4.421079504346461e-07
5.381454208305386e-07
6.294624302858218e-07
7.022055163092789e-07
7.40720581809611e-07
7.315912016275845e-07
6.691271483897182e-07
5.60000653514396e-07
4.2340680198250697e-07
2.8563395355765144e-07
1.701821905195982e-07
8.931683417067828e-08
4.2025198546219444e-08
1.8829365862045875e-08
8.975208025592751e-09
4.970539132924532e-09
3.121993014304381e-09
2.059409032998664e-09
1.3620226790106535e-09
8.877861049048999e-10
5.673359617201763e-10
3.55066184217223e-10
2.1785561756182568e-10
1.3142180193571074e-10
7.824019080245432e-11
4.616793819827992e-11
2.7106396947766935e-11
1.5883713408623945e-11
9.300902656931482e-12
5.441450012667944e-12
3.1750220416721394e-12
1.842820343160097e-12
1.0606745139489332e-12
6.03533958715958e-13
3.3848882787060236e-13
1.8658724201263886e-13
1.0080078015570653e-13
5.320678680921094e-14
2.734280983745156e-14
1.362265212507379e-14
6.5461964068060896e-15
3.014744713091158e-15
1.320510647245408e-15
5.449486436289014e-16
2.095266606057239e-16
7.40597453525897e-17
2.367986165319802e-17
6.722391641179532e-18
1.6572942604494647e-18
3.4565938101705886e-19
5.91133714411681e-20
8.020650410386098e-21
8.301939479045406e-22
6.162557688171796e-23
3.1517183787597322e-24
1.097619664033213e-25
2.1186877819213076e-27
1.966253441203464e-29
1.747580395843217e-31
6.820220615756855e-33
4.0893096127692716e-33
5.704835912028279e-33
6.903366801163706e-33
7.449211943177802e-33
8.604122492204159e-33
9.986723112431282e-33
1.1417549439011773e-32
1.3096156391122586e-32
1.5054039277943157e-32
1.728234242945525e-32

