2.5333259817419602e-11
3.82449515113762e-11
5.771525788806049e-11
8.705934228306478e-11
1.3125612294055039e-10
1.977743412119802e-10
2.9780211509773827e-10
4.4807331801088156e-10
6.735689316544571e-10
1.0115037054173955e-09
1.517178382253936e-09
2.2725272524645554e-09
3.3985451327964024e-09
5.073171913868993e-09
7.556896947947196e-09
1.122892891566842e-08
1.663761243278378e-08
2.4569845061113448e-08
3.6143787691071084e-08
5.293062931769635e-08
7.710702398585816e-08
1.1163499638574692e-07
1.6046036703311476e-07
2.286847150768091e-07
3.226635400244702e-07
4.4989975257282453e-07
6.18548557051278e-07
8.363620485454082e-07
1.108626882698795e-06
1.4351615740204537e-06
1.806183434614854e-06
2.1977688097543296e-06
2.5691456032236104e-06
2.86320572488391e-06
3.0155382159096986e-06
2.971198566705758e-06
2.70741745315813e-06
2.2528056718335086e-06
1.6876779046469325e-06
1.121302943001442e-06
6.506218142890666e-07
3.251726628348728e-07
1.3919574205822794e-07
5.2054365892239676e-08
1.847297271814275e-08
7.356835677058933e-09
3.687265549875454e-09
2.160744329104909e-09
1.3270436113351979e-09
8.135368600117153e-10
4.897155021328643e-10
2.8748142742679165e-10
1.6401619750865674e-10
9.089692159673205e-11
4.8999893323604515e-11
2.5780089280126337e-11
1.3302996205623534e-11
6.7727045263104465e-12
3.423373002964142e-12
1.7272526391778315e-12
8.72937148486682e-13
4.4213131904663483e-13
2.2397786108467012e-13
1.1299381951747836e-13
5.647444201113395e-14
2.781084804720138e-14
1.342558295201131e-14
6.3235643364495806e-15
2.8933752823067493e-15
1.2803954805459206e-15
5.454258614110756e-16
2.224174622393859e-16
8.626075986559247e-17
3.1555424601583685e-17
1.0779611322571737e-17
3.3966711284092645e-18
9.721725415824954e-19
2.48225544402814e-19
5.536316915617484e-20
1.0506117587208482e-20
1.6412364035373157e-21
2.0537062904530826e-22
1.9844179139441616e-23
1.3509765378678444e-24
6.408610784999624e-26
2.326249783427028e-27
3.9696203644654784e-29
2.7036353648525023e-31
1.7110630462955562e-32
1.5330805999986442e-32
1.9053501740208922e-32
2.115216193927137e-32
2.4100405146852505e-32
2.792411073732443e-32
3.2032156184327877e-32
3.6717986314447016e-32
4.2184728750405606e-32
4.8441719850624926e-32
5.560876620264914e-32
6.384851669055264e-32

