1.8071649749784224e-12
2.728165492416222e-12
4.116950349327541e-12
6.209935175405428e-12
9.362159048248217e-12
1.410616418366715e-11
2.1239621987296784e-11
3.195547137356807e-11
4.803436499466351e-11
7.212862021427225e-11
1.0817893795371883e-10
1.6202286904546334e-10
2.4227915023692366e-10
3.6161991292331264e-10
5.385912616709006e-10
8.00183790868124e-10
1.1854135677630206e-09
1.7502495250344058e-09
2.574189477446132e-09
3.768890325688795e-09
5.48896253574495e-09
7.944699601809803e-09
1.1416105111931301e-08
1.626505048249986e-08
2.294224134499242e-08
3.197982206514911e-08
4.395682657236847e-08
5.9425495982839626e-08
7.876762548599604e-08
1.0198562276869017e-07
1.284151768904025e-07
1.5641022054834453e-07
1.8315213796799742e-07
2.046812741306128e-07
2.1650916425851108e-07
2.1475950328222687e-07
1.97728813498655e-07
1.6719994109611191e-07
1.2852485152141152e-07
8.910696452962005e-08
5.5640397129818994e-08
3.1714559280275134e-08
1.7201593265512718e-08
9.554927622623967e-09
5.823137711783426e-09
3.91033767015733e-09
2.7640003090378764e-09
1.9733909764454504e-09
1.397652907629217e-09
9.765956907394012e-10
6.729999418261295e-10
4.5812121454690484e-10
3.088167788006407e-10
2.0672887226342718e-10
1.377758248904577e-10
9.158092966044553e-11
6.076161139134132e-11
4.023397988113777e-11
2.6560671360176552e-11
1.7455035059359735e-11
1.139862167049777e-11
7.382885154636681e-12
4.7339655836443316e-12
2.999300180927494e-12
1.8738038281383775e-12
1.1517258267481125e-12
6.945700578003981e-13
4.096802170344457e-13
2.3540756550215607e-13
1.3115871820636638e-13
7.045252175442256e-14
3.6232538825698095e-14
1.7695388351247752e-14
8.12548193503635e-15
3.467232843263967e-15
1.3558381516730133e-15
4.778975044220316e-16
1.4895343713809813e-16
4.0112001898964507e-17
9.092793159847979e-18
1.684447065660754e-18
2.4536207139521814e-19
2.6950712211029325e-20
2.161901690173353e-21
1.182133765679825e-22
3.921095806980847e-24
8.500952982034125e-26
1.1887794432668925e-27
4.3749653800919014e-30
1.1518229869157243e-32
1.6957391595033123e-33
2.216451569295548e-33
2.697817873998279e-33
2.8637564511800137e-33
3.275970832656973e-33
3.724405398546472e-33
4.146626179961994e-33
4.680303222286041e-33
5.3338200900493684e-33
6.091327271897609e-33
