2.360810329841561e-10
3.564067636231353e-10
5.378541589265176e-10
8.113189958510134e-10
1.2232030477777293e-09
1.843113360836179e-09
2.77532247522253e-09
4.1757919452871164e-09
6.277352331401614e-09
9.426865327922971e-09
1.4139778589728705e-08
2.1179810917307427e-08
3.1674810769867865e-08
4.728350891732462e-08
7.043426903039983e-08
1.0466239033171034e-07
1.550803206787154e-07
2.2902516005004758e-07
3.3692356910758394e-07
4.93427914519879e-07
7.188388875893064e-07
1.0407848006568073e-06
1.496074191911576e-06
2.132301571788684e-06
3.008763740673885e-06
4.195462831925692e-06
5.768472601263152e-06
7.800060467101022e-06
1.0339372101570939e-05
1.3384298313833994e-05
1.6842737462789094e-05
2.049001940892259e-05
2.3943598169913227e-05
2.6667978907383177e-05
2.8059915721688934e-05
2.7606442514855416e-05
2.5098413405560302e-05
2.081107775808917e-05
1.5504988583780503e-05
1.020996392903021e-05
5.834531662814734e-06
2.8354216606651663e-06
1.1476589468270125e-06
3.798185416857806e-07
1.024138140617281e-07
2.378982716853069e-08
5.9183035577196106e-09
2.1098135954699025e-09
1.0193378560165917e-09
5.458229242420531e-10
2.981956347276124e-10
1.6211032100157776e-10
8.636841435548105e-11
4.463684807628712e-11
2.222124375834887e-11
1.0617080615669466e-11
4.861577647670273e-12
2.1340301798103708e-12
8.999462834080679e-13
3.6604691145962866e-13
1.4449585219743884e-13
5.5841685142655995e-14
2.1347815505665505e-14
8.160702033735594e-15
3.1445455457575204e-15
1.2248175157006802e-15
4.803568360947649e-16
1.8802053103621877e-16
7.260059937774119e-17
2.7329026496511133e-17
9.919767986318753e-18
3.437485227504107e-18
1.126632812949348e-18
3.4602338588238066e-19
9.860858647855148e-20
2.5787430915452475e-20
6.1114292211537406e-21
1.2932076553466334e-21
2.393354430513208e-22
3.7955284147822685e-23
5.054156281584891e-24
5.364473256245912e-25
4.327401113492911e-26
2.8069140182743912e-27
1.2550589773017004e-28
2.6564457670395114e-30
1.4775997890688734e-31
9.886742155345602e-32
1.2328001448522213e-31
1.3996422435036091e-31
1.5755218082793803e-31
1.8229028760202017e-31
2.096735372411037e-31
2.402249177479773e-31
2.7587325610198604e-31
3.1686520338645033e-31
3.6375590456662724e-31
4.176332389876349e-31
4.795267633835948e-31
5.50568156516084e-31

