2.3796827432355943e-10
3.5925601517560743e-10
5.421541804096467e-10
8.178056703282793e-10
1.2329834555278291e-09
1.857851494877378e-09
2.797516734419206e-09
4.209188999925757e-09
6.327562776969205e-09
9.502277271795941e-09
1.425290882570053e-08
2.1349295622032402e-08
3.192832662754029e-08
4.766203443499239e-08
7.0998266323042e-08
1.055007029274516e-07
1.5632286202089357e-07
2.30860828984217e-07
3.396251587294033e-07
4.973862236172511e-07
7.246083801997831e-07
1.049142927368069e-06
1.5080958241938519e-06
2.1494465617731894e-06
3.032971959145107e-06
4.229240888762261e-06
5.814941841163642e-06
7.862922301760655e-06
1.0422710395257987e-05
1.3492143361401862e-05
1.6978300231746215e-05
2.065456062415742e-05
2.4135087857536335e-05
2.6879809082453607e-05
2.828038883335843e-05
2.7819686466916405e-05
2.528718455683288e-05
2.0961148130876907e-05
1.560933944413514e-05
1.0270853764923335e-05
5.861886749148579e-06
2.8422684097717118e-06
1.1453610406426462e-06
3.7540084637514505e-07
9.879833137423584e-08
2.1479947130663138e-08
4.581759861783889e-09
1.3534022108125364e-09
5.892148271111922e-10
2.99851824404476e-10
1.5846792173141763e-10
8.420940322459597e-11
4.41785667669113e-11
2.2580761093992162e-11
1.1135696848538e-11
5.269059767512377e-12
2.385018940293653e-12
1.0316205848465659e-12
4.2666862996071184e-13
1.690966459551481e-13
6.448006554350994e-14
2.3816718915689993e-14
8.598854419093503e-15
3.0709336924511495e-15
1.0975922648200347e-15
3.9636284611005107e-16
1.44939792118413e-16
5.34418432751355e-17
1.964712270513817e-17
7.106380335275624e-18
2.4943872720358665e-18
8.391038821194917e-19
2.67430087257489e-19
7.987708789012022e-20
2.2113459244266765e-20
5.608350935207577e-21
1.2856258484869205e-21
2.6235592116066734e-22
4.681992176846545e-23
7.145119778650243e-24
9.062353443972709e-25
9.300540455698489e-26
7.455069797955384e-27
4.322457951716808e-28
1.7793462912694905e-29
6.506246102168254e-31
1.0032897562647713e-31
9.313405939008286e-32
1.2475789005723969e-31
1.4082869379544927e-31
1.5693201269578098e-31
1.8228053567431211e-31
2.098543547229212e-31
2.401711245967144e-31
2.7584106435274513e-31
3.1688948936096413e-31
3.637562789913894e-31
4.176263283030681e-31
4.795288305393789e-31
5.505693929092689e-31
