1.2939723561836666e-12
1.9534172542851268e-12
2.9477905831176482e-12
4.446356417615053e-12
6.703303446325644e-12
1.0099894362626689e-11
1.5207190920427302e-11
2.2879206087633482e-11
3.43906481310722e-11
5.1640147275950796e-11
7.74484842777103e-11
1.1599400949652028e-10
1.7344541704613596e-10
2.588719577721503e-10
3.855458369635352e-10
5.727808472339798e-10
8.484933817976805e-10
1.252725765699347e-09
1.842347555660952e-09
2.697224200556353e-09
3.927930991054151e-09
5.684848149439663e-09
8.168181122267612e-09
1.1636646876035005e-08
1.6412458020218973e-08
2.2876069811957208e-08
3.144159008069011e-08
4.25043223523263e-08
5.6338539390811785e-08
7.294881977020018e-08
9.186563692621539e-08
1.1192130602847853e-07
1.3111377179754384e-07
1.466282986892369e-07
1.5527041417129164e-07
1.5427360661811477e-07
1.4240679577101368e-07
1.2090489024833236e-07
9.353702288377738e-08
6.553543834108824e-08
4.165009714107643e-08
2.4448731173125358e-08
1.3879362166691198e-08
8.171786307703631e-09
5.261412534395086e-09
3.6738439514539753e-09
2.665930899094657e-09
1.944368185995384e-09
1.4060549324937338e-09
1.0044215349022656e-09
7.090676675279622e-10
4.95561230956757e-10
3.4371350753268155e-10
2.37148637683411e-10
1.630813874307693e-10
1.1190219271322189e-10
7.663302727928892e-11
5.2349844041249726e-11
3.5631431300473477e-11
2.412937704589554e-11
1.623128821156233e-11
1.0827734946331179e-11
7.1510119609027536e-12
4.667291828358935e-12
3.0044785707656654e-12
1.903213783555585e-12
1.183094794512094e-12
7.193680797400424e-13
4.26114957489759e-13
2.4471387428848673e-13
1.3546390484590942e-13
7.177190639909504e-14
3.609578030301154e-14
1.7058481862755545e-14
7.48618156366145e-15
3.0081079565673166e-15
1.0883839936979271e-15
3.4781248772487493e-16
9.590305437635443e-17
2.2227514547577782e-17
4.203858684967926e-18
6.241123477921633e-19
6.974561438713969e-20
5.687386568454361e-21
3.156027376588138e-22
1.0571961205140208e-23
2.3238581092413135e-25
3.321567643382862e-27
1.1971336133838192e-29
2.529913547870565e-32
1.8421775157771705e-33
1.7983282436167442e-33
2.0998381032131676e-33
2.3317432131340318e-33
2.6425127174632975e-33
2.9480468009608447e-33
3.2513077910213574e-33
3.642873927530088e-33
4.128966093243495e-33
4.7029876041688934e-33
