3.554152005438302e-13
5.365226009873732e-13
8.095972524161077e-13
1.2211052324923495e-12
1.840817489995771e-12
2.77337030578251e-12
4.175464760771658e-12
6.281402222673942e-12
9.440830939319872e-12
1.4174416746328195e-11
2.1255502748792083e-11
3.182927621573641e-11
4.758585462498045e-11
7.100910359727462e-11
1.0573242143662711e-10
1.5704061260859255e-10
2.3256834638686676e-10
3.4326014969640513e-10
5.04650045324398e-10
7.385387998589495e-10
1.0750889663348605e-09
1.5552929455345461e-09
2.2336899243003764e-09
3.1807249182499408e-09
4.4841159488936885e-09
6.247483427321462e-09
8.583830911975039e-09
1.1601605820596306e-08
1.537758184518014e-08
1.991743955018995e-08
2.5101581485657455e-08
3.0625806373893264e-08
3.596448864646811e-08
4.037529408483579e-08
4.3010395008731443e-08
4.312528392223666e-08
4.03685187726406e-08
3.502305461765225e-08
2.8035975713233743e-08
2.0744171281537574e-08
1.4384153258644152e-08
9.645265985800798e-09
6.557596511481189e-09
4.7021396701759455e-09
3.578094933319933e-09
2.8216098453273015e-09
2.2494694484226815e-09
1.78875762928145e-09
1.4132159372612893e-09
1.1091491236796834e-09
8.6583608908166e-10
6.731801632881521e-10
5.219081198221581e-10
4.0374394093736104e-10
3.117163626204278e-10
2.4012088745377665e-10
1.8443950470434552e-10
1.4114810234301487e-10
1.0751736710984803e-10
8.143589617908079e-11
6.126352147257268e-11
4.5718525309355e-11
3.3796743864313535e-11
2.470670450028322e-11
1.78256533922676e-11
1.2662550960735365e-11
8.830014758865729e-12
6.0235564949735985e-12
4.002416626797151e-12
2.5771840780199072e-12
1.5982303188341254e-12
9.474286303534795e-13
5.321752239497424e-13
2.802353274853224e-13
1.3662769616900203e-13
6.077193005733592e-14
2.4236803971813082e-14
8.496019272787186e-15
2.5564054249033674e-15
6.428901890250287e-16
1.3107716189800345e-16
2.0870718245960182e-17
2.4902634842377224e-18
2.1418675303541974e-19
1.2482536306480675e-20
4.497520334514118e-22
1.0116608945390912e-23
1.3607887393852737e-25
6.379515029987982e-28
1.451837536133715e-30
1.0677946242076665e-32
9.908856636044872e-34
8.82909501457864e-34
1.3328124200156614e-33
1.4296212810445382e-33
1.42548310597866e-33
1.4992718564444296e-33
1.6097505263485794e-33
1.762559558340358e-33
1.9749174643881453e-33

