7.479975745011527e-13
1.129182380205097e-12
1.7039572459050692e-12
2.570149087034332e-12
3.874661273149206e-12
5.837826626019926e-12
8.789645436942458e-12
1.3223596839550816e-11
1.9876200423755377e-11
2.984438605918347e-11
4.4757704525163544e-11
6.702971575187568e-11
1.0022325069804617e-10
1.4957570502742105e-10
2.227504870594413e-10
3.308975608327496e-10
4.901302162238212e-10
7.23556050927063e-10
1.0639859660692762e-09
1.557487301740994e-09
2.267825171985888e-09
3.2816972425064007e-09
4.714499054675707e-09
6.715324037836915e-09
9.469841591917328e-09
1.3197312469365913e-08
1.8136549190840835e-08
2.4515945707169284e-08
3.24951160233648e-08
4.208004163620025e-08
5.300642163113119e-08
6.461187769572344e-08
7.575766943256645e-08
8.484025376143229e-08
9.003548370934886e-08
8.97551913012611e-08
8.327610737125985e-08
7.12665828442474e-08
5.583539450778803e-08
3.992903711500773e-08
2.6242237075863577e-08
1.6251430906349648e-08
9.966315087414972e-09
6.419942678269905e-09
4.4726024426731935e-09
3.3033201820579324e-09
2.4969655619822155e-09
1.887660801656637e-09
1.415426479374825e-09
1.0509814327918967e-09
7.735923087935836e-10
5.654817518610911e-10
4.1131753270561797e-10
2.981757113981908e-10
2.1565195086591712e-10
1.5564938490798557e-10
1.1207443651992583e-10
8.044225601575047e-11
5.748988383685528e-11
4.085846578666243e-11
2.8838608689092278e-11
2.0186263874181918e-11
1.399185848655076e-11
9.587200671214248e-12
6.481151186112402e-12
4.312631660857569e-12
2.816594475972591e-12
1.7994365303343315e-12
1.1198740289712471e-12
6.755769542122413e-13
3.9270273175194605e-13
2.1836954405529015e-13
1.1518002007333083e-13
5.703325047459728e-14
2.6193238744422983e-14
1.0998178127470112e-14
4.150920239963631e-15
1.3809086160322691e-15
3.9551055718738003e-16
9.49887284024452e-17
1.8565437402354046e-17
2.84180477506647e-18
3.2674755075818517e-19
2.728722071606004e-20
1.54760286282668e-21
5.337041135089865e-23
1.1875011995937244e-24
1.6706108547219217e-26
6.582817125901663e-29
1.3436097107185085e-31
3.257642504039218e-33
1.3373333824259716e-33
1.4112918021346954e-33
1.755469906875879e-33
1.948296858849687e-33
2.084246199034764e-33
2.2582066824441544e-33
2.4920289391113517e-33
2.7906770571761408e-33
3.16072922271731e-33

