2.0155018946775225e-13
3.0424428725301053e-13
4.590804508166025e-13
6.92398532620072e-13
1.0437456496011836e-12
1.5724252766276252e-12
2.367239178332651e-12
3.5609481174727087e-12
5.351642771483725e-12
8.034254861467929e-12
1.2046765262538011e-11
1.803761418509404e-11
2.6963577010253114e-11
4.023040638966415e-11
5.98938471724843e-11
8.894304635874831e-11
1.3169476387129328e-10
1.9433487133434177e-10
2.8563970917516254e-10
4.179209885527359e-10
6.082053287581788e-10
8.796232593999066e-10
1.2629378499474543e-09
1.7978740418005601e-09
2.53389513839748e-09
3.529453874381171e-09
4.848381130023643e-09
6.552148497475705e-09
8.684824325842007e-09
1.125120410758743e-08
1.4186746524262766e-08
1.7324668420669713e-08
2.0375271961529216e-08
2.2928224486980706e-08
2.4513152565078325e-08
2.4713907852831383e-08
2.3328105463742726e-08
2.0499376214925556e-08
1.673704972407576e-08
1.2766370637347136e-08
9.264220792607201e-09
6.612325386799972e-09
4.837317598916264e-09
3.7197430277012157e-09
2.99487267398269e-09
2.4698878158285727e-09
2.0488631242718164e-09
1.6946696319373791e-09
1.394738811276704e-09
1.1425443841543837e-09
9.325654056695532e-10
7.591164772590776e-10
6.166632387392616e-10
5.00014307113571e-10
4.046312044963592e-10
3.266526692050758e-10
2.6290060940196467e-10
2.1079011442949195e-10
1.682272807931074e-10
1.335144856358531e-10
1.0526814859494545e-10
8.235266937200216e-11
6.38360435399912e-11
4.894647060641102e-11
3.704795089969659e-11
2.7613906070314832e-11
2.0207024001045303e-11
1.446561735734059e-11
1.0085726823713224e-11
6.812801375503582e-12
4.430271088343159e-12
2.7521296839108836e-12
1.6185375980758314e-12
8.913189355795181e-13
4.538040756897829e-13
2.1043280486551808e-13
8.732029129222048e-14
3.177878015965835e-14
9.904894243438742e-15
2.5738935940459294e-15
5.407649755295723e-16
8.854367787563205e-17
1.0846282802432285e-17
9.523957359115151e-19
5.657645242390225e-20
2.1045117590530974e-21
4.7676409819825734e-23
6.192704294671153e-25
3.308756911025961e-27
8.265661245588473e-30
2.737055697608662e-32
8.240132032819351e-34
6.3565920760048335e-34
1.1315476046031241e-33
1.1828590079058668e-33
1.1166710771982495e-33
1.1510599555371873e-33
1.2097989002747893e-33
1.2999019108427168e-33
1.4435003551583473e-33
