9.462755404995348e-14
1.4283432202986625e-13
2.1551189938942006e-13
3.250176970690077e-13
4.899023897133938e-13
7.379788774515828e-13
1.1108859792651862e-12
1.6708602705985497e-12
2.510739758818273e-12
3.7687075570244765e-12
5.649900861146777e-12
8.457916945717633e-12
1.2640529171002952e-11
1.8855331409310906e-11
2.806348989815107e-11
4.1661810298260985e-11
6.166627336686469e-11
9.096389800182628e-11
1.3364793520981155e-10
1.9545650518506321e-10
2.843196620657547e-10
4.1100331615820884e-10
5.898177845502364e-10
8.392360502791848e-10
1.1822604849439006e-09
1.646095118348998e-09
2.2605185998452783e-09
3.0543828469985727e-09
4.048806883871661e-09
5.247278013896716e-09
6.622037662774156e-09
8.099183919985977e-09
9.549131329664272e-09
1.078740633674718e-08
1.1601315292755108e-08
1.1800625384140875e-08
1.128893766554676e-08
1.0122465012309017e-08
8.52085013995521e-09
6.800811834473083e-09
5.261417312564123e-09
4.073275455178558e-09
3.2530205857115764e-09
2.7084312939845303e-09
2.327330385640596e-09
2.028268996165302e-09
1.77187120540153e-09
1.5441002491475233e-09
1.341231452487398e-09
1.1617269219900156e-09
1.0040629016691699e-09
8.662848876618106e-10
7.462499388226637e-10
6.417653980762702e-10
5.508106697878493e-10
4.715787641117459e-10
4.025141518866347e-10
3.4229353968736793e-10
2.897895588390297e-10
2.44042728200242e-10
2.0423055008230028e-10
1.6964156187439677e-10
1.3966760991967254e-10
1.1377840499500259e-10
9.152202430959089e-11
7.250977403304849e-11
5.640515555167621e-11
4.2922408774762765e-11
3.18045781276237e-11
2.2821932367619746e-11
1.575410284179865e-11
1.0378345078271314e-11
6.463858674204845e-12
3.763339686511475e-12
2.021592218283935e-12
9.867363880375852e-13
4.2985018808329197e-13
1.637587162469247e-13
5.327354198190226e-14
1.4404418796292127e-14
3.1379519355738384e-15
5.314227040921996e-16
6.71964524092345e-17
6.048249059562486e-18
3.67619391261033e-19
1.4224452077802278e-20
3.2479572636493664e-22
4.029740450346208e-24
2.543195391877441e-26
7.162939201389204e-29
8.700276086921692e-32
6.286629507544572e-34
3.90968289438828e-34
8.583157463329094e-34
8.723895490350431e-34
7.75672504567272e-34
7.884894065427896e-34
8.125831292270166e-34
8.558768535372378e-34
9.419993266216069e-34

