5.246785729942833e-14
7.919199171403374e-14
1.1947833682662271e-13
1.8017308576391099e-13
2.715518080494863e-13
4.090175669927327e-13
6.156252452636102e-13
9.258258589883185e-13
1.390995437393615e-12
2.0875798309198297e-12
3.1290257334630803e-12
4.683166076851369e-12
6.997430569385311e-12
1.0435020393893386e-11
1.5526533318334406e-11
2.3042627329273192e-11
3.4094917187478286e-11
5.0274306574671015e-11
7.383492958823e-11
1.0793465041908744e-10
1.5693479982036387e-10
2.2675290565843482e-10
3.2525091225905565e-10
4.625752991707066e-10
6.513622479617796e-10
9.065695211132551e-10
1.2446113532435668e-09
1.6814869121574542e-09
2.2291404274703403e-09
2.890163088579354e-09
3.6505010865731287e-09
4.471475874750035e-09
5.284586276421026e-09
5.9918237389573515e-09
6.479596304277811e-09
6.6453993993332e-09
6.435624625377657e-09
5.8765433625446046e-09
5.080831730720576e-09
4.2126570606594465e-09
3.428290089792522e-09
2.8173169786093313e-09
2.3896640523560497e-09
2.0982658018471898e-09
1.885759041986414e-09
1.7107603668083108e-09
1.5538062423870778e-09
1.4086028962479896e-09
1.2740978436214683e-09
1.1502468926419103e-09
1.0368581045301778e-09
9.333874944819284e-10
8.390901721584303e-10
7.531081532555279e-10
6.746139325526132e-10
6.028416265015101e-10
5.371172003111696e-10
4.768602819212466e-10
4.215645598223814e-10
3.7079545177090477e-10
3.24176840065696e-10
2.8137992592082314e-10
2.421356605695706e-10
2.0621309443749096e-10
1.734393810664248e-10
1.4369055807095744e-10
1.1688611302626936e-10
9.300165198993251e-11
7.203428655949732e-11
5.400620922307093e-11
3.892506696900335e-11
2.6748929634340103e-11
1.735807672347995e-11
1.0514654463148707e-11
5.866879567848617e-12
2.968934395247859e-12
1.33820144871085e-12
5.263540900426492e-13
1.76407525576123e-13
4.902954850535851e-14
1.0952192955336019e-14
1.898479509220977e-15
2.453560998312228e-16
2.2467788434186047e-17
1.3875284183448258e-18
5.512085546757099e-20
1.2663210002387042e-21
1.5273322928758578e-23
1.0728331935780768e-25
3.2648135576059688e-28
2.0930229712546413e-31
5.817506920273092e-34
2.8280565501360073e-34
6.783507165577841e-34
6.809518902261608e-34
5.875894641155422e-34
5.906948691509519e-34
6.006674808738618e-34
6.247399361025827e-34
6.834864014518405e-34
