1.8377812999764972e-14
2.774310018593786e-14
4.186470103657507e-14
6.314625738686064e-14
9.519741624266067e-14
1.4343246893622076e-13
2.1596132040007565e-13
3.2491283599534584e-13
4.883920589420462e-13
7.333685241374151e-13
1.0999160458176215e-12
1.6474051741677464e-12
2.463506329067554e-12
3.677147787170174e-12
5.477068790053437e-12
8.138033120064711e-12
1.2057377213093257e-11
1.7805348947652897e-11
2.6192374424281592e-11
3.8357463853441e-11
5.58790030698904e-11
8.090571747891377e-11
1.1630147108536535e-10
1.6577154322955943e-10
2.3393625139820295e-10
3.2625729888755564e-10
4.4868331153148195e-10
6.068894969084597e-10
8.047855130624332e-10
1.0423366764869387e-09
1.3125564352784664e-09
1.5981891990045686e-09
1.869716732345947e-09
2.0856967150331285e-09
2.1993297526071207e-09
2.170712005738369e-09
1.983456446632878e-09
1.6588448959079077e-09
1.2560428897985335e-09
8.554202158280498e-10
5.281561120834299e-10
3.103636971637358e-10
1.9751762678147577e-10
1.5957934454992675e-10
1.6356941445497327e-10
1.8735339034267894e-10
2.2091408610324146e-10
2.6145942075523595e-10
3.0902137089609865e-10
3.6440370766622724e-10
4.285921625031722e-10
5.026359665925031e-10
5.876162948693108e-10
6.846193790735334e-10
7.947030238467454e-10
9.188562550438423e-10
1.0579535719137916e-09
1.2127023732044309e-09
1.3835929391507957e-09
1.570845739518666e-09
1.7743691587893851e-09
1.9937375929995724e-09
2.228172173806063e-09
2.4765902542658987e-09
2.737650250984694e-09
3.0098768046361978e-09
3.2918577309251857e-09
3.5824068570534126e-09
3.88096399246246e-09
4.187819599327501e-09
4.5045616488414555e-09
4.834477688824755e-09
5.182798812021447e-09
5.557203404424329e-09
5.9677921044629405e-09
6.427405271655838e-09
6.951222169344131e-09
7.556952688345029e-09
8.26371352875485e-09
9.09203063670448e-09
1.0062426137460864e-08
1.119435505394884e-08
1.2505275714498918e-08
1.4008416364067244e-08
1.5711971831165733e-08
1.761674128755662e-08
1.9714838688563058e-08
2.198728181443506e-08
2.4402346275144032e-08
2.6912638629702846e-08
2.9453048804799528e-08
3.193706659664756e-08
3.425557557957979e-08
3.627315752925232e-08
3.783068412526241e-08
3.8749818770447756e-08
3.8843246394151137e-08
3.794310813039247e-08
3.592633806913017e-08
3.276633417423661e-08

