1.03102958720654e-13
1.5565079852248718e-13
2.3489024009469343e-13
3.5431273238244786e-13
5.341804708494702e-13
8.048881269580243e-13
1.2119666301714007e-12
1.8235158840110317e-12
2.7411985722696118e-12
4.116465278196468e-12
6.174373152036962e-12
9.248376436266112e-12
1.3830910365548993e-11
2.0646196503829183e-11
3.075448489958561e-11
4.569933090718683e-11
6.771291576670983e-11
9.999880146653028e-11
1.4710966597963078e-10
2.1544356577333908e-10
3.1386546623286854e-10
4.544411588786073e-10
6.532473394179023e-10
9.310746740940646e-10
1.3138308141234452e-09
1.8321092359557696e-09
2.5191710257714903e-09
3.4066369009922784e-09
4.516055599812188e-09
5.846615484584623e-09
7.35821375631165e-09
8.952831257653749e-09
1.0463444939014126e-08
1.1656143456159722e-08
1.2267368366118009e-08
1.2073060160611578e-08
1.0982121332957262e-08
9.115544268766951e-09
6.8067357224513505e-09
4.506855652310035e-09
2.61361366534498e-09
1.3264079773958694e-09
6.160726982579714e-10
3.107056413868009e-10
2.224493947843466e-10
2.2445651253464645e-10
2.575367782315687e-10
3.0253782091413506e-10
3.556768926131593e-10
4.170978240418817e-10
4.876156851970032e-10
5.681096641384082e-10
6.594235177410821e-10
7.623189640169965e-10
8.774256239501167e-10
1.00518276036631e-09
1.1457743000406483e-09
1.2990600369921833e-09
1.4645038161745373e-09
1.6411068889911643e-09
1.8273476501262064e-09
2.0211387031142084e-09
2.2198046768470715e-09
2.4200935670607118e-09
2.6182244246674095e-09
2.8099794647309593e-09
2.9908580133367686e-09
3.1562534129877605e-09
3.30173040879027e-09
3.4232878338384974e-09
3.5176798476756905e-09
3.5828010798085668e-09
3.617872053806584e-09
3.623908641145671e-09
3.6037266932559085e-09
3.5621114295183122e-09
3.505874713405475e-09
3.443271500773724e-09
3.3841163176235434e-09
3.3386252168450396e-09
3.3173100113926523e-09
3.329668518878564e-09
3.3843748211355845e-09
3.4876861663902228e-09
3.64410863089378e-09
3.855080502267852e-09
4.11905712676335e-09
4.431132977895136e-09
4.7827590516012776e-09
5.1617915955157405e-09
5.552440405550375e-09
5.9353022876896685e-09
6.287323394770556e-09
6.582091432196093e-09
6.790287676868434e-09
6.881204992655507e-09
6.8246020907121295e-09
6.59563530017483e-09
6.1788983269379036e-09
5.576332469883967e-09
