1.4770996941539124e-13
2.229931551590304e-13
3.365168203859603e-13
5.076101718688393e-13
7.653030453287658e-13
1.1531424436199316e-12
1.736361786800383e-12
2.6125303337936038e-12
3.92730495625635e-12
5.89767741933296e-12
8.846101864408703e-12
1.3250343059463691e-11
1.981595387920426e-11
2.9580592236624716e-11
4.406338143430525e-11
6.547593093615706e-11
9.701652132008296e-11
1.4327523364731115e-10
2.107751549279422e-10
3.086833859655873e-10
4.497014809881337e-10
6.511168136088408e-10
9.359628955083442e-10
1.3340260412886082e-09
1.882421645158703e-09
2.6249744862686166e-09
3.6093240180466843e-09
4.880747775036537e-09
6.470074952966632e-09
8.376073969255328e-09
1.0541189741618412e-08
1.2824858103671415e-08
1.4987631630639488e-08
1.669423437155209e-08
1.756696050855018e-08
1.7284783285236134e-08
1.5717281573432423e-08
1.303797600197791e-08
9.724697633826864e-09
6.423850073464031e-09
3.7050546633724114e-09
1.8536445942496363e-09
8.27433137723778e-10
3.7978550037905547e-10
2.4127362810486715e-10
2.2990434092881001e-10
2.6059181232635854e-10
3.0557162898283733e-10
3.5906467453203853e-10
4.2089424451922207e-10
4.918323642065938e-10
5.727410871098123e-10
6.644434040893224e-10
7.676735326176172e-10
8.830256451310163e-10
1.010894376627641e-09
1.1514085309397418e-09
1.3043613440428208e-09
1.4691371545606819e-09
1.6446441129151523e-09
1.829252885481786e-09
2.0207522962714466e-09
2.2163278992168197e-09
2.4125700873049842e-09
2.605523270117089e-09
2.790776149092515e-09
2.9636111810249084e-09
3.1191875192695015e-09
3.2528029560848426e-09
3.360165024548694e-09
3.437702658150134e-09
3.482933328013384e-09
3.49467439464477e-09
3.4734551231057843e-09
3.421573835517555e-09
3.343226781770333e-09
3.2446119679030904e-09
3.13335213052767e-09
3.0186803983155777e-09
2.9102999402038065e-09
2.8182393573246068e-09
2.751694387575728e-09
2.718871990418987e-09
2.7258464670218647e-09
2.7768974762151765e-09
2.87374087277979e-09
3.0154381047628666e-09
3.198484956146127e-09
3.416230814882747e-09
3.659370103845539e-09
3.915741281661294e-09
4.170697328558686e-09
4.407028354623784e-09
4.605427377626421e-09
4.7447012032030885e-09
4.802973591510865e-09
4.758923334388519e-09
4.595204534965605e-09
4.301234080518427e-09
3.8785977533814535e-09

