1.0268751989476369e-14
1.5501217469566367e-14
2.3390784969417705e-14
3.5280067849570135e-14
5.318522263811486e-14
8.013022861612544e-14
1.2064437668374141e-13
1.8150114324199174e-13
2.728109234239715e-13
4.0963352673222814e-13
6.143450829022426e-13
9.200949391779298e-13
1.3758314808745227e-12
2.053535665047265e-12
3.058578017349546e-12
4.5443525942775144e-12
6.7326819088085715e-12
9.94192438539604e-12
1.462454177131364e-11
2.1416485801439568e-11
3.119911908987438e-11
4.517246670820517e-11
6.493630487104447e-11
9.256111901290618e-11
1.3062996541062263e-10
1.8219858348228374e-10
2.5059938322121033e-10
3.3901947688895365e-10
4.49670960772404e-10
5.825776902634324e-10
7.338982952003034e-10
8.94073001674201e-10
1.0467022522913344e-09
1.168720335415576e-09
1.2340376677682836e-09
1.2203608591355826e-09
1.1184689316390288e-09
9.401444054615888e-10
7.183577140958953e-10
4.980224024159394e-10
3.190536979896048e-10
2.0188181173066854e-10
1.4426375604398055e-10
1.2966970873092188e-10
1.3989298272082279e-10
1.6278715120814886e-10
1.930163092355603e-10
2.2933648092926666e-10
2.721377801252711e-10
3.222969116102996e-10
3.8084945680734744e-10
4.4892631014716745e-10
5.277380176904627e-10
6.185607817643929e-10
7.227167574487651e-10
8.415490228122922e-10
9.763925330527643e-10
1.1285381154053606e-09
1.2992014957942884e-09
1.489487506038323e-09
1.7003666584651831e-09
1.9326727353033734e-09
2.187098760785127e-09
2.4642719625312664e-09
2.7648129570794354e-09
3.089490752056307e-09
3.4394430717477777e-09
3.816374176363348e-09
4.222991377569263e-09
4.663271057631091e-09
5.142977568048813e-09
5.670069471393208e-09
6.25512574533769e-09
6.911763428568798e-09
7.656878688682928e-09
8.510917663849197e-09
9.497572305872032e-09
1.0644067848888857e-08
1.1979833655161833e-08
1.353653737290751e-08
1.5346233614650407e-08
1.744016082568441e-08
1.9847007275170188e-08
2.259042578796304e-08
2.568698358357832e-08
2.9143053821018592e-08
3.295192475159108e-08
3.7089834002742696e-08
4.1512028519597694e-08
4.614727679625179e-08
5.0892673081330287e-08
5.560551810161204e-08
6.009924902023021e-08
6.413365401181043e-08
6.741705788476884e-08
6.961107286725984e-08
7.034718819036796e-08
6.927824299193886e-08
6.612738815990722e-08
6.078983967485532e-08

