2.0718948377701766e-13
3.12788262036612e-13
4.720269459539518e-13
7.120188916212315e-13
1.0734848345670542e-12
1.6175092944265528e-12
2.4355972978284864e-12
3.664613013041848e-12
5.5088758858030324e-12
8.272771403738066e-12
1.2408624554342257e-11
1.8586626346545038e-11
2.779650463708363e-11
4.1493859274553894e-11
6.180968399936904e-11
9.184638474108435e-11
1.3609045818605025e-10
2.009807978393119e-10
2.956678739230222e-10
4.330110866300008e-10
6.308277736394021e-10
9.133678660338765e-10
1.3129412196388936e-09
1.871329093538645e-09
2.640591439344179e-09
3.6821957777930327e-09
5.062953699076193e-09
6.846352546635689e-09
9.075595493848504e-09
1.174888980371231e-08
1.478540745291061e-08
1.7987851633861847e-08
2.1020200149980686e-08
2.341201278964165e-08
2.4633375402743517e-08
2.423396271901873e-08
2.203092022106715e-08
1.826781387009932e-08
1.3615056252674964e-08
8.979394280841922e-09
5.159678362164486e-09
2.555825076979442e-09
1.1082806162591111e-09
4.707564900343073e-10
2.6505464001233546e-10
2.3564879024849684e-10
2.629236243431855e-10
3.0763241674531036e-10
3.613365177276052e-10
4.2343611067426374e-10
4.946525236163389e-10
5.758346956036277e-10
6.677913608725267e-10
7.712379784545574e-10
8.867446021172924e-10
1.0146755672593512e-09
1.1551223212588597e-09
1.3078330771799412e-09
1.4721384740865442e-09
1.6468838848713555e-09
1.8303674524672585e-09
2.0202947853523574e-09
2.2137581327185847e-09
2.4072422911306617e-09
2.596674922089199e-09
2.7775157029591435e-09
2.9449027022449447e-09
3.0938400142633017e-09
3.219448862475476e-09
3.3172450962282653e-09
3.3834450536158852e-09
3.4153181963876717e-09
3.4114206894337876e-09
3.3719599455606147e-09
3.29888962847656e-09
3.1960109046222008e-09
3.069079396109677e-09
2.925280047606657e-09
2.773393485828988e-09
2.6227760755187265e-09
2.483121005057595e-09
2.3635344079273397e-09
2.2719709959637886e-09
2.214539983257407e-09
2.195356798285543e-09
2.2163211975699e-09
2.2768158525589555e-09
2.3742723005363797e-09
2.5033038692359795e-09
2.656571594238371e-09
2.824355802958341e-09
2.995201497575747e-09
3.1557883367373395e-09
3.2915149219817473e-09
3.3865492474996665e-09
3.424808245952382e-09
3.3907846110389262e-09
3.2719654485609113e-09
3.060800004468189e-09
2.758471936868516e-09

