3.759444321049549e-14
5.675392189752842e-14
8.56447665563894e-14
1.2918535582096405e-13
1.9476214192133461e-13
2.934549362743826e-13
4.4186062312520534e-13
6.648020371832132e-13
9.993345520406842e-13
1.5006589672048161e-12
2.250801435143224e-12
3.3712913996928893e-12
5.041594367792052e-12
7.525641943573408e-12
1.120981722789583e-11
1.665662270983886e-11
2.467950213483242e-11
3.644588627412157e-11
5.361486840184081e-11
7.85181067806829e-11
1.1438644992010697e-10
1.6561765809011957e-10
2.3807211401323474e-10
3.393299838873935e-10
4.788396791492482e-10
6.677633682350498e-10
9.182455945062929e-10
1.2418489475186349e-09
1.6464889728281263e-09
2.131963552280703e-09
2.683788597014075e-09
3.266409516009578e-09
3.819144002866753e-09
4.256920789973652e-09
4.4837976605545895e-09
4.418110916347716e-09
4.026519684904517e-09
3.352896094343602e-09
2.518575951780152e-09
1.6880083167526012e-09
1.0064370489632445e-09
5.470379227631343e-10
2.997363959943372e-10
2.02353131463664e-10
1.8680515306272326e-10
2.0722200263424755e-10
2.42440997466967e-10
2.859610396256557e-10
3.369426945082328e-10
3.9602253939178375e-10
4.641147410799456e-10
5.421771753531292e-10
6.311593395138886e-10
7.319650493562247e-10
8.454089309518508e-10
9.721651407159981e-10
1.1127098605559789e-09
1.2672583172520264e-09
1.435701483533115e-09
1.6175439627126563e-09
1.8118501491233264e-09
2.017209406425658e-09
2.23171238766024e-09
2.4529790326036543e-09
2.6782017007589058e-09
2.9042495012649763e-09
3.127843396190339e-09
3.3457152879030713e-09
3.554952750170526e-09
3.75323132179894e-09
3.939192142729848e-09
4.112862148141261e-09
4.275801861846216e-09
4.431681388268376e-09
4.586145101360505e-09
4.747118583747062e-09
4.9245284910743114e-09
5.130131086715133e-09
5.376932864473832e-09
5.678726230119917e-09
6.04940909755989e-09
6.5018069209316116e-09
7.047628557164134e-09
7.695258783155562e-09
8.45005996119132e-09
9.312323856876414e-09
1.0277103040100895e-08
1.1332806931840223e-08
1.2460837224143719e-08
1.3634248032940421e-08
1.481727665575273e-08
1.5963994535689716e-08
1.701810844929248e-08
1.7912056484305586e-08
1.856861125920012e-08
1.8903890537412358e-08
1.8832606625856234e-08
1.8281800365664627e-08
1.7202481216983155e-08
1.5592933768145584e-08

