2.645791683249167e-14
3.994138540467102e-14
6.027301935275617e-14
9.091381659727721e-14
1.3706142784210308e-13
2.0651227084070038e-13
3.109446723877567e-13
4.678247589620132e-13
7.032253238639598e-13
1.0559858039386797e-12
1.5838188870456648e-12
2.372229723723631e-12
3.547483640337732e-12
5.295270316178586e-12
7.887426926151796e-12
1.1719694494149205e-11
1.736435769203945e-11
2.5642743651711153e-11
3.772209153341677e-11
5.524284840870654e-11
8.047816405552099e-11
1.1652235834219475e-10
1.6749917974777535e-10
2.387431316087693e-10
3.3690459602025397e-10
4.698422562928441e-10
6.461102610467901e-10
8.738599943083089e-10
1.158686807743304e-09
1.5004878640162394e-09
1.8891275606115883e-09
2.2996609082121728e-09
2.6894719713414563e-09
2.9987799684323347e-09
3.160127412606886e-09
3.116053703895544e-09
2.8430409487289568e-09
2.371863268095151e-09
1.7878195404411472e-09
1.2066278758658854e-09
7.306111122496801e-10
4.1147370785063405e-10
2.423674734786439e-10
1.7974891335641526e-10
1.7588517481802873e-10
1.9866562957256566e-10
2.3338940956080506e-10
2.7570632386726537e-10
3.252815933819592e-10
3.828456827597289e-10
4.493475544309108e-10
5.257865089680275e-10
6.131706707433272e-10
7.124841778330857e-10
8.246478127328788e-10
9.504722123640254e-10
1.090605182284314e-09
1.2454728233323008e-09
1.4152216821059735e-09
1.5996602027768148e-09
1.7982094392250008e-09
2.009873489472466e-09
2.2332168068883057e-09
2.4664015791865614e-09
2.7072305086544923e-09
2.953259640462595e-09
3.2019836475530174e-09
3.4509931779644156e-09
3.6983476940853516e-09
3.942799649314202e-09
4.184203511565665e-09
4.423930277931936e-09
4.6650441222543215e-09
4.912858292198781e-09
5.1748202496007636e-09
5.4608390590931585e-09
5.782913731176324e-09
6.155167890827127e-09
6.592975888468281e-09
7.112782342216197e-09
7.731054486963024e-09
8.463189741007856e-09
9.323065979589288e-09
1.0320825432825626e-08
1.1462698317412908e-08
1.2748846165009464e-08
1.417274487619373e-08
1.5719365180613938e-08
1.736433521033576e-08
1.907194803348047e-08
2.079411951605421e-08
2.2468147163061982e-08
2.401619767237493e-08
2.5343397202925147e-08
2.6339961730678477e-08
2.6884943422504114e-08
2.6853572747604355e-08
2.6136884275881192e-08
2.4658705137212053e-08
2.2409958806469572e-08

