5.381139445179464e-14
8.12362991721491e-14
1.2259112951669605e-13
1.8491654422666387e-13
2.7878640432867104e-13
4.200619327519418e-13
6.325026479503638e-13
9.516446158852161e-13
1.4305367023427558e-12
2.1482062143174382e-12
3.22208635655517e-12
4.8261680329638654e-12
7.217391457091338e-12
1.0773631371829889e-11
1.6048083908672298e-11
2.3846106796678726e-11
3.533234540975588e-11
5.2178264521104354e-11
7.675924949780192e-11
1.1241357522086996e-10
1.6376679007714828e-10
2.3711484654595687e-10
3.408471503570384e-10
4.858141222066421e-10
6.855387061513661e-10
9.559934502684031e-10
1.3145506686058595e-09
1.7777390673433268e-09
2.3568503873779475e-09
3.0515337344977445e-09
3.8409662650267916e-09
4.674134597758734e-09
5.464036973331557e-09
6.088762165335794e-09
6.410878765362389e-09
6.313474449944003e-09
5.748908318796925e-09
4.780137829774618e-09
3.580990361986773e-09
2.386886475714892e-09
1.4055696910924887e-09
7.414690495085937e-10
3.797929977050058e-10
2.3120791671092183e-10
1.979854930909291e-10
2.1421174037795387e-10
2.493109959995489e-10
2.9364956411165123e-10
3.4565652131012937e-10
4.058406179877581e-10
4.750816759575933e-10
5.543032024368667e-10
6.444073461963e-10
7.462338875334149e-10
8.605136784392794e-10
9.878140793282684e-10
1.1284779372314124e-09
1.2825577745558434e-09
1.4497484955407423e-09
1.6293229712597404e-09
1.8200750694507806e-09
2.0202810112824064e-09
2.2276758652017915e-09
2.4394740557453373e-09
2.6524139232068862e-09
2.86285604839659e-09
3.0669493198050293e-09
3.260795517114901e-09
3.4407665194641562e-09
3.6037478204896495e-09
3.747490327029187e-09
3.8710249767481185e-09
3.974810290468394e-09
4.06129225538499e-09
4.1348010094331004e-09
4.2018135124841004e-09
4.2708056361693515e-09
4.3518711114292845e-09
4.456447928931664e-09
4.596526400269367e-09
4.78428809727623e-09
5.030826196115964e-09
5.3463864627258986e-09
5.738251483598224e-09
6.2113683004109004e-09
6.7664321780828865e-09
7.39997552445178e-09
8.103314829819438e-09
8.862416041900543e-09
9.6570898507307e-09
1.0460839742425904e-08
1.1240132065309634e-08
1.195433134626852e-08
1.2555412048978045e-08
1.2989069936771228e-08
1.3197085580555028e-08
1.3120999030646238e-08
1.271165325579869e-08
1.1937154504141784e-08
1.079868616419695e-08

