1.2849370367138958e-14
1.9397036672226036e-14
2.9269828419099096e-14
4.4147996167496477e-14
6.655476638393276e-14
1.0027473865591898e-13
1.5097657593338655e-13
2.271378490059574e-13
3.414128320402088e-13
5.126509336409154e-13
7.688595023785983e-13
1.1515310943747197e-12
1.721934738860162e-12
2.5701707850049472e-12
3.82813559035825e-12
5.687839677321073e-12
8.426948841323788e-12
1.2443964899609321e-11
1.83052427527203e-11
2.6806792538418228e-11
3.9051751731137705e-11
5.654200375875541e-11
8.127954666443947e-11
1.1585507028548173e-10
1.634999551040624e-10
2.2803569573462411e-10
3.1362756068719494e-10
4.2425508533959204e-10
5.626717645653942e-10
7.288847936140489e-10
9.18054901111054e-10
1.1181774041635368e-09
1.3086830165314302e-09
1.4606633237058073e-09
1.5414424668701728e-09
1.5231245208106669e-09
1.3942060717353883e-09
1.169487384400058e-09
8.902690259697098e-10
6.127446527175414e-10
3.8678102988552107e-10
2.3780676926794197e-10
1.6286264716095997e-10
1.4112912102993886e-10
1.4970541360383035e-10
1.7327194307888667e-10
2.0500773238435186e-10
2.4318035643948417e-10
2.880693099098487e-10
3.405298739719857e-10
4.0158115292328304e-10
4.723240542340524e-10
5.539193863024727e-10
6.475683553946594e-10
7.544868452991435e-10
8.758736522984614e-10
1.0128740590039752e-09
1.1665362982515991e-09
1.3377721079608008e-09
1.5273130310092398e-09
1.735678326851283e-09
1.9631637068085782e-09
2.209829511596902e-09
2.4755647829106855e-09
2.760138664034473e-09
3.06334210807316e-09
3.3851979796306717e-09
3.726140650974785e-09
4.087438947669311e-09
4.4714384249868416e-09
4.882050256183046e-09
5.325148391404646e-09
5.808915867761365e-09
6.344289093086848e-09
6.9450821901066445e-09
7.628274267842785e-09
8.41364820606714e-09
9.324059616206115e-09
1.0384154668026383e-08
1.1620424373987516e-08
1.305949640822432e-08
1.4727013946384298e-08
1.6646214422230665e-08
1.883558464156097e-08
2.1307327423631477e-08
2.406461521744021e-08
2.70994061161257e-08
3.038919281953916e-08
3.3894131835775235e-08
3.755275793637832e-08
4.127830784887434e-08
4.495274779846429e-08
4.842419038285725e-08
5.150014039432695e-08
5.395014371644152e-08
5.5510724916624993e-08
5.589927516742631e-08
5.485499103163349e-08
5.2176721745110986e-08
4.7801009961177074e-08

