7.053291803540494e-15
1.0647076242014088e-14
1.60656767398233e-14
2.4231072116681907e-14
3.6527717077064924e-14
5.503204259213909e-14
8.285399507236837e-14
1.2464427383169143e-13
1.873444690141555e-13
2.812939711973538e-13
4.218547128816825e-13
6.317840861512186e-13
9.446847810156087e-13
1.4099700889499149e-12
2.0999733588017e-12
3.11999376363156e-12
4.622304664298498e-12
6.825451799399679e-12
1.004005109985527e-11
1.4702710454876418e-11
2.1418576744997974e-11
3.101169930903311e-11
4.458083555984546e-11
6.354841516421209e-11
8.968968961077871e-11
1.251060097889492e-10
1.7209125919478062e-10
2.32843491633331e-10
3.0889703086384425e-10
4.002911576914379e-10
5.044197627348894e-10
6.147581836579117e-10
7.200886358036585e-10
8.046109811105247e-10
8.50430601682217e-10
8.422302814811814e-10
7.736381619640522e-10
6.526905397042735e-10
5.019941560029977e-10
3.5241530272424445e-10
2.3146203824314113e-10
1.5331444189706841e-10
1.1659284235848357e-10
1.1008537346496595e-10
1.2141235624370404e-10
1.423631344242127e-10
1.6943504163296255e-10
2.019755303820136e-10
2.404962587736582e-10
2.8588697360256593e-10
3.391948550239306e-10
4.015864813123084e-10
4.743430958935064e-10
5.588573153442669e-10
6.566255659533966e-10
7.692368925632648e-10
8.983593057241073e-10
1.045720325823656e-09
1.213094141251311e-09
1.4022842680938204e-09
1.6151199330522197e-09
1.8534738335663873e-09
2.1192789050954837e-09
2.414626099968576e-09
2.7418462722475177e-09
3.103694672800032e-09
3.5035959622139894e-09
3.945889537318593e-09
4.436293452885786e-09
4.982238764300565e-09
5.5934512897863005e-09
6.282409577249606e-09
7.064930000160213e-09
7.960586809513361e-09
8.993180039001077e-09
1.0191016562199332e-08
1.1586759796716694e-08
1.3217736198353836e-08
1.5124628484759184e-08
1.7351427912935715e-08
1.9943421078624186e-08
2.2945787231726662e-08
2.6401333675520498e-08
3.0347642082331854e-08
3.481403278934895e-08
3.9817596391681954e-08
4.5358784765356505e-08
5.14157906649244e-08
5.793807465257263e-08
6.483793378900223e-08
7.198143173591242e-08
7.91747332178363e-08
8.61557068493137e-08
9.257589661143988e-08
9.8000182238833e-08
1.0190949546705956e-07
1.0372250244076264e-07
1.0287115129696336e-07
9.887675666166419e-08
9.151032570339215e-08

