8.865535941295286e-15
1.3382874957875353e-14
2.019409592974201e-14
3.045823745692367e-14
4.5915763904515185e-14
6.91771140221698e-14
1.0415212463590748e-13
1.566878042138421e-13
2.3551153481847705e-13
3.536228940007482e-13
5.303366239256228e-13
7.942663935071087e-13
1.1876627289502351e-12
1.7726564977573373e-12
2.6401983958343236e-12
3.922690224112074e-12
5.8115978197872115e-12
8.581713456261206e-12
1.2623586216446667e-11
1.848615898586867e-11
2.6930234159980182e-11
3.8991737474079194e-11
5.605177586325631e-11
7.989800483878536e-11
1.1276095728356329e-10
1.57279928629187e-10
2.1633426265114586e-10
2.9267975793977483e-10
3.88233309378754e-10
5.03026465052283e-10
6.337583797447488e-10
7.721958112451774e-10
9.042029680566375e-10
1.0098873928758053e-09
1.0667378153247084e-09
1.0555060345672036e-09
9.682134823923605e-10
8.150053693377703e-10
6.243266976122719e-10
4.349595449448065e-10
2.814061812790533e-10
1.8137340225384514e-10
1.3300034949991192e-10
1.2208295869955731e-10
1.3296155047641873e-10
1.5521075018744815e-10
1.842981071215812e-10
2.1924128234285992e-10
2.6048692399849485e-10
3.089205746997303e-10
3.655853170073645e-10
4.316289072944036e-10
5.082923227991868e-10
5.968997452646437e-10
6.988433053507045e-10
8.155630818398503e-10
9.485236114214672e-10
1.0991837359752088e-09
1.268972090745841e-09
1.4592576769763486e-09
1.671333306698335e-09
1.9064201762094383e-09
2.1656706645726074e-09
2.4502514039212686e-09
2.7614096764274228e-09
3.100638695336986e-09
3.4699061314412017e-09
3.87186774394845e-09
4.310313397976212e-09
4.790455167869667e-09
5.3194683891255966e-09
5.906911765914137e-09
6.565211842791677e-09
7.310072826188627e-09
8.160801698837529e-09
9.140575109621453e-09
1.0276185986447753e-08
1.1598337191899657e-08
1.314030507595471e-08
1.493794549182108e-08
1.7027766832373044e-08
1.9445656043740047e-08
2.2224937513083817e-08
2.5393762878316977e-08
2.897269414605177e-08
3.2971298701373264e-08
3.738471996418326e-08
4.218914190419258e-08
4.7336985230709925e-08
5.2750431896000565e-08
5.831494920868216e-08
6.386935016898972e-08
6.92003683737048e-08
7.40302238271815e-08
7.80181607156097e-08
8.07647433362524e-08
8.183037498446446e-08
8.07951005954742e-08
7.731668623532145e-08
7.125195869801633e-08

