5.3175405418964365e-15
8.026795761656164e-15
1.2111649273377523e-14
1.8267067933932437e-14
2.7536596240951047e-14
4.148532176525759e-14
6.245727339399467e-14
9.395768751857159e-14
1.4121831852523345e-13
2.1203160021438202e-13
3.1797502753372765e-13
4.761993421049111e-13
7.120282623688932e-13
1.0627002910791488e-12
1.5827264497782256e-12
2.3514611589457095e-12
3.48366017936711e-12
5.144026702443816e-12
7.566659466918516e-12
1.108063004522739e-11
1.6142073564151644e-11
2.3372193792671146e-11
3.35994076702664e-11
4.7896401615734534e-11
6.760234939665675e-11
9.430316661278968e-11
1.2973143177747957e-10
1.7554982177895205e-10
2.3292406473801316e-10
3.018972490228523e-10
3.805232337996227e-10
4.6390633243927564e-10
5.43614528866728e-10
6.077577905337438e-10
6.428557952988525e-10
6.37353518176547e-10
5.864215029093493e-10
4.960851169096469e-10
3.8336894247351547e-10
2.715615019390681e-10
1.814651638393462e-10
1.2386557116566e-10
9.782265848910912e-11
9.497044306937791e-11
1.0605381007126077e-10
1.2496810117152833e-10
1.491811800840529e-10
1.783392896038842e-10
2.129984206975132e-10
2.540345338447186e-10
3.0248222436643017e-10
3.5951239416097437e-10
4.2643593375703004e-10
5.047094032340892e-10
5.959380599152913e-10
7.018770693904762e-10
8.244319626580407e-10
9.656551705440842e-10
1.1277505621185266e-09
1.313075196104896e-09
1.524156157402471e-09
1.7637294696242342e-09
2.034781034592281e-09
2.340667571268828e-09
2.6852268506912005e-09
3.0729933561212478e-09
3.509473221021798e-09
4.001442997669697e-09
4.557446311530965e-09
5.188208672982987e-09
5.907286298910971e-09
6.731605814129942e-09
7.68219544747818e-09
8.784669756235567e-09
1.0069901017345708e-08
1.1574372951246601e-08
1.3340211096651361e-08
1.5415539502107647e-08
1.7853293862785843e-08
2.071112296281343e-08
2.40493356860659e-08
2.7929334535186434e-08
3.2410961337934093e-08
3.754927612084749e-08
4.3390671510342697e-08
4.996802356698424e-08
5.7294783216699554e-08
6.535759424655944e-08
7.410704420162061e-08
8.34458562649475e-08
9.321520869894236e-08
1.0317434554821594e-07
1.1298635571524101e-07
1.221896312991749e-07
1.3019284004861083e-07
1.362732459535854e-07
1.3960225038660893e-07
1.3934629802845817e-07
1.3477395965324957e-07
1.2548413166559567e-07

