4.390438036130119e-15
6.6272732157925444e-15
9.999799668885617e-15
1.508175749891862e-14
2.2734647541119344e-14
3.42505128149819e-14
5.156441569864452e-14
7.756998718299175e-14
1.165860693253761e-13
1.750452783881977e-13
2.6250467363328615e-13
3.9312182018378737e-13
5.878007531654619e-13
8.772807224992025e-13
1.306558921885959e-12
1.9411403509568724e-12
2.875753973687012e-12
4.246362091825849e-12
6.246218590923097e-12
9.146990825137001e-12
1.3325266031317334e-11
1.9293953624352856e-11
2.7737126204432458e-11
3.954069785764372e-11
5.581090523027386e-11
7.785822503689392e-11
1.071150746031074e-10
1.4495743987197698e-10
1.923528321378346e-10
2.4934416913629637e-10
3.1433450125671847e-10
3.832936839352757e-10
4.492721835797019e-10
5.024627773163048e-10
5.317384882635978e-10
5.275521288021709e-10
4.859002306472056e-10
4.1173936618341285e-10
3.191180193785121e-10
2.2727893390358011e-10
1.5343786861494527e-10
1.065563923581769e-10
8.591535527004096e-11
8.465562447422111e-11
9.517937146882041e-11
1.1249579089893425e-10
1.345791668806024e-10
1.6122184747416996e-10
1.929886465483196e-10
2.307323856006758e-10
2.754648037627427e-10
3.283433722702648e-10
3.9068053014502035e-10
4.6395560019017266e-10
5.498254014829806e-10
6.501345779578428e-10
7.66926658633031e-10
9.024530601710823e-10
1.059191305936667e-09
1.2398625089103549e-09
1.447465282078763e-09
1.6853327040814845e-09
1.9571948758132764e-09
2.2673199823497805e-09
2.6206511129996557e-09
3.0230496025893323e-09
3.4815990463218874e-09
4.004951548869558e-09
4.6038578606355066e-09
5.2916546333234386e-09
6.084975222470816e-09
7.0043731678838385e-09
8.075173208619409e-09
9.328044165821119e-09
1.0799836052454566e-08
1.2534035788529195e-08
1.4580969681735593e-08
1.6998241557808083e-08
1.9849698634512773e-08
2.3205338979206563e-08
2.7139295163808463e-08
3.172818398448385e-08
3.7048214799339914e-08
4.3171701919790455e-08
5.016255502444294e-08
5.80707150897343e-08
6.692500945041262e-08
7.672423666975618e-08
8.742543184572933e-08
9.892891800940268e-08
1.1106022146720832e-07
1.235431602596961e-07
1.359795820870387e-07
1.4781024516389488e-07
1.583041132228831e-07
1.6655105285020426e-07
1.7148951132284815e-07
1.720294167655419e-07
1.671880985145498e-07
1.5638235496032942e-07

