3.5170060522263527e-15
5.30879346518206e-15
8.010280320409842e-15
1.2081020398847911e-14
1.8211048570638013e-14
2.743523674790024e-14
4.1303468528215215e-14
6.213336281013007e-14
9.338400612993777e-14
1.4020741857412508e-13
2.1025799343631728e-13
3.1487467677479524e-13
4.707996908539609e-13
7.026523970975162e-13
1.0464716873475238e-12
1.5547220487540027e-12
2.3032755456671004e-12
3.40103256704736e-12
5.002787775566817e-12
7.326155711872054e-12
1.0672816446271854e-11
1.545369517505164e-11
2.221691579558033e-11
3.167245377516162e-11
4.47070650405273e-11
6.237159672673695e-11
8.581534146371232e-11
1.1614350733746962e-10
1.5413563385021762e-10
1.9983247849067193e-10
2.519630882388068e-10
3.0730871009292034e-10
3.603116359900656e-10
4.031219088841288e-10
4.268258378458377e-10
4.2376651455892435e-10
3.907206224030543e-10
3.3164238948955915e-10
2.577809226767053e-10
1.8456812831355315e-10
1.258353512309655e-10
8.881471494839921e-11
7.298167019431647e-11
7.288372212702597e-11
8.247255277646039e-11
9.779491338942578e-11
1.1728880075576269e-10
1.4086858170085057e-10
1.6908949880169535e-10
2.0276264768542276e-10
2.42856535358383e-10
2.904929343804598e-10
3.4696204561179666e-10
4.1374136325486645e-10
4.925149903816917e-10
5.851947391157471e-10
6.939440271131498e-10
8.212024774177927e-10
9.69721591868477e-10
1.1426030265102549e-09
1.343355574026534e-09
1.5759771630501188e-09
1.8450483277417078e-09
2.1559023679363e-09
2.514801892555178e-09
2.9292230947492503e-09
3.4082054590275774e-09
3.962767361432037e-09
4.606491883141188e-09
5.356120537089075e-09
6.232360410980124e-09
7.2606416260518106e-09
8.472139408304337e-09
9.904508372415803e-09
1.160295743779115e-08
1.3620900475749152e-08
1.6020433874658407e-08
1.8872951753004614e-08
2.2258393277688568e-08
2.626524173933705e-08
3.098865398141901e-08
3.652878767175364e-08
4.2987700752635914e-08
5.046557895193878e-08
5.905547537912575e-08
6.8836806848905e-08
7.986651536166478e-08
9.216794556404324e-08
1.0571541838326867e-07
1.2041445518301967e-07
1.3607675618405276e-07
1.5238288108325202e-07
1.6885181227217804e-07
1.847844286294442e-07
1.9924219026710065e-07
2.110289973009096e-07
2.1872008691377693e-07
2.208165462350262e-07
2.1592568111461706e-07
2.0315257947968233e-07

