3.0375757830108718e-15
4.585086702494233e-15
6.918262835656773e-15
1.0433992008882579e-14
1.5728210423334887e-14
2.3694661293894486e-14
3.567185846156147e-14
5.3661339210106205e-14
8.065042069795932e-14
1.2108844846136006e-13
1.8158583582174493e-13
2.7193501358136003e-13
4.0659476509749607e-13
6.068267608847657e-13
9.037549907121555e-13
1.342689462079478e-12
1.989156753575472e-12
2.9372102145191667e-12
4.3205442481557565e-12
6.3271170499977104e-12
9.21750856764339e-12
1.3346683097558246e-11
1.918815857395551e-11
2.7355343174007545e-11
3.861449779305718e-11
5.387387955620867e-11
7.4127188167723e-11
1.0033063899028403e-10
1.331599529123926e-10
1.7265367268225244e-10
2.1771826705105264e-10
2.655783159190626e-10
3.1143766965178434e-10
3.485182663967677e-10
3.6911944892370753e-10
3.666213142314992e-10
3.382298279179539e-10
2.873512847393569e-10
2.2370021928099754e-10
1.606167125012323e-10
1.1007109838108356e-10
7.834006401848852e-11
6.499846343730413e-11
6.535875845728231e-11
7.421645902467504e-11
8.81808687626632e-11
1.0593636755079885e-10
1.2745454237266956e-10
1.5327391884442896e-10
1.841695075243713e-10
2.2107117172439704e-10
2.6506448864013447e-10
3.174093286452655e-10
3.795628927004768e-10
4.532044137428514e-10
5.402631373957303e-10
6.429506387850069e-10
7.6379596954402e-10
9.056934402956326e-10
1.0719557481855706e-09
1.2663878902989269e-09
1.4933880301262741e-09
1.7580648285635254e-09
2.066430711902623e-09
2.4256104112921267e-09
2.844158608709685e-09
3.332448433288199e-09
3.9031430855271744e-09
4.57183140949294e-09
5.357708215781668e-09
6.284464422169185e-09
7.3811602119033505e-09
8.683387138902585e-09
1.0234153423979559e-08
1.2085156151993091e-08
1.4297621887491592e-08
1.6943029994385013e-08
2.0103918346612846e-08
2.3873404599569927e-08
2.8355328944845983e-08
3.366257482263285e-08
3.991546465568428e-08
4.723859750418163e-08
5.5756941608184657e-08
6.559008947945045e-08
7.684508707359733e-08
8.960631075101576e-08
1.0392258414634275e-07
1.1978870370501752e-07
1.3712154528240962e-07
1.557289857355843e-07
1.752633848822445e-07
1.951817400273432e-07
2.1467334387097802e-07
2.3262786735583317e-07
2.47606161126072e-07
2.578685019080362e-07
2.6155438238114034e-07
2.569009970647331e-07
2.4272108048199493e-07

