7.664279050941399e-12
1.157052607197369e-11
1.746096370523769e-11
2.633851726183023e-11
3.9709429555204536e-11
5.983315304224526e-11
9.009429285143251e-11
1.3555507995986256e-10
2.0377250146533185e-10
3.0600419103520494e-10
4.5897856399465665e-10
6.874801239430615e-10
1.0281080000272933e-09
1.5346848746760393e-09
2.286000281927553e-09
3.3967484819343016e-09
5.032773611355095e-09
7.4320587237803694e-09
1.0932755590564115e-08
1.600999561116529e-08
2.33219689068743e-08
3.376430235504865e-08
4.853003010019485e-08
6.916156879103111e-08
9.758040224090842e-08
1.3605496156685547e-07
1.8705120313034825e-07
2.529140651465914e-07
3.3524512356522607e-07
4.339965151879338e-07
5.46223826655067e-07
6.647163269836613e-07
7.771788160022918e-07
8.663843402824415e-07
9.128939328675708e-07
9.001082123085711e-07
8.21112974125417e-07
6.8446716243432e-07
5.143173347735604e-07
3.4355051933644906e-07
2.013780326147698e-07
1.0276379971778025e-07
4.605116341044388e-08
1.9079110860379444e-08
8.288515721110086e-09
4.356332873722966e-09
2.7734412492620605e-09
1.9335092126395952e-09
1.38164511948067e-09
9.882525229354663e-10
7.007682417662953e-10
4.89789093718799e-10
3.360403070565357e-10
2.2580408330255353e-10
1.4844738172489892e-10
9.550384037565545e-11
6.020733797341334e-11
3.7273926305501765e-11
2.2731892023611876e-11
1.3705441667205354e-11
8.201214012076153e-12
4.887814373552097e-12
2.909589988200195e-12
1.7320301128793414e-12
1.0308049626922218e-12
6.120913414840824e-13
3.614573948738821e-13
2.1140766256611939e-13
1.2190953294035117e-13
6.898881279511275e-14
3.8132092792607344e-14
2.0485968037413224e-14
1.0642869179249058e-14
5.316555860279683e-15
2.5373700395712297e-15
1.1483260321715217e-15
4.883569163535416e-16
1.9309885889472817e-16
7.006581289219175e-17
2.2968765498660195e-17
6.675357314148542e-18
1.6825516406474837e-18
3.5843385268981537e-19
6.238646470569279e-20
8.5822684980262e-21
9.036359175470934e-22
6.766008692167637e-23
3.37186235814428e-24
1.2065140262197263e-25
2.5185315681525577e-27
1.728450032056627e-29
1.377326008038139e-31
1.2167770697595893e-32
7.871846003624979e-33
9.350411054800556e-33
1.1454975321289906e-32
1.281628061469017e-32
1.4628201945789594e-32
1.691389702150893e-32
1.9406199285426875e-32

