1.4843829664864413e-11
2.2409335073628698e-11
3.381780874635765e-11
5.101174364751003e-11
7.690849592974292e-11
1.158843123705641e-10
1.7449477638337622e-10
2.625449582901344e-10
3.9467224867585784e-10
5.926823053776114e-10
8.889781125610689e-10
1.331568344505644e-09
1.991348847901635e-09
2.9725819512533266e-09
4.427899175154865e-09
6.579494761582434e-09
9.748667108081639e-09
1.4396493612784868e-08
2.1178154687373482e-08
3.10142829834289e-08
4.5180286643512056e-08
6.541177051422686e-08
9.402081300394208e-08
1.3399674190446672e-07
1.8906366796583846e-07
2.6361808354333395e-07
3.6243870442491584e-07
4.900679212796291e-07
6.496029536160413e-07
8.409356173991759e-07
1.0583292230276327e-06
1.2877564842546275e-06
1.5053124342943935e-06
1.6775154681968011e-06
1.7666087005269588e-06
1.7404016614064105e-06
1.5855920353851517e-06
1.3190314632838933e-06
9.878844447703451e-07
6.562473967415926e-07
3.809090389259381e-07
1.9075958419004245e-07
8.226932307603825e-08
3.1495219982544e-08
1.1900137853008951e-08
5.321452196581626e-09
3.039816333094074e-09
2.00167734442891e-09
1.3794372797456817e-09
9.597947187967899e-10
6.654448933716108e-10
4.562030427910376e-10
3.0741305524251533e-10
2.028132810023471e-10
1.3067131519619738e-10
8.213476399391527e-11
5.0374059563563076e-11
3.01796472604108e-11
1.7702325079176263e-11
1.019743914993929e-11
5.7918124919057675e-12
3.2577168390554778e-12
1.8227393293002406e-12
1.0181882452803767e-12
5.691173862289386e-13
3.1836913354881084e-13
1.778887218164269e-13
9.891438175481945e-14
5.4459456052928136e-14
2.952376724284747e-14
1.566804440016676e-14
8.091731356960485e-15
4.0425270877900965e-15
1.941408095781298e-15
8.901693769946876e-16
3.8672454933501246e-16
1.5775967510855614e-16
5.980546301933794e-17
2.0803694090448206e-17
6.540781729604796e-18
1.824871468169815e-18
4.422863973128228e-19
9.079870991504655e-20
1.5256406001641906e-20
2.0318044279154397e-21
2.0833672787143324e-22
1.5161306387567814e-23
7.301670033833744e-25
2.622215507496043e-26
5.467026322421808e-28
3.235860548856828e-30
3.8757693631767895e-32
1.419402646313228e-32
1.6010057492506243e-32
1.8310866691932224e-32
2.0878970858320518e-32
2.4036952523828235e-32
2.7615440288643154e-32
3.1683163644989656e-32
3.6379820414737024e-32

