3.944604932366015e-12
5.955022786402489e-12
8.986619935885489e-12
1.3555546030836733e-11
2.0436970173532817e-11
3.079367429180706e-11
4.63674481566734e-11
6.976337324988607e-11
1.0487027477462395e-10
1.5748118441633858e-10
2.362040788195109e-10
3.537919542350755e-10
5.290763821371123e-10
7.897498978762776e-10
1.1763488960218172e-09
1.747879190052552e-09
2.589656089835491e-09
3.824097131554343e-09
5.6251333439130775e-09
8.237132634945033e-09
1.1998583928660278e-08
1.7370042947790825e-08
2.4964947189865822e-08
3.557632344596612e-08
5.019205226595659e-08
6.997841780741821e-08
9.620351035007016e-08
1.3007391718774816e-07
1.7241579275229238e-07
2.2321061181627328e-07
2.80956297671811e-07
3.4196574574040416e-07
3.9994669520547183e-07
4.4607832715779065e-07
4.7039823734867337e-07
4.643804554831834e-07
4.2443480397296515e-07
3.548640345174195e-07
2.6794587217870603e-07
1.804519902517461e-07
1.073303678170814e-07
5.630709829780636e-08
2.664271171915288e-08
1.2218822601769976e-08
6.162767237004598e-09
3.720351490303492e-09
2.5728625340922677e-09
1.877593897257896e-09
1.384806334988239e-09
1.016241902621679e-09
7.370340636553261e-10
5.262152878524384e-10
3.6896602970091436e-10
2.5386596939347086e-10
1.714442215507326e-10
1.1379592991786717e-10
7.439949140790435e-11
4.804748202571137e-11
3.074940760493061e-11
1.956358097916043e-11
1.2408710063346022e-11
7.860497840984013e-12
4.9767998517912025e-12
3.146957184694031e-12
1.9838028650598434e-12
1.2432481830211083e-12
7.720390262776087e-13
4.733534413553178e-13
2.8549231667937185e-13
1.6874282933196308e-13
9.736029979844149e-14
5.460321917977959e-14
2.962829394062468e-14
1.546896486114838e-14
7.72141139616936e-15
3.656579621008541e-15
1.6274736410757518e-15
6.732897972121335e-16
2.553995258239886e-16
8.741313405480556e-17
2.6478964755424267e-17
6.94001391441005e-18
1.533039928626115e-18
2.762361524536899e-19
3.921969184688199e-20
4.228337269796027e-21
3.258154606113396e-22
1.6896703499577768e-23
5.926354613435147e-25
1.22432692999549e-26
1.0780116399260402e-28
7.037610887851773e-31
1.3095118739119466e-32
3.8995477346338424e-33
4.7976493491938804e-33
6.362484687864139e-33
6.88715610165442e-33
7.803589778348839e-33
9.101669175526514e-33
1.0433748172328255e-32

