1.9463224882747536e-12
2.9382689519045235e-12
4.43405282887593e-12
6.68832466851727e-12
1.0083518097891351e-11
1.519328333503816e-11
2.2876895696463985e-11
3.4419475842060903e-11
5.173936101740021e-11
7.769410343988681e-11
1.165295909285787e-10
1.7453590045189061e-10
2.6100063074633466e-10
3.895805878621379e-10
5.802650579428297e-10
8.621483771441285e-10
1.2772933003942538e-09
1.88604837532204e-09
2.7741466463116266e-09
4.062024932557168e-09
5.916484841869505e-09
8.564449225724654e-09
1.230812766868446e-08
1.753816226548582e-08
2.474115158021078e-08
3.44916023222744e-08
4.7414380123333945e-08
6.410463354520714e-08
8.497149780837659e-08
1.1001063661173361e-07
1.3849129142923544e-07
1.6861281434779394e-07
1.972980843765938e-07
2.2022980267637585e-07
2.3252528933905047e-07
2.2999218951338276e-07
2.108373415021446e-07
1.7710909161248125e-07
1.3475435131674283e-07
9.193110540920523e-08
5.594548460469345e-08
3.0618351497892464e-08
1.5661768201048885e-08
8.15505492767945e-09
4.786926361426266e-09
3.2479889883335193e-09
2.4017389222628996e-09
1.8258188316037551e-09
1.3895451694953084e-09
1.0483502730901042e-09
7.807501718009987e-10
5.727572674501681e-10
4.135477359837244e-10
2.940254549582326e-10
2.061141448181908e-10
1.427578928364122e-10
9.793788608992092e-11
6.673101080958247e-11
4.5269146684169267e-11
3.0634998989376654e-11
2.0704109029791873e-11
1.397487684953613e-11
9.413345791486834e-12
6.316769779443912e-12
4.213512722983282e-12
2.7865256747547347e-12
1.822039444124909e-12
1.17460061740942e-12
7.443413353419814e-13
4.622010466356962e-13
2.802592023306853e-13
1.6527726523220903e-13
9.435983243952702e-14
5.1860311342983784e-14
2.725567829610723e-14
1.3587753747642687e-14
6.362596479750321e-15
2.76630789018515e-15
1.1010644901198701e-15
3.9464456278947464e-16
1.2490925839508436e-16
3.4111718395034305e-17
7.826823487644266e-18
1.4623193157157218e-18
2.1457717628183268e-19
2.3706553200072978e-20
1.8826343809823704e-21
1.0187419560586196e-22
3.492556556997527e-24
7.128296950554037e-26
8.253767057381073e-28
4.513004818169542e-30
1.7556810041145748e-32
1.9399580496928497e-33
2.41472644016296e-33
3.4438195822874245e-33
3.610838662877609e-33
4.063583964641552e-33
4.77806088515203e-33
5.472888387875253e-33

