8.391870760428263e-11
1.2669029687476495e-10
1.911884420867244e-10
2.883954394015591e-10
4.348053573425241e-10
6.551608044910112e-10
9.865265380963106e-10
1.4843405555963908e-09
2.231364394558627e-09
3.350892439272147e-09
5.026143338395144e-09
7.528583736922804e-09
1.1259109279067169e-08
1.6807314889293258e-08
2.5036354877502602e-08
3.720283010773766e-08
5.5123912756327573e-08
8.140748010874544e-08
1.1975951141891855e-07
1.7538787599591154e-07
2.5550792114557576e-07
3.699392669020652e-07
5.317641727458266e-07
7.578981735864051e-07
1.0694157361746247e-06
1.4911961115795554e-06
2.050277170448894e-06
2.7723461487666684e-06
3.6748780668590867e-06
4.7571419638777426e-06
5.986440388187919e-06
7.282985663183098e-06
8.510906776977727e-06
9.479993830548014e-06
9.975944302968514e-06
9.816473416071492e-06
8.927147829066569e-06
7.40551163800761e-06
5.521462054253806e-06
3.6405717253320273e-06
2.085474864768062e-06
1.018516218559054e-06
4.169076448490757e-07
1.4196634486065776e-07
4.1448267977208495e-08
1.1928619442560032e-08
4.416879848697438e-09
2.2692976911457538e-09
1.3612133696913545e-09
8.564923562782959e-10
5.489184733122699e-10
3.5420694918568295e-10
2.2770991459940663e-10
1.4449256505657433e-10
8.981216939538687e-11
5.4394445227655775e-11
3.199058359916923e-11
1.823353392778075e-11
1.0064058853633978e-11
5.3798275034266424e-12
2.788039462181308e-12
1.4036618675582793e-12
6.88633273512276e-13
3.3070019343453354e-13
1.5631427267980673e-13
7.319861377522772e-14
3.416514855325665e-14
1.5972224856296968e-14
7.48958715231715e-15
3.516131960602234e-15
1.6432026109729797e-15
7.582968253252656e-16
3.422950275619176e-16
1.4965213066073992e-16
6.273712658033768e-17
2.496343641848765e-17
9.32704687780597e-18
3.234591709092253e-18
1.027439199761108e-18
2.9448586083995543e-19
7.486117011809299e-20
1.6514011199997263e-20
3.0840372416652605e-21
4.757028852911075e-22
5.82945748272361e-23
5.360192152757617e-24
3.68847678978305e-25
1.8370263872204614e-26
4.853322911181308e-28
8.122025352193291e-30
2.736887874285747e-31
6.585198638254664e-32
6.641477732654904e-32
8.833495664530984e-32
9.984579059465119e-32
1.115147647518448e-31
1.2941475619727279e-31
1.4896098285756358e-31
1.7052216975655788e-31
1.95843228948845e-31

