9.51024536586923e-13
1.4356986927443823e-12
2.166539995390481e-12
3.2679577068368162e-12
4.926782848005495e-12
7.423250625899465e-12
1.117710841610678e-11
1.6816092066408198e-11
2.527718539974251e-11
3.795602361939042e-11
5.6926148564818946e-11
8.52591434871752e-11
1.2748990002247616e-10
1.9028593580330429e-10
2.8340518862200156e-10
4.2104831690925414e-10
6.237425562492458e-10
9.209338484802849e-10
1.3544462789537193e-09
1.9830222213163215e-09
2.8880013567021134e-09
4.180018352809683e-09
6.0063845212225655e-09
8.55748870328535e-09
1.2070470428478266e-08
1.6825342249260607e-08
2.3126828357482788e-08
3.126561371771489e-08
4.144275832545427e-08
5.365972403059877e-08
6.756709784380904e-08
8.229865117675997e-08
9.637090366638287e-08
1.0769980602201927e-07
1.1392377830519452e-07
1.1300589038979229e-07
1.040564236727784e-07
8.802553228680822e-08
6.774200914020741e-08
4.710816597765421e-08
2.964130855466212e-08
1.7206284511429887e-08
9.709700876628827e-09
5.787542074183569e-09
3.877347504217538e-09
2.8787498266232226e-09
2.246190155247741e-09
1.7730770778982022e-09
1.3937877168638568e-09
1.0847512969421532e-09
8.340062875484234e-10
6.330565159133942e-10
4.745907678782739e-10
3.518611082584461e-10
2.5844701379274004e-10
1.8847266442946021e-10
1.3674033034100834e-10
9.888114638584929e-11
7.135416911669934e-11
5.141187873811978e-11
3.697874796089316e-11
2.652786233609885e-11
1.895464824636743e-11
1.3465531761757604e-11
9.492418430893425e-12
6.626217472601066e-12
4.5701526117007405e-12
3.1071132539773913e-12
2.0769131472070256e-12
1.3609605630626557e-12
8.712908606687031e-13
5.42742184712832e-13
3.2738058413918527e-13
1.9009400719468213e-13
1.055092360168562e-13
5.550662574346303e-14
2.7396051197498976e-14
1.2535254925258302e-14
5.240583977472133e-15
1.9684624503934523e-15
6.513246514624492e-16
1.8541294008078843e-16
4.420787853926349e-17
8.564230316942378e-18
1.2988881347483709e-18
1.473167422793255e-19
1.204607348009523e-20
6.7631543527339635e-22
2.298598370936328e-23
4.681605851107997e-25
6.575605757299776e-27
3.208963386100443e-29
4.232667647859003e-32
1.2769956693768585e-33
1.3069310232046199e-33
1.7929092332640522e-33
1.90975475995982e-33
2.156391292286019e-33
2.5254843605660487e-33
2.8939021042724904e-33

