4.652031468623816e-11
7.023067637721434e-11
1.0598507681864956e-10
1.5987148158087423e-10
2.4103324933871893e-10
3.631862138358847e-10
5.468768095877271e-10
8.228363568970502e-10
1.2369424214707332e-09
1.8575409831849462e-09
2.786195364893184e-09
4.173386296745706e-09
6.241338589186861e-09
9.316874229337242e-09
1.387844898491752e-08
2.0622602668599886e-08
3.055658993047084e-08
4.5125931370470285e-08
6.638478253316719e-08
9.721971893842202e-08
1.4162992936792113e-07
2.0505794309939393e-07
2.9475446227736147e-07
4.2009457158530576e-07
5.927582088003749e-07
8.26534014927381e-07
1.1364075371558631e-06
1.536617497395043e-06
2.03685572245984e-06
2.6367327633575877e-06
3.3181580317678504e-06
4.036965907621082e-06
4.717933218368703e-06
5.255740525970533e-06
5.531701788130726e-06
5.444805280794838e-06
4.95368113069765e-06
4.1120918377266364e-06
3.0692121820464468e-06
2.0272662990468277e-06
1.1649022940652767e-06
5.722652683471503e-07
2.3712255445353508e-07
8.305494549369821e-08
2.5965638506850033e-08
8.612895712080722e-09
3.785308181774395e-09
2.161686539043592e-09
1.3722339835691306e-09
8.991908756045073e-10
5.950101754510511e-10
3.933828592764307e-10
2.574480443934519e-10
1.6556335550203546e-10
1.0403810858603409e-10
6.365263291219941e-11
3.783884618675161e-11
2.183569477519132e-11
1.2235279063189999e-11
6.664556553771135e-12
3.5365516209622205e-12
1.834327012603157e-12
9.339437937957885e-13
4.69307933507014e-13
2.340677289147988e-13
1.1649987078071276e-13
5.80630733610911e-14
2.9013397974748097e-14
1.4499291778625946e-14
7.211964557934871e-15
3.54516014303435e-15
1.7086322426843348e-15
8.00682052029879e-16
3.617605887615758e-16
1.562440896179724e-16
6.393311592391401e-17
2.4542747507691836e-17
8.743531645446986e-18
2.854194944622208e-18
8.412281195876165e-19
2.1998780376833593e-19
4.997282367281863e-20
9.621064741793537e-21
1.524645206144172e-21
1.919805805323407e-22
1.8400881635635202e-23
1.2871418931353725e-24
6.239330392404457e-26
1.9052702001156073e-27
3.5207983493795027e-29
4.844942000170611e-31
3.8723059389416275e-32
3.532913567237094e-32
5.046836546327576e-32
5.654891515693866e-32
6.222231263670897e-32
7.262360882381797e-32
8.370532684181692e-32
9.566780089992561e-32
1.098910033001884e-31

