1.4123998597091155e-10
2.132271299223378e-10
3.217814496469717e-10
4.853869082569338e-10
7.318042061773265e-10
1.1026770037122863e-09
1.6603881884275734e-09
2.4982444711738984e-09
3.755540710740931e-09
5.639792719372698e-09
8.459375479287181e-09
1.2671195905465147e-08
1.895000671243982e-08
2.828816821615925e-08
4.213848355484463e-08
6.261599342875013e-08
9.277928534620929e-08
1.3701786769997576e-07
2.015696071900084e-07
2.952004342887607e-07
4.3005543187026534e-07
6.226634826574296e-07
8.950456004667486e-07
1.2756755866562484e-06
1.8000282464949956e-06
2.509983011188336e-06
3.4510518760032045e-06
4.666469940117306e-06
6.185639778350582e-06
8.007300157618534e-06
1.0076349891080976e-05
1.2258373925693918e-05
1.432450179887771e-05
1.5954355102240178e-05
1.6787028299224418e-05
1.651565318830213e-05
1.5015173334296319e-05
1.2450385428692076e-05
9.276427640960026e-06
6.109435958885092e-06
3.492817103855986e-06
1.699490320852016e-06
6.902834799239666e-07
2.3085765549160086e-07
6.43800178173238e-08
1.6609662477609122e-08
5.212254497591587e-09
2.378452978100819e-09
1.341832285422794e-09
8.086811472085935e-10
5.003947710872179e-10
3.1418714354998617e-10
1.9800433835592682e-10
1.2388760539974556e-10
7.622196593048919e-11
4.57834710096419e-11
2.6717599741288193e-11
1.510064128322096e-11
8.252602090488116e-12
4.357642548062134e-12
2.2234223534170346e-12
1.0973069897075815e-12
5.247690744219565e-13
2.4396297592820404e-13
1.1074333072895203e-13
4.937775190688066e-14
2.1775814628899795e-14
9.565810972246883e-15
4.207995097664803e-15
1.8577916451510423e-15
8.212574854821254e-16
3.611698670302024e-16
1.5653846166048304e-16
6.613390979854325e-17
2.6923034747940884e-17
1.0439012056670174e-17
3.809161525347143e-18
1.2917717158999723e-18
4.014379992677621e-19
1.1257414442089296e-19
2.7997466061517575e-20
6.037371971671214e-21
1.1009578981735275e-21
1.6623217121652683e-22
1.9928712567191052e-23
1.7707865269364835e-24
1.201446985291422e-25
6.111586843556043e-27
1.432444897757625e-28
2.28369504741219e-30
1.9267133594582042e-31
1.087895410412397e-31
1.1799632956354216e-31
1.4477396542551222e-31
1.6509899978757606e-31
1.8727821904485713e-31
2.1604047681674585e-31
2.4832055424292934e-31
2.8473839661523e-31
3.269656289372782e-31

