5.969761180431314e-13
9.012050855842767e-13
1.359945248223656e-12
2.051278913766719e-12
3.092461941139479e-12
4.659364362207246e-12
7.015399891505671e-12
1.0554486695972776e-11
1.5864569956191874e-11
2.3821337033562085e-11
3.5725732100011966e-11
5.350471526581878e-11
8.000299299489634e-11
1.1940262096675249e-10
1.7782334742429502e-10
2.6417005407519643e-10
3.9131303929707253e-10
5.777116437103069e-10
8.495805492643133e-10
1.2437320270606426e-09
1.8111301154844883e-09
2.6210814192251294e-09
3.765852962555808e-09
5.364678280355038e-09
7.566062591330356e-09
1.0545381482874422e-08
1.4493586711104573e-08
1.9593093155445023e-08
2.597076645804615e-08
3.362953181322195e-08
4.23543060354091e-08
5.1608848866912037e-08
6.047299144557313e-08
6.765255200073775e-08
7.167857511622565e-08
7.127932416560218e-08
6.589000105871771e-08
5.6081019947358653e-08
4.358769389181118e-08
3.081439514028213e-08
1.9939173370035594e-08
1.212765524718952e-08
7.34290608015768e-09
4.759412986894957e-09
3.4250866623781197e-09
2.665056686184619e-09
2.1438311663643e-09
1.733539469466895e-09
1.393626047375598e-09
1.109508928498979e-09
8.737404037108646e-10
6.806786241772805e-10
5.2504739158206e-10
4.016202192814678e-10
3.05178020813157e-10
2.307818509059362e-10
1.739472825376877e-10
1.3082697680376428e-10
9.823006722609047e-11
7.362632542851511e-11
5.505230522409433e-11
4.102044414550681e-11
3.041635159611725e-11
2.2407984794217613e-11
1.6373579154222706e-11
1.184503966786861e-11
8.466795494091692e-12
5.966910374641049e-12
4.135565884067466e-12
2.81067624423005e-12
1.8666961311678733e-12
1.2064072982822599e-12
7.549507730313925e-13
4.546645074577726e-13
2.6161976891014257e-13
1.4258907532302546e-13
7.284455497276317e-14
3.446034570612816e-14
1.4875138193992408e-14
5.760194053540291e-15
1.9615462111797004e-15
5.736324183269827e-16
1.4023104001790808e-16
2.779996848258922e-17
4.306014624041151e-18
4.977122025167304e-19
4.141043931354677e-20
2.3627271837405594e-21
8.130540480509937e-23
1.6748537986471766e-24
2.3987901625257208e-26
1.1748602941233723e-28
1.3716160563737813e-31
1.6571378275191968e-33
9.614594523951645e-34
1.1209608296597931e-33
1.2744368164083304e-33
1.459926737455437e-33
1.6807490043130046e-33
1.929241999998845e-33
