4.354590775690263e-13
6.573698468818188e-13
9.919795364213124e-13
1.4962372125615645e-12
2.2556606022868253e-12
3.3985120899800404e-12
5.116892722729041e-12
7.698065085642533e-12
1.1570764270541338e-11
1.737351495382021e-11
2.6054867791968246e-11
3.9019719558580615e-11
5.834191024695296e-11
8.706996330126113e-11
1.2966445458379571e-10
1.9261529171773312e-10
2.8530127713813024e-10
4.2117229880451904e-10
6.193263090816486e-10
9.06577903625308e-10
1.3200444500404937e-09
1.9101949574910476e-09
2.7442091853648606e-09
3.908893042047392e-09
5.512360309459667e-09
7.682301569583292e-09
1.055781023817435e-08
1.4271921027824845e-08
1.8917575990635695e-08
2.4498116838767344e-08
3.085919280861858e-08
3.76141136896633e-08
4.409822381654824e-08
4.9375814865580095e-08
5.238341779592457e-08
5.219769327228452e-08
4.840339716397054e-08
4.14019821020268e-08
3.2436146282325875e-08
2.323338136727847e-08
1.5364425688844218e-08
9.675151414837968e-09
6.149663948999095e-09
4.202388484351842e-09
3.1549162910769837e-09
2.5243972550712024e-09
2.070725657684926e-09
1.7023672998972116e-09
1.390700263053003e-09
1.1256801924488767e-09
9.022775409633321e-10
7.164798853943226e-10
5.642634667497195e-10
4.414049975718822e-10
3.4353046157329017e-10
2.663924821943708e-10
2.060598075987927e-10
1.591070361331638e-10
1.2264563796069032e-10
9.434826366277131e-11
7.23742904091736e-11
5.529983526559445e-11
4.203228177414866e-11
3.1734108649678196e-11
2.376140535283488e-11
1.7615069131302973e-11
1.2904488730424225e-11
9.322316672408954e-12
6.6243481758873514e-12
4.616598590164186e-12
3.144342063604296e-12
2.0840038068220325e-12
1.3372998883608128e-12
8.25677803703538e-13
4.869066237705357e-13
2.7183273988944376e-13
1.4215905173610943e-13
6.878867647957836e-14
3.0344226062491216e-14
1.1995285097561313e-14
4.165039735204338e-15
1.240397684987214e-15
3.084001060131971e-16
6.209209406285493e-17
9.754663528609921e-18
1.142506835928323e-18
9.614404003335134e-20
5.535816065491637e-21
1.9289529838518721e-22
4.0157710137165285e-24
5.688676335323784e-26
2.842700819190456e-28
3.5172620871151935e-31
2.7379086863138485e-33
8.747947426703911e-34
8.791757372576983e-34
1.0335943201952554e-33
1.1846270754556568e-33
1.3368507638496165e-33
1.5308667792957686e-33

