1.3075186068335162e-13
1.9737144155329602e-13
2.9781567571664433e-13
4.4917067649637067e-13
6.770894428075344e-13
1.020039680825959e-12
1.5356224034861992e-12
2.309950909406781e-12
3.4715113418682584e-12
5.211599517215793e-12
7.814289226723261e-12
1.1700150979387666e-11
1.748972924875014e-11
2.6094758105580126e-11
3.8848537139653784e-11
5.768976106805401e-11
8.541824655788759e-11
1.260462555756445e-10
1.852666217295803e-10
2.710661128230788e-10
3.9449143118349824e-10
5.70551723466127e-10
8.192125989923441e-10
1.1662617404458267e-09
1.6438163353291289e-09
2.2898395703439785e-09
3.145793169725455e-09
4.251601497939331e-09
5.635842987577662e-09
7.301479479433024e-09
9.206223388385168e-09
1.1241031108437164e-08
1.3216663544970927e-08
1.4865299777536816e-08
1.5880556462024688e-08
1.599287372197243e-08
1.507420271401298e-08
1.3225019815456921e-08
1.0785198592491034e-08
8.234015923020049e-09
6.014034377111919e-09
4.368368031444863e-09
3.3034368832613127e-09
2.6639693032634037e-09
2.267571939609081e-09
1.9831761497409797e-09
1.7465003679012524e-09
1.5341170508339182e-09
1.3402386319007173e-09
1.1639546921845915e-09
1.005448036570744e-09
8.64640229250119e-10
7.409715144627628e-10
6.333520410009854e-10
5.403356368357916e-10
4.6027733990149926e-10
3.915018775911646e-10
3.324390354220158e-10
2.816715676050782e-10
2.3798447686251375e-10
2.0034908129990474e-10
1.679080443739421e-10
1.3994969372260574e-10
1.1587753711427765e-10
9.519123488142344e-11
7.746673212234854e-11
6.234052110297399e-11
4.950426220654645e-11
3.868940998916286e-11
2.966614970761601e-11
2.2233277536684377e-11
1.6210890611695958e-11
1.1436766215999465e-11
7.755074393716417e-12
5.014666008056919e-12
3.063415151923045e-12
1.748361298264146e-12
9.202991710802507e-13
4.399713164091231e-13
1.87701651694765e-13
7.0012338138715e-14
2.2291012946821384e-14
5.8960082904212096e-15
1.2558689263160356e-15
2.0770385181668213e-16
2.554110313394459e-17
2.238679508933599e-18
1.3290068978610673e-19
4.874814519046872e-21
1.0589657004592526e-22
1.3928758093205812e-24
7.678039673492546e-27
1.408109383532984e-29
3.659093455151638e-32
7.82456055686406e-34
3.5240392144086114e-34
4.993536623419368e-34
5.8199376690770074e-34
5.966065375260898e-34
6.773400543128396e-34

