2.605829154476669e-13
3.933683844483065e-13
5.935840065483462e-13
8.952993723542992e-13
1.3496721366506471e-12
2.033425079283174e-12
3.0614585129731567e-12
4.605576145760755e-12
6.922166905350468e-12
1.039303360288439e-11
1.558528559526444e-11
2.3338747557720422e-11
3.489292920709434e-11
5.206957094552225e-11
7.753370022278643e-11
1.1516194413564988e-10
1.705552168616394e-10
2.5174355150873256e-10
3.7012591426122e-10
5.417024617143144e-10
7.886144514051565e-10
1.1409592019798457e-09
1.6387893489311826e-09
2.3338498474112098e-09
3.2905853837861496e-09
4.5851299241141994e-09
6.300492585067986e-09
8.516259665661729e-09
1.1288531476936584e-08
1.462073811979195e-08
1.8423499288599685e-08
2.2470636378968056e-08
2.6372059374599764e-08
2.9577545137153046e-08
3.1460182568570386e-08
3.1472797725959194e-08
2.936376432687771e-08
2.5357360874104642e-08
2.0171442124765542e-08
1.4809732959143155e-08
1.0190826495453014e-08
6.81412740429591e-09
4.680601683682625e-09
3.4570438522757565e-09
2.7548008835261235e-09
2.2957197823761394e-09
1.9418784363385954e-09
1.6411884053009263e-09
1.3782575624648508e-09
1.1482955753198158e-09
9.492175588008481e-10
7.791331258083428e-10
6.357835875665421e-10
5.164609798946763e-10
4.1814770489105877e-10
3.3775946376899795e-10
2.723396741233642e-10
2.192382825545253e-10
1.761562637831825e-10
1.4119016955903396e-10
1.1278727659436106e-10
8.970485967666032e-11
7.095264493128054e-11
5.573937984490728e-11
4.3429876651208204e-11
3.350956846476803e-11
2.555717885979048e-11
1.9227101070023302e-11
1.4232009409365994e-11
1.0333842820914795e-11
7.333657884313858e-12
5.064221532740977e-12
3.385055877180828e-12
2.1761369569435224e-12
1.3353175868238251e-12
7.750507885087152e-13
4.2093596995364853e-13
2.112476165127587e-13
9.649568122694589e-14
3.943039718085844e-14
1.4124633091396717e-14
4.3307970838325535e-15
1.1062479477036298e-15
2.282808136504396e-16
3.667856185635269e-17
4.388284303202895e-18
3.7593760561795053e-19
2.1941127760038455e-20
7.81579130228721e-22
1.6572033165332532e-23
2.277969299665926e-25
1.186178502393914e-27
1.7206665841139647e-30
7.88661333499162e-33
7.908802068926659e-34
5.852116146851403e-34
7.401661142004632e-34
8.537662702207379e-34
9.285086966976326e-34
1.0599182027555023e-33

