3.9105712947264994e-14
5.902352732513969e-14
8.904916329097969e-14
1.3428489338306248e-13
2.0238873259744262e-13
3.0483993590618023e-13
4.588202250445716e-13
6.90004225033728e-13
1.0366799524946155e-12
1.5558190718158217e-12
2.331969500712437e-12
3.490214428039735e-12
5.21496612387544e-12
7.77693765719027e-12
1.157164157350905e-11
1.7173592313871573e-11
2.5411593809966756e-11
3.7472003118549387e-11
5.503611748582454e-11
8.045991568511199e-11
1.1699826099549311e-10
1.690689878550935e-10
2.4254392896380124e-10
3.450042701611341e-10
4.858950097461767e-10
6.763991470095094e-10
9.287863700976766e-10
1.2550024431566062e-09
1.6639184518259912e-09
2.157322854134703e-09
2.7244001118832956e-09
3.3356831161849153e-09
3.939160108868047e-09
4.4605906240666665e-09
4.814297557133275e-09
4.92375618825692e-09
4.750509462534031e-09
4.317978215041205e-09
3.7155170456699604e-09
3.071072572367803e-09
2.5043414529388715e-09
2.0815785621905806e-09
1.8059883854169596e-09
1.6366473276336646e-09
1.5253177201898293e-09
1.4373954103325066e-09
1.3563739804369758e-09
1.2768381957958468e-09
1.1982204344843025e-09
1.1212170740521925e-09
1.0467459369273068e-09
9.754961377321772e-10
9.078998626346748e-10
8.44080453894288e-10
7.839653121672139e-10
7.273240551208011e-10
6.738542943894664e-10
6.23236236478677e-10
5.751564239925364e-10
5.293367728013564e-10
4.855349994588449e-10
4.4354138163612525e-10
4.0318755979489976e-10
3.64327852388214e-10
3.268562373825257e-10
2.907034659125582e-10
2.5583807838929493e-10
2.2229871955349652e-10
1.9017499169291187e-10
1.5964684099706293e-10
1.3097417549918062e-10
1.0448671763484228e-10
8.058175719528063e-11
5.964796107067738e-11
4.202422774705075e-11
2.7902790202990795e-11
1.7256859123935036e-11
9.809218466739988e-12
5.044381631763377e-12
2.3050204957663274e-12
9.166916275399634e-13
3.097559764063534e-13
8.655378734982773e-14
1.9377400715908976e-14
3.353439272157659e-15
4.3050294025145223e-16
3.9110584494099245e-17
2.3844980681890212e-18
9.162032496240186e-20
2.0682413521931142e-21
2.533927234916005e-23
1.5300432880245342e-25
4.097964285334388e-28
4.520774801039201e-31
9.286946068356723e-34
1.5814096331345014e-34
2.8226201416442426e-34
3.3786065632656583e-34
3.0802681683647207e-34
3.461752616306706e-34

