7.769902921662786e-14
1.1728269711348853e-13
1.7696059845372751e-13
2.668805724568856e-13
4.022767473292911e-13
6.059902836247537e-13
9.122180960110997e-13
1.3720758284671388e-12
2.061816570618847e-12
3.094945168113658e-12
4.639976005406486e-12
6.946328324061922e-12
1.0381908319400268e-11
1.5487087572158353e-11
2.3051815260345567e-11
3.422428375951806e-11
5.066200518642304e-11
7.473923103293531e-11
1.0982316257426461e-10
1.6063563348018593e-10
2.3370456260443836e-10
3.378957577909828e-10
4.849986863839614e-10
6.902379113108435e-10
9.72576314695489e-10
1.3544416888273143e-09
1.8603703356283295e-09
2.5140877409891875e-09
3.332821515615747e-09
4.319023693312934e-09
5.448977932732738e-09
6.660321233327564e-09
7.844151701968482e-09
8.845847635921959e-09
9.487897249945065e-09
9.613109839454902e-09
9.144925938353154e-09
8.13733338532876e-09
6.782128081991792e-09
5.351581997946052e-09
4.09869110747301e-09
3.163150935249934e-09
2.550528213279424e-09
2.1736328244904544e-09
1.929736637918261e-09
1.7449990587020928e-09
1.5836503134033301e-09
1.4332073239244446e-09
1.2913013622155445e-09
1.1582678397928738e-09
1.0349797805689178e-09
9.219979975419251e-10
8.194740738734603e-10
7.270983282386727e-10
6.442565220830888e-10
5.701249296308077e-10
5.038041290880283e-10
4.444156046429817e-10
3.9114189580448843e-10
3.432686159437069e-10
3.0017993514588257e-10
2.613526056954598e-10
2.2634787547324406e-10
1.9479010468601585e-10
1.6636352791059052e-10
1.408006024914732e-10
1.1787322961452026e-10
9.739869123049933e-11
7.922268458872509e-11
6.322771582313351e-11
4.9320698023226e-11
3.742296748150003e-11
2.74657150988159e-11
1.9363853443394454e-11
1.3008620114871693e-11
8.24784062291373e-12
4.879425872372912e-12
2.658442363509341e-12
1.3132701875461113e-12
5.778605149808632e-13
2.2186297756157646e-13
7.256205005415711e-14
1.9674955334590387e-14
4.2863030566405235e-15
7.235960588855332e-16
9.072835769962606e-17
8.082431644979272e-18
4.856563231512417e-19
1.8189006608106213e-20
4.019980726770148e-22
5.124404380245735e-24
2.941727242929338e-26
6.382457632289826e-29
1.1320916598503932e-31
8.402114738522847e-34
2.499864009277839e-34
3.903353767127487e-34
4.58964482722509e-34
4.469516535272359e-34
5.048274296101436e-34

