2.3044490475214067e-14
3.477892420997578e-14
5.246626846036244e-14
7.91100323365152e-14
1.1921720485015438e-13
1.7954204386161372e-13
2.7019131070164117e-13
4.0626294606034086e-13
6.102646101420995e-13
9.15674750999048e-13
1.3721562792474098e-12
2.053149525221473e-12
3.0668763169961364e-12
4.5721207190224025e-12
6.800736531798745e-12
1.0089309655400421e-11
1.4923101505371442e-11
2.1996269519560993e-11
3.229192789749529e-11
4.718681509757978e-11
6.858179347891672e-11
9.905558653614932e-11
1.420343325975005e-10
2.0194113102345767e-10
2.842883122038205e-10
3.956099396999769e-10
5.430950099523421e-10
7.337875890991301e-10
9.730245442466716e-10
1.2621564167768236e-09
1.5954043893455647e-09
1.9564170994843853e-09
2.3160216456220078e-09
2.6323671276239468e-09
2.8569437646747166e-09
2.9461511413901042e-09
2.877610635567569e-09
2.663556711049898e-09
2.3533329768824355e-09
2.0180240104796406e-09
1.7243750819508087e-09
1.509282053086825e-09
1.3744989528518816e-09
1.2970437154845572e-09
1.2498759203187328e-09
1.2136277860526734e-09
1.1791079015824015e-09
1.1433824123489303e-09
1.1062583432617708e-09
1.0682569114096095e-09
1.030015919850199e-09
9.920218644375554e-10
9.546000296756481e-10
9.178703241215878e-10
8.81826420964052e-10
8.463499846024477e-10
8.112655238551616e-10
7.763731746360894e-10
7.414592006806159e-10
7.063161801918711e-10
6.707421203401124e-10
6.345344724553459e-10
5.975085181543029e-10
5.594744094390691e-10
5.202709906683561e-10
4.797706725984587e-10
4.3789244673809466e-10
3.9467524592862174e-10
3.502674303867969e-10
3.05030093673002e-10
2.5955716048827494e-10
2.1469723507019584e-10
1.7158836655335322e-10
1.3152454159829783e-10
9.586286529193583e-11
6.576935886521372e-11
4.197237043082169e-11
2.458028466692261e-11
1.3001086766275206e-11
6.099431688971534e-12
2.4858423798027306e-12
8.59224705954437e-13
2.4514583962335733e-13
5.592866812292404e-14
9.84678133517643e-15
1.2848608943790428e-15
1.1832794572564553e-16
7.288289741076894e-18
2.8498835451069906e-19
6.5275586390634886e-21
7.792912216011875e-23
4.868204539105098e-25
1.500266092763478e-27
1.2084198196872781e-30
1.0620863552176158e-33
1.1607286688889362e-34
2.2360840325541653e-34
2.70345508793651e-34
2.3605446821362743e-34
2.6426895657971465e-34

