1.5753538465037566e-15
2.376885108781251e-15
3.584682072838458e-15
5.40356005600228e-15
8.140805004942869e-15
1.2256869828121792e-14
1.844073510376024e-14
2.7721701020604063e-14
4.1634518793628385e-14
6.246276701322068e-14
9.359565279894577e-14
1.4004849012824283e-13
2.0921847403819066e-13
3.119711967754702e-13
4.641945519788227e-13
6.889920533667247e-13
1.0197383071710796e-12
1.5042843670809042e-12
2.2105758602773815e-12
3.234036513182642e-12
4.706829214597991e-12
6.808828399924584e-12
9.779803115801326e-12
1.393019711706885e-11
1.9647750769741522e-11
2.7392291345618778e-11
3.766787289660898e-11
5.0962089362623e-11
6.762615799603489e-11
8.769932405532677e-11
1.1066604438761502e-10
1.351880440563429e-10
1.5894314971879283e-10
1.7865360041922173e-10
1.9061850039064765e-10
1.9170881970729123e-10
1.8071793347916984e-10
1.5951551698396011e-10
1.3307489604563144e-10
1.0813264862167796e-10
9.073376644454031e-11
8.413770025751877e-11
8.836783536904248e-11
1.014355951813373e-10
1.2117614106641969e-10
1.463721991051021e-10
1.7686620865202782e-10
2.1316948541648899e-10
2.5610903915930447e-10
3.0666240483526017e-10
3.659082183718387e-10
4.3501161508946536e-10
5.152127299173074e-10
6.078101096176512e-10
7.141389956112405e-10
8.355425624161879e-10
9.7333884505857e-10
1.1287812764213404e-09
1.3030209340568777e-09
1.4970672569741294e-09
1.7117577250293757e-09
1.9477504821487014e-09
2.2055171964678796e-09
2.4854125825009764e-09
2.7877338875632703e-09
3.1128720064860295e-09
3.461527487740773e-09
3.834899087487363e-09
4.235093668309813e-09
4.6653515953292224e-09
5.13049367174415e-09
5.637201827668218e-09
6.194307127531974e-09
6.812939309786605e-09
7.506521181732987e-09
8.290639270393645e-09
9.182357056297703e-09
1.0200037072170465e-08
1.1361639801721107e-08
1.2684375021374642e-08
1.4182688437684706e-08
1.586709163097703e-08
1.7742530683496946e-08
1.9806556698279232e-08
2.204774263080262e-08
2.4443691967087444e-08
2.69588612190068e-08
2.9542214399700656e-08
3.212382907742355e-08
3.461162322391616e-08
3.688808770228448e-08
3.8805590463845676e-08
4.019067361870428e-08
4.0843998383435825e-08
4.056291523270014e-08
3.91680772366967e-08
3.654659220350107e-08
3.271334125799577e-08
2.78473317904234e-08
2.2320023151849897e-08

