2.114543114030199e-14
3.192089241692757e-14
4.816870411525711e-14
7.26542620578296e-14
1.095304039531228e-13
1.6502606191898257e-13
2.484711666927187e-13
3.738188700904957e-13
5.618967951624817e-13
8.437290953999224e-13
1.2654126436046305e-12
1.895238472471208e-12
2.8340446855439636e-12
4.23011553021835e-12
6.300511125393598e-12
9.361199312729639e-12
1.3869058418247666e-11
2.047971506118744e-11
3.012480497501825e-11
4.411347139931102e-11
6.425948412274252e-11
9.303135919023052e-11
1.3371809393728544e-10
1.905731425593149e-10
2.6889725132573816e-10
3.7495116911918936e-10
5.155446547336096e-10
6.971584363121297e-10
9.242251434368786e-10
1.1966238177314762e-09
1.5062281142976722e-09
1.833110153103037e-09
2.1432831807118e-09
2.389139588130284e-09
2.517053118676666e-09
2.48148754975311e-09
2.264059343792721e-09
1.8896690654402702e-09
1.426555915458199e-09
9.669876439404126e-10
5.923504232575567e-10
3.436260545406232e-10
2.1525460815070422e-10
1.7264503678257655e-10
1.7802261177317958e-10
2.061128185136498e-10
2.454824341077168e-10
2.9289918898834886e-10
3.482935796118914e-10
4.12411259304393e-10
4.86127235985399e-10
5.702927734172462e-10
6.6567931611022e-10
7.729230276471405e-10
8.924645931487472e-10
1.0244780791021892e-09
1.1687946379017005e-09
1.3248262329099768e-09
1.4914851932251785e-09
1.6671204882860431e-09
1.8494624548675386e-09
2.0355962868724893e-09
2.2219710141799716e-09
2.404446219412602e-09
2.5783990984401812e-09
2.7388776558337744e-09
2.8808270894617105e-09
2.999345011402701e-09
3.0900166473781545e-09
3.1492327340926687e-09
3.1745213752704177e-09
3.164897404646515e-09
3.1209807125975835e-09
3.0452876051050643e-09
2.9420651438581687e-09
2.817192481405996e-09
2.6779712299538908e-09
2.5323485367909945e-09
2.388798703189809e-09
2.2551853526495593e-09
2.1385698673219647e-09
2.044190245673737e-09
1.9755615325793147e-09
1.9334972416079854e-09
1.916801850043833e-09
1.921784280005977e-09
1.9428888379681453e-09
1.973047175422247e-09
2.0041340676641403e-09
2.0275632421854727e-09
2.034816397262088e-09
2.017955021477421e-09
1.9701848763232754e-09
1.886400367868717e-09
1.763882799379118e-09
1.6030632280682712e-09
1.4080748473543765e-09
1.187553651689413e-09
9.540653425672337e-10
7.234033122143635e-10
