5.469365539858016e-15
8.255190431275904e-15
1.2454973238600939e-14
1.878272962389861e-14
2.831040180924916e-14
4.264533840298793e-14
6.419433705816434e-14
9.65556626508722e-14
1.4509859563682862e-13
2.1781831824130984e-13
3.2659026543834695e-13
4.890013768766174e-13
7.310113478885034e-13
1.09078124065684e-12
1.6241528478512858e-12
2.4123871719725e-12
3.572949389971177e-12
5.274357370829558e-12
7.75601684789218e-12
1.1354281764507416e-11
1.653510684319239e-11
2.3932645232188338e-11
3.4391933415219595e-11
4.9006178822396185e-11
6.91386552056068e-11
9.640149519412549e-11
1.325523267466119e-10
1.7927221816438932e-10
2.377297762416245e-10
3.0794496742497025e-10
3.879117113003454e-10
4.726319858686574e-10
5.535394475983339e-10
6.186079655928246e-10
6.542810835928234e-10
6.490601871610137e-10
5.983589870976189e-10
5.086227922998972e-10
3.9736613667255997e-10
2.882827045254034e-10
2.0237234931682695e-10
1.5041796316322337e-10
1.3140390511897634e-10
1.3695507097005463e-10
1.579204191235196e-10
1.8837536167989204e-10
2.2597502849933417e-10
2.705196597284497e-10
3.2266650002089696e-10
3.833229048994228e-10
4.534586159466457e-10
5.340490384139396e-10
6.260380981900366e-10
7.302938237758914e-10
8.475578335981184e-10
9.783843840731076e-10
1.1230738923970636e-09
1.2816028067413382e-09
1.4535516222025698e-09
1.6380414360509772e-09
1.8336792104093953e-09
2.0385309666897042e-09
2.250113276569096e-09
2.4654446405500744e-09
2.6811228776203953e-09
2.893468811538731e-09
3.0987500944586475e-09
3.293377820465848e-09
3.4742929288143003e-09
3.639200851196158e-09
3.786936708513098e-09
3.917809097337882e-09
4.033647485233127e-09
4.138182996227147e-09
4.236723463789164e-09
4.336206095851521e-09
4.44462177309097e-09
4.5706719771024385e-09
4.722825925923499e-09
4.908804890766491e-09
5.134643781840254e-09
5.403731422242738e-09
5.716705547744115e-09
6.070104413691135e-09
6.456911691457484e-09
6.865780346051378e-09
7.281573728743443e-09
7.685330444156471e-09
8.054908160221836e-09
8.36528026499067e-09
8.589512848785814e-09
8.699299006617412e-09
8.667124109551156e-09
8.46752157088082e-09
8.081337316958206e-09
7.499834151375764e-09
6.729631283670206e-09
5.799430427149862e-09
4.760625561466795e-09
3.687061376596412e-09

