1.9431514237734867e-15
2.9320499885328406e-15
4.422331111443259e-15
6.666852250458778e-15
1.004503022440258e-14
1.512548525425005e-14
2.2759178318997975e-14
3.421759814759532e-14
5.139691785503845e-14
7.711894222633441e-14
1.1557238842216426e-13
1.729567077696707e-13
2.5841712188896077e-13
3.85389051303493e-13
5.735211570396309e-13
8.513900138784851e-13
1.2602822035233643e-12
1.8594000776239376e-12
2.732816211323654e-12
3.9986125384234784e-12
5.820340761560358e-12
8.420593690936098e-12
1.209606091826509e-11
1.7230814104937286e-11
2.430439111806734e-11
3.388513385299157e-11
4.659532336330866e-11
6.303546982662776e-11
8.363492960437734e-11
1.0843332224139361e-10
1.367784449741347e-10
1.6699309981900814e-10
1.9617502636967723e-10
2.2023256613387995e-10
2.345474219641319e-10
2.352118680621214e-10
2.2070684138765107e-10
1.9333350097908793e-10
1.5924247741552533e-10
1.2676267717962167e-10
1.0334699825965803e-10
9.297040090740005e-11
9.557263391023086e-11
1.0858173440968393e-10
1.291932710185262e-10
1.5576313784226302e-10
1.879421002521475e-10
2.2618666202696851e-10
2.713172643033166e-10
3.2431024382423637e-10
3.8623344482780675e-10
4.582251673549069e-10
5.414772472643749e-10
6.372121370177916e-10
7.466542962845533e-10
8.709934915949673e-10
1.0113431927000713e-09
1.1686924483165555e-09
1.3438586773413332e-09
1.537440011912146e-09
1.7497763605951362e-09
1.9809344515037766e-09
2.230694771101872e-09
2.49861441496005e-09
2.7840832401475584e-09
3.0864684469493065e-09
3.4053280250793486e-09
3.740588171897479e-09
4.092949228749982e-09
4.464093260525689e-09
4.857110203750921e-09
5.276774877435409e-09
5.729767856294976e-09
6.224859954764e-09
6.772812284035123e-09
7.386284758186616e-09
8.07911405297736e-09
8.86615711563624e-09
9.761644916374766e-09
1.0778902641199964e-08
1.1928488531405266e-08
1.3217170620580401e-08
1.4646624376260996e-08
1.6211852479248855e-08
1.7900161263153185e-08
1.968967733724719e-08
2.1548080652429167e-08
2.3431163912705988e-08
2.528101664652379e-08
2.702424841343791e-08
2.857063676752161e-08
2.981072078418436e-08
3.062014719008371e-08
3.086062806762905e-08
3.039695298062351e-08
2.911610116468834e-08
2.6956852160192483e-08
2.3951494482064052e-08
2.0247658233739963e-08
1.612473628676669e-08

