2.9611580189068236e-14
4.4702063287317135e-14
6.745679009866502e-14
1.0174911468231303e-13
1.5339589681153205e-13
2.311222611610619e-13
3.4799748224633015e-13
5.235676983634309e-13
7.870101630259365e-13
1.1817880159724287e-12
1.7724829398391204e-12
2.654774334944824e-12
3.9699472945131096e-12
5.925772072816431e-12
8.826396493716201e-12
1.3114575301413424e-11
1.9430537793064218e-11
2.869305005690625e-11
4.220769936837043e-11
6.180914713320645e-11
9.003928172204294e-11
1.303575839483873e-10
1.8737333146770266e-10
2.670471931275137e-10
3.7680694983181937e-10
5.254244333509668e-10
7.22438209167353e-10
9.76920938908157e-10
1.2950667538797907e-09
1.6766754427733008e-09
2.1103093024287397e-09
2.5679674118377584e-09
3.0019199790739525e-09
3.345324635120736e-09
3.5228948218069913e-09
3.470694465873068e-09
3.1628793381431095e-09
2.634319806091263e-09
1.9806634066974336e-09
1.331230440600454e-09
8.000318171164075e-10
4.443575676728349e-10
2.5617891648045505e-10
1.8672518021256424e-10
1.8274302847061337e-10
2.0849431115821327e-10
2.476317903582102e-10
2.9528743103074025e-10
3.5100978232161816e-10
4.1547827606302316e-10
4.895514410075593e-10
5.740653553698174e-10
6.697712237241105e-10
7.772784709245118e-10
8.96993572626125e-10
1.029047924791727e-09
1.1732206189400393e-09
1.3288617318085408e-09
1.4948111251308708e-09
1.6693350084218023e-09
1.8500708945336134e-09
2.0340012947477114e-09
2.217465236345705e-09
2.396204304918711e-09
2.5654736647448362e-09
2.720196679261316e-09
2.8551907340193563e-09
2.965431841248598e-09
3.046380698717768e-09
3.0943132898903277e-09
3.1066503968088596e-09
3.0822987030507236e-09
3.021798354760399e-09
2.9275743805175327e-09
2.803818187555573e-09
2.656361318669356e-09
2.4924844095427144e-09
2.320151856339093e-09
2.1478926946273967e-09
1.9837060977017514e-09
1.8348075965682645e-09
1.7067998206735928e-09
1.603499382769437e-09
1.5263489181546061e-09
1.4747487133524858e-09
1.4459089802545353e-09
1.435229085744017e-09
1.4368739196230314e-09
1.4440052470635374e-09
1.4495215832693023e-09
1.4464114432424216e-09
1.4282765156672788e-09
1.389705147073279e-09
1.326732054480995e-09
1.237250638370473e-09
1.1215448186060632e-09
9.825935470680253e-10
8.265586438511811e-10
6.623117519737391e-10
5.008746458951287e-10

