2.7313405103046946e-15
4.1218343086458905e-15
6.217623926360126e-15
9.374587716020542e-15
1.4126835331450452e-14
2.1274989902480108e-14
3.201747685024047e-14
4.814536678856797e-14
7.233031005266037e-14
1.0854909293122232e-13
1.6270632784993084e-13
2.435431769368579e-13
3.6395743781779046e-13
5.429020303396194e-13
8.081011308151795e-13
1.1998850921089137e-12
1.77653396984928e-12
2.6216331975650023e-12
3.853899854900031e-12
5.640094543232984e-12
8.211207381927796e-12
1.1881611573295904e-11
1.7070285213536577e-11
2.431946294118949e-11
3.430582865576957e-11
4.7830667079163125e-11
6.576982913898844e-11
8.8965554593805e-11
1.1801347026281068e-10
1.5295124300702362e-10
1.9282864889463894e-10
2.352337532161157e-10
2.7600908732043313e-10
3.093033517180829e-10
3.285154604966308e-10
3.28054170148402e-10
3.0572230790721646e-10
2.647463200927995e-10
2.1380838278928754e-10
1.6466070707732167e-10
1.2777824377669744e-10
1.0866219573766834e-10
1.0705388524455641e-10
1.1910510023853129e-10
1.4061382452857976e-10
1.6899692047408977e-10
2.0347302202635056e-10
2.443622956083155e-10
2.9245502428405223e-10
3.4871303394358536e-10
4.141755261050951e-10
4.899272374740374e-10
5.770736614761369e-10
6.767092698609785e-10
7.89879569085567e-10
9.175338811307544e-10
1.0604727202944884e-09
1.2192891797401796e-09
1.3943102093479484e-09
1.5855400903794624e-09
1.7926125689673758e-09
2.0147686612563685e-09
2.2508408493964343e-09
2.4993097641301565e-09
2.758363097892696e-09
3.0260363347584905e-09
3.30042829495265e-09
3.5798749082764907e-09
3.863351894618259e-09
4.150675873412401e-09
4.442906291265759e-09
4.742639190947764e-09
5.054143081314305e-09
5.383622123358696e-09
5.738997433878995e-09
6.129890591143753e-09
6.566896381343521e-09
7.061432595768492e-09
7.62425235779907e-09
8.265202472094676e-09
8.991632841896988e-09
9.807510229430436e-09
1.071257345999087e-08
1.1700974942692793e-08
1.2760937868272587e-08
1.387374419218564e-08
1.5013404687666514e-08
1.614605231672698e-08
1.7229583195142884e-08
1.821317120077701e-08
1.9037486799382076e-08
1.9634198997277225e-08
1.9929709027873436e-08
1.984665628664446e-08
1.931465964703894e-08
1.8281621366823168e-08
1.6729942067111717e-08
1.4699081297291492e-08
1.2294565128258796e-08
9.694126492559457e-09

