1.479601848204127e-14
2.2335327632578436e-14
3.3703133802487046e-14
5.0833903269336665e-14
7.663251935670934e-14
1.154558684107048e-13
1.738295296216404e-13
2.615121620596663e-13
3.9306955557956487e-13
5.901972364731665e-13
8.851294291935343e-13
1.325617385401489e-12
1.9821662839906096e-12
2.9584494376004676e-12
4.406216648263088e-12
6.5463538652078736e-12
9.698238624909436e-12
1.4320161411804455e-11
2.1063321317852933e-11
3.0842761829269274e-11
4.492621855330458e-11
6.503905899424485e-11
9.348016968994033e-11
1.3322271909106634e-10
1.8797232461925741e-10
2.6210657610144127e-10
3.603887490481789e-10
4.873556451778619e-10
6.461185746896792e-10
8.366154451305255e-10
1.0532022598316826e-09
1.2820039249525822e-09
1.4993380378164544e-09
1.672019262894782e-09
1.7626624368056345e-09
1.7395276592685569e-09
1.589825072056465e-09
1.3309786571913203e-09
1.010674547860505e-09
6.933953077077372e-10
4.360616295490084e-10
2.674244319084416e-10
1.8377284490911116e-10
1.6114651840423849e-10
1.7337590949037266e-10
2.0303182752619631e-10
2.4236575720881664e-10
2.893730030343211e-10
3.442729411094499e-10
4.0786532545840175e-10
4.810445141106876e-10
5.646833535647489e-10
6.595825491519843e-10
7.664170817746164e-10
8.856774631306714e-10
1.0176000935528554e-09
1.1620923810359719e-09
1.3186571885953875e-09
1.4863135527951534e-09
1.6635326441575379e-09
1.848182253538721e-09
2.0375000266922743e-09
2.2280989370629927e-09
2.4160149030412322e-09
2.5968082807045085e-09
2.765715103274009e-09
2.9178738853499857e-09
3.0485682729338507e-09
3.15357414250264e-09
3.229460196971998e-09
3.2739241082669943e-09
3.2861492952482693e-09
3.2668909988696846e-09
3.2188113784856853e-09
3.1462575208952038e-09
3.0552037702159764e-09
2.9529891278484397e-09
2.8475803173858255e-09
2.747368623704884e-09
2.660070905469753e-09
2.592511276867486e-09
2.5494710045063383e-09
2.5339734879692444e-09
2.546002932534053e-09
2.5834236329608243e-09
2.641264301243951e-09
2.712501065092909e-09
2.7882488486059883e-09
2.8583909539749184e-09
2.912070925431514e-09
2.9383927475716065e-09
2.926950207950562e-09
2.868658703303055e-09
2.756426202677384e-09
2.58630437334618e-09
2.358629456864692e-09
2.079004432874406e-09
1.7596525915766929e-09
1.4187564235126208e-09
1.0795955686565933e-09

