7.778653296398252e-15
1.1741416321718344e-14
1.7715945476659133e-14
2.6718411747730244e-14
4.027454362892661e-14
6.067238841532077e-14
9.133840515934697e-14
1.3739592019042943e-13
2.0649084765371648e-13
3.1000987600719447e-13
4.648681308217618e-13
6.961193767187024e-13
1.0407497853005939e-12
1.5531365088426744e-12
2.3128607092664758e-12
3.435742953191456e-12
5.0892241924188865e-12
7.513543233463307e-12
1.105002616421574e-11
1.6178252773535324e-11
2.356261694346245e-11
3.410734421861743e-11
4.9017296172365265e-11
6.985097466525726e-11
9.855140868693395e-11
1.3741525720881843e-10
1.889442273829204e-10
2.5552655752448885e-10
3.38812391628226e-10
4.3880264147702823e-10
5.525928803973134e-10
6.729910803756031e-10
7.876938656078357e-10
8.794434049030934e-10
9.287911912394807e-10
9.192337595068008e-10
8.441573544446365e-10
7.127246297993569e-10
5.499153703645012e-10
3.895156946073087e-10
2.6141496078375606e-10
1.8084577275588986e-10
1.4613135354903153e-10
1.4504659425756162e-10
1.6423512055275972e-10
1.949297924623373e-10
2.3345088246979913e-10
2.7915191908741887e-10
3.325786878667121e-10
3.9460482241175874e-10
4.661690714700351e-10
5.482024091333884e-10
6.415859497036956e-10
7.471023841498828e-10
8.653816031458718e-10
9.968356316606302e-10
1.1415881354488948e-09
1.2994014945497383e-09
1.4696012573804085e-09
1.6510119608643919e-09
1.8419016165172369e-09
2.0399546368446027e-09
2.2422687734891203e-09
2.445404946139796e-09
2.645474518735119e-09
2.838285890599791e-09
3.0195705374789583e-09
3.1851967830682472e-09
3.33154259661902e-09
3.4557552568949985e-09
3.5561029074862706e-09
3.6323315699829507e-09
3.685709953468858e-09
3.719417923006967e-09
3.738235608075135e-09
3.748571417931102e-09
3.75801087563367e-09
3.7748081464421266e-09
3.807263798063139e-09
3.862960319117412e-09
3.948160890158468e-09
4.066724740909567e-09
4.220272230821089e-09
4.4067720875247245e-09
4.621360861699345e-09
4.8555445747031015e-09
5.097928350450127e-09
5.334260572008167e-09
5.548170183577516e-09
5.7215457659564975e-09
5.8354719983074095e-09
5.8708038344699475e-09
5.8097310951524725e-09
5.636788071450024e-09
5.341550532261418e-09
4.921191582268061e-09
4.383268117160273e-09
3.749496162877073e-09
3.0554180888871494e-09
2.349577820133132e-09

