3.883009287677149e-15
5.860379205475355e-15
8.841089520352182e-15
1.3331629929949499e-14
2.0092283465045316e-14
3.026291217581268e-14
4.555006050526588e-14
6.850469428641886e-14
1.0293272974365394e-13
1.5450049243961614e-13
2.316229342228357e-13
3.4676013670637554e-13
5.183011244014581e-13
7.732736018685416e-13
1.1512214556144256e-12
1.7096802602434529e-12
2.5318076678192824e-12
3.736888014774095e-12
5.494364901951719e-12
8.042278837259327e-12
1.1710373743593023e-11
1.694742321564745e-11
2.435147525305122e-11
3.469634302283745e-11
4.8947309686543107e-11
6.824653393191321e-11
9.384065366580786e-11
1.2692482984963477e-10
1.6833619848148472e-10
2.181061790886616e-10
2.74842699584795e-10
3.350497876236121e-10
3.927208707713471e-10
4.394142608597989e-10
4.6561076316101687e-10
4.6324089160162415e-10
4.291062035803992e-10
3.677864241470584e-10
2.9167434111765226e-10
2.175391776260872e-10
1.6027947522028748e-10
1.2761975412872114e-10
1.1898985158310507e-10
1.286471029626427e-10
1.5031737983977343e-10
1.800197495601513e-10
2.163207067684758e-10
2.5932511503077265e-10
3.0976831290675e-10
3.6858713785000786e-10
4.3678528661798367e-10
5.153896095480385e-10
6.054185123649274e-10
7.078429242057405e-10
8.235410167299371e-10
9.532429048411171e-10
1.0974697921156495e-09
1.256468222616481e-09
1.430143300703125e-09
1.6179973453507426e-09
1.8190772403294369e-09
2.031948831687364e-09
2.254683628830019e-09
2.484912149762836e-09
2.719891292533289e-09
2.956645615144965e-09
3.1921873949512857e-09
3.4236987476990487e-09
3.6489281894161934e-09
3.8664038770082066e-09
4.075815328732595e-09
4.278334399970503e-09
4.476691628505554e-09
4.675513813620638e-09
4.881027381286465e-09
5.101097335802342e-09
5.344553016690956e-09
5.620973726764153e-09
5.9394465648600014e-09
6.30824005638905e-09
6.733528793035511e-09
7.218518299317366e-09
7.763002648888962e-09
8.36206068163268e-09
9.006225965900775e-09
9.680673957956897e-09
1.0365448833519012e-08
1.103526350287057e-08
1.165985623577608e-08
1.2204084543257442e-08
1.2628765930625788e-08
1.2890983121360074e-08
1.2946992485312876e-08
1.2753712456005166e-08
1.2275412800969861e-08
1.1490376453845193e-08
1.039964273985709e-08
9.039016858376541e-09
7.482031906423233e-09
5.841396518284704e-09

