8.724531627459656e-16
1.316025512304555e-15
1.984222937191984e-15
2.9901641947671725e-15
4.503489551857941e-15
6.778283182384966e-15
1.0194558068160193e-14
1.5319762149460373e-14
2.2999581870435133e-14
3.44916981819107e-14
5.1661773959548185e-14
7.726919917225339e-14
1.1538180228175352e-13
1.7197177685405576e-13
2.557675860725363e-13
3.7945598943877917e-13
5.613561284253124e-13
8.277231970233066e-13
1.2158262742853268e-12
1.7779942223529427e-12
2.586694130047682e-12
3.740557523129235e-12
5.371089465461248e-12
7.648655073036746e-12
1.078626151832137e-11
1.5036995012078424e-11
2.067927302156109e-11
2.7984399208207648e-11
3.715215300856888e-11
4.821625700551502e-11
6.091342140487246e-11
7.453861340921124e-11
8.785758509702418e-11
9.912162342309888e-11
1.0635441367369196e-10
1.0788978040908771e-10
1.0310317006118538e-10
9.303962596632316e-11
8.043516427082125e-11
6.899885948463458e-11
6.208937599729558e-11
6.158180961419602e-11
6.76210426080341e-11
7.928225342917347e-11
9.55684659327652e-11
1.1602550074568e-10
1.408111964197515e-10
1.704909968044394e-10
2.0585394163576134e-10
2.478309868124273e-10
2.97477304897638e-10
3.5597449511879997e-10
4.246353639208789e-10
5.049073283031983e-10
5.983735729216364e-10
7.067517780004135e-10
8.318919870398963e-10
9.757713080405744e-10
1.140494357584758e-09
1.3282931328080878e-09
1.5415391871297033e-09
1.7827780683915467e-09
2.0547669056764903e-09
2.3605871472546185e-09
2.7037515163622074e-09
3.0884095460672764e-09
3.5196132799322263e-09
4.00360043244196e-09
4.548264636575143e-09
5.163529767603432e-09
5.86193445516696e-09
6.6590620619963765e-09
7.574139875790738e-09
8.630288592357703e-09
9.854952717095971e-09
1.1279890309744966e-08
1.2940844700442083e-08
1.4877469502052183e-08
1.7131794707578023e-08
1.9747754078232784e-08
2.2768939719274426e-08
2.6236934163630358e-08
3.0188596651456246e-08
3.465298202716386e-08
3.964724584092235e-08
4.5171618282494626e-08
5.120183355791225e-08
5.7680600760186855e-08
6.450318892639711e-08
7.150250581225443e-08
7.842991870081933e-08
8.493153198332355e-08
9.054423693493825e-08
9.468326308159721e-08
9.669107654066499e-08
9.590769701121505e-08
9.180124043525848e-08
8.416048909100568e-08
7.324405230127828e-08
5.990537890381209e-08

