1.3755393882422558e-15
2.0752929342864344e-15
3.1296537228524493e-15
4.717350659272711e-15
7.106506638528399e-15
1.0698850933604886e-14
1.6095433675353815e-14
2.4194096516030092e-14
3.63334323151316e-14
5.450493198234437e-14
8.166396457894602e-14
1.2218336237876794e-13
1.8251198582530518e-13
2.721213937824392e-13
4.048596119915781e-13
6.008618105000207e-13
8.892118780231628e-13
1.3116054853922405e-12
1.927243824529516e-12
2.8192654351732316e-12
4.102814867658415e-12
5.9346056059979635e-12
8.523544465082846e-12
1.2140150106476665e-11
1.7122375375888612e-11
2.3871171730427944e-11
3.2826402613409505e-11
4.44142634022116e-11
5.894327846783814e-11
7.645193170165872e-11
9.649788352209826e-11
1.1792529395293473e-10
1.3872471233395455e-10
1.560574499979647e-10
1.6671764645694627e-10
1.679963505045415e-10
1.588549343410296e-10
1.4092871301556198e-10
1.1855300378631125e-10
9.760131089394413e-11
8.335447518529074e-11
7.868150504587249e-11
8.364702890170164e-11
9.657377158214677e-11
1.1563844303719389e-10
1.3985009260995374e-10
1.6915011742992535e-10
2.0407469845316067e-10
2.454497831905164e-10
2.9424943827409544e-10
3.515549733302685e-10
4.1854441915543777e-10
4.964847091710957e-10
5.867194816701267e-10
6.906522423692153e-10
8.097233139498513e-10
9.453830110708712e-10
1.0990587594020574e-09
1.2721245581693939e-09
1.465868543312995e-09
1.681469838654928e-09
1.919997788125178e-09
2.182410977886682e-09
2.4696328806977458e-09
2.782616479000505e-09
3.122502211496242e-09
3.490838497702233e-09
3.889782384483467e-09
4.322514656809659e-09
4.793484335433908e-09
5.3088736985555045e-09
5.876890917431377e-09
6.5081093887487815e-09
7.215607095867235e-09
8.015032735953114e-09
8.924463915198622e-09
9.963759894394315e-09
1.1154372228988842e-08
1.2517629097620422e-08
1.4074333033419496e-08
1.5842656863401946e-08
1.7836857169098895e-08
2.0065407850814412e-08
2.2528954711421356e-08
2.5218293136392122e-08
2.811192519245532e-08
3.117309360537018e-08
3.4346607551854175e-08
3.755399974576495e-08
4.068882514142045e-08
4.361151982535801e-08
4.614247645584156e-08
4.8065924460964406e-08
4.912871724050018e-08
4.906738889493547e-08
4.7641205441268715e-08
4.4687327247860346e-08
4.01996994413992e-08
3.437916445827528e-08
2.7673228999003912e-08

