1.1178437983499905e-15
1.686358043642584e-15
2.5428808234879133e-15
3.832518344561965e-15
5.7729212582902494e-15
8.690145152247062e-15
1.307194136306756e-14
1.964678517959267e-14
2.9500574730775604e-14
4.424857176850096e-14
6.628739744092939e-14
9.916251784932203e-14
1.4810170446995293e-13
2.207817477164646e-13
3.2842471357024935e-13
4.873449821149482e-13
7.211040762058205e-13
1.0634761073829222e-12
1.5624096345223378e-12
2.285235134318322e-12
3.3251994041553766e-12
4.809214308099433e-12
6.906473734391112e-12
9.836115077005528e-12
1.3872002520926898e-11
1.9339267502795675e-11
2.6595041215803122e-11
3.5986248678634254e-11
4.776598973185126e-11
6.197093479502314e-11
7.825161128558046e-11
9.568495895805954e-11
1.1266126349242373e-10
1.269035354330345e-10
1.3583939443896913e-10
1.3729727788424812e-10
1.304526163768941e-10
1.166384598356468e-10
9.936946411963926e-11
8.340871213432574e-11
7.305224419367312e-11
7.066254763495662e-11
7.635075844389971e-11
8.883217063124726e-11
1.067144828776591e-10
1.2928942342364772e-10
1.5661707459017197e-10
1.8925676232018223e-10
2.2802412012398848e-10
2.738800422158035e-10
3.2790137036811086e-10
3.9127640982115595e-10
4.653028873297717e-10
5.513827905655001e-10
6.510135209620705e-10
7.657743684859095e-10
8.973103165099214e-10
1.0473107529491952e-09
1.217491789581628e-09
1.4095767514518968e-09
1.6252868850077142e-09
1.8663539620642823e-09
2.13453317537211e-09
2.431692092057204e-09
2.759889197785107e-09
3.121548082385275e-09
3.519691775308835e-09
3.958171883229762e-09
4.442099869388783e-09
4.978136359713189e-09
5.574996755937464e-09
6.243784523979083e-09
6.998428514340571e-09
7.855839231819411e-09
8.836111858625446e-09
9.962402941808447e-09
1.1260385223184395e-08
1.2758069949809796e-08
1.4484121031940553e-08
1.6467387139695197e-08
1.873469284646488e-08
2.1309367443373338e-08
2.4208997950202117e-08
2.7442974182631892e-08
3.100964755448767e-08
3.4892945516442135e-08
3.9057742127851115e-08
4.344482404341781e-08
4.796275193657899e-08
5.2479743440571077e-08
5.681392327535814e-08
6.072088617303286e-08
6.389557685187834e-08
6.596767416297698e-08
6.653723301205256e-08
6.522123827463675e-08
6.173523041760318e-08
5.601156498826729e-08
4.828245747869471e-08
3.914769375833017e-08

