6.220981603438468e-16
9.382475396240469e-16
1.4144093249667986e-15
2.1311124548879052e-15
3.209093305452616e-15
4.829141781336483e-15
7.261577997749382e-15
1.0909941067520742e-14
1.637546810789743e-14
2.4552043392472224e-14
3.6765280450260444e-14
5.4975239604141414e-14
8.2070551443896e-14
1.2229095115861907e-13
1.818311574337892e-13
2.6969276142447125e-13
3.988704869863627e-13
5.879843928390523e-13
8.634606767592729e-13
1.2623987558428262e-12
1.8361715308758273e-12
2.654701291919152e-12
3.811227377945212e-12
5.42658041843093e-12
7.651924333066724e-12
1.0667058132574426e-11
1.467017555154075e-11
1.9855202909457207e-11
2.6366686995313694e-11
3.423350066751933e-11
4.327691568228657e-11
5.300892787517812e-11
6.257067137893992e-11
7.074263947401609e-11
7.614606124518313e-11
7.76209865160066e-11
7.474116305070776e-11
6.82572222184404e-11
6.011434617441976e-11
5.295028345030264e-11
4.9166592079924705e-11
5.0131986419129206e-11
5.600824821888691e-11
6.621473804131519e-11
8.013243233991327e-11
9.753997750088027e-11
1.186669223198481e-10
1.4405425485906894e-10
1.7442983353622933e-10
2.1065653598317594e-10
2.537267395476957e-10
3.047721445792629e-10
3.6507681456616364e-10
4.3609144614864416e-10
5.194477230322408e-10
6.169739073237678e-10
7.307128947058553e-10
8.629410461999056e-10
1.016197200746398e-09
1.1933150942908352e-09
1.3974735281755627e-09
1.632272114461794e-09
1.9018189429289677e-09
2.2108946750114604e-09
2.5651252226513806e-09
2.9712612443039345e-09
3.4375273144111785e-09
3.9740313104485e-09
4.593350911222337e-09
5.3111111707318265e-09
6.1467790890111896e-09
7.124371754251094e-09
8.273437303980252e-09
9.62966994831417e-09
1.1235900795285827e-08
1.3142582977302389e-08
1.5408141180927025e-08
1.8099471727524003e-08
2.1291125436568582e-08
2.5065336877680073e-08
2.951027651010461e-08
3.471857869640084e-08
4.078435819954571e-08
4.7799312897299764e-08
5.584648531438008e-08
6.499173234955354e-08
7.526924640429169e-08
8.666394919211683e-08
9.908009909035013e-08
1.123065285293566e-07
1.259688019965779e-07
1.3947058199753287e-07
1.5196475076716758e-07
1.6231232596291083e-07
1.691543927943787e-07
1.7103916129499066e-07
1.666816771964289e-07
1.553612919307784e-07
1.3727004977141678e-07
1.1381713473026774e-07

