7.426715110278487e-16
1.1201818011706872e-15
1.6888143782694414e-15
2.5447868497751757e-15
3.8323761939643724e-15
5.767651041120704e-15
8.673726023167039e-15
1.303302250190621e-14
1.9564411220980382e-14
2.933682818154733e-14
4.3935726772722035e-14
6.57057262129075e-14
9.810272528197949e-14
1.4619981439127233e-13
2.17410412441488e-13
3.2250850322651744e-13
4.770494351299181e-13
7.033249478475548e-13
1.0329752542699804e-12
1.510422905474028e-12
2.1971838717806203e-12
3.176985356615896e-12
4.561467747044334e-12
6.495284082112082e-12
9.159345828976432e-12
1.276871589374897e-11
1.756021340245785e-11
2.3765066922068456e-11
3.1554553812319565e-11
4.096016727723418e-11
5.1762971006693455e-11
6.337126755372675e-11
7.474657933019673e-11
8.441602067643525e-11
9.071465488856738e-11
9.224016546449021e-11
8.847168694387215e-11
8.030175770276499e-11
7.005594161222131e-11
6.088741901881739e-11
5.5658930013349694e-11
5.598460226897586e-11
6.202092496482693e-11
7.302521654344866e-11
8.820057458027322e-11
1.0721791190438777e-10
1.3027700882325612e-10
1.5793596417127956e-10
1.9095814297555115e-10
2.3024602809691374e-10
2.7682984339007404e-10
3.3187365824145184e-10
3.9668432749471547e-10
4.727202819049101e-10
5.61599148537952e-10
6.651046219364597e-10
7.85193945108549e-10
9.240039312664414e-10
1.083864598202611e-09
1.267313800152566e-09
1.4771263187813744e-09
1.7163662982299096e-09
1.9884462424327633e-09
2.297261128259388e-09
2.6473223249219136e-09
3.0439929901841306e-09
3.493786379987507e-09
4.0046998916168715e-09
4.586728824820372e-09
5.252321618632145e-09
6.01704451186973e-09
6.9001162730135076e-09
7.925156718477425e-09
9.120563558750583e-09
1.0520157150826862e-08
1.2163335477286372e-08
1.4094986483596888e-08
1.636558938881214e-08
1.9029907590943057e-08
2.2146631227742656e-08
2.577623336874286e-08
2.9979266218881233e-08
3.4813403287946814e-08
4.032991187716436e-08
4.656857164583946e-08
5.355118403851287e-08
6.127125866440936e-08
6.968202326592659e-08
7.867567179020517e-08
8.806125536773005e-08
9.753530099960512e-08
1.06645780640277e-07
1.1478025807165022e-07
1.2114398438907978e-07
1.248192827249356e-07
1.2485812616334535e-07
1.2046114831454485e-07
1.1124566853027577e-07
9.746576587096575e-08
8.02001534769241e-08
