5.572515619321073e-16
8.404064986481646e-16
1.2668498618015243e-15
1.9086792273724185e-15
2.8739813199065215e-15
4.3245911623402664e-15
6.502466512940611e-15
9.768774737930204e-15
1.4661574231214596e-14
2.198074512703495e-14
3.291238399672238e-14
4.9210096482739544e-14
7.345801033411318e-14
1.0944858476485483e-13
1.6272252489772832e-13
2.4133038483690425e-13
3.568930501363288e-13
5.260608233830849e-13
7.724629430090005e-13
1.129270682100964e-12
1.642416292117848e-12
2.3744170454695473e-12
3.4086410368249028e-12
4.853137025064948e-12
6.8431027959246865e-12
9.53939974291549e-12
1.3119456867921285e-11
1.7757103670055755e-11
2.3582390631533425e-11
3.062252069606861e-11
3.8719918475725943e-11
4.744159371066315e-11
5.602421211993956e-11
6.338318688026132e-11
6.829218736075472e-11
6.972030858970878e-11
6.729136585377649e-11
6.167953929620614e-11
5.4625829456979244e-11
4.8491175290746326e-11
4.542878430247251e-11
4.66738556668901e-11
5.238827264469353e-11
6.207496669263557e-11
7.520654862967327e-11
9.161524796654942e-11
1.1154179713002744e-10
1.3551247195241159e-10
1.64229662261153e-10
1.9852758739475873e-10
2.3936984160117587e-10
2.8786117185461516e-10
3.452627243849534e-10
4.130093592468571e-10
4.927278316451571e-10
5.86257473237115e-10
6.956745785746128e-10
8.233190937263322e-10
9.718333397558561e-10
1.1442059609373722e-09
1.3438361782145901e-09
1.5746256314832229e-09
1.8410863444293772e-09
2.1485269785276868e-09
2.5032545883515705e-09
2.912888207177837e-09
3.3867487883161398e-09
3.936327515469108e-09
4.575933935306707e-09
5.323371488130553e-09
6.200841807855621e-09
7.235800709195016e-09
8.462133528007225e-09
9.920988395048999e-09
1.1662066547342074e-08
1.374442521601633e-08
1.6237234410655758e-08
1.922069159873529e-08
2.2785705104321416e-08
2.7034389008880602e-08
3.207881022648648e-08
3.8039914094107155e-08
4.504477273010563e-08
5.322262026952083e-08
6.269793553384766e-08
7.358040775929196e-08
8.594710347013456e-08
9.982005651962327e-08
1.151255217485609e-07
1.3164765326539408e-07
1.4896346025499295e-07
1.6636284891910015e-07
1.8280201705166838e-07
1.9684303088079585e-07
2.0673314553582047e-07
2.1056026645376356e-07
2.065834897454943e-07
1.9374738641285526e-07
1.72150746922072e-07
1.434627257038205e-07

