2.4649341131024236e-14
3.721167349062327e-14
5.615471960743398e-14
8.47034903657032e-14
1.277013999868e-13
1.9241377603048147e-13
2.89723829621882e-13
4.3590914775116054e-13
6.552692865541271e-13
9.840036355077275e-13
1.4759041046893785e-12
2.210670014424793e-12
3.3059974717541045e-12
4.934979460910206e-12
7.351018998793573e-12
1.0923027086993744e-11
1.6184492424462204e-11
2.3901056941047654e-11
3.516079042067819e-11
5.149279153141706e-11
7.501572611644471e-11
1.0861322396377991e-10
1.5612747642072556e-10
2.225272578322934e-10
3.1400423736608717e-10
4.378699349077791e-10
6.020733962447529e-10
8.141716888381735e-10
1.0793149765477465e-09
1.397310117516213e-09
1.7585752440404092e-09
2.1396901358498085e-09
2.50074946884441e-09
2.785872587630842e-09
2.932109503196778e-09
2.8859711631005913e-09
2.625768746034502e-09
2.1805215851876746e-09
1.6300256375066988e-09
1.0822261001540646e-09
6.322997995142838e-10
3.2804732968022605e-10
1.6269178413724956e-10
9.540978844412412e-11
8.163815307118715e-11
9.148190479677251e-11
1.1130724729290431e-10
1.3715544264870054e-10
1.6886740291136125e-10
2.0736979835526084e-10
2.5391855990178283e-10
3.0997561366695616e-10
3.7720649142474903e-10
4.574876430850157e-10
5.529101426032205e-10
6.657739074463541e-10
7.985710518057436e-10
9.539562989514149e-10
1.13469670485689e-09
1.343604324021351e-09
1.5834409013970201e-09
1.8567956825433569e-09
2.165937816834198e-09
2.5126291556896084e-09
2.8979206933142722e-09
3.3219139907931818e-09
3.783507965877979e-09
4.280151814605743e-09
4.807584475479445e-09
5.359640521693374e-09
5.928086824298677e-09
6.5025590374365985e-09
7.070634806434251e-09
7.61801538868971e-09
8.128940966791857e-09
8.586742326484623e-09
8.974630371207043e-09
9.276624717096133e-09
9.478651307013745e-09
9.569679150959147e-09
9.542800474518455e-09
9.39635378719201e-09
9.134351374250287e-09
8.767239815349799e-09
8.311387966196854e-09
7.788470665146721e-09
7.2247751857202525e-09
6.648234955832373e-09
6.088146202317666e-09
5.570992051996672e-09
5.11979343588001e-09
4.750733888940455e-09
4.473192663599933e-09
4.28663116187388e-09
4.182853469343976e-09
4.144239945828881e-09
4.145947175133249e-09
4.157292593017574e-09
4.143931490738211e-09
4.071437186840588e-09

