2.265569169227785e-15
3.419517558902401e-15
5.159180491954964e-15
7.780365991957837e-15
1.1727201006770293e-14
1.7665703533372523e-14
2.6593257825426575e-14
4.000118208581482e-14
6.011511743261919e-14
9.02497092918657e-14
1.3532916194001883e-13
2.026474297129808e-13
3.0297331160373634e-13
4.5214086073506403e-13
6.733263859469331e-13
1.0002656228792232e-12
1.4817395474306622e-12
2.1877535617366753e-12
3.2177969185411974e-12
4.711701724620633e-12
6.863260631552616e-12
9.936341884293617e-12
1.4282738639755553e-11
2.0357813521023354e-11
2.8729780756191006e-11
4.0071075517579314e-11
5.5115489403376105e-11
7.456575699368779e-11
9.891168847291971e-11
1.281642079400694e-10
1.6148772883105263e-10
1.9679404784443693e-10
2.3049742176979424e-10
2.5755436345068845e-10
2.722660187016644e-10
2.6977873008435097e-10
2.4812399405648334e-10
2.0996265418815886e-10
1.6262576707394687e-10
1.160855354070711e-10
7.923582870515357e-11
5.671670616792325e-11
4.822461546047781e-11
5.036754049060492e-11
5.94459829703304e-11
7.316572655441667e-11
9.081464319957547e-11
1.1268136083163678e-10
1.3953363952169914e-10
1.723875143498612e-10
2.124579227555974e-10
2.6116888653586893e-10
3.201753797581873e-10
3.9138369387073904e-10
4.769701569839685e-10
5.793927250488313e-10
7.013948380413823e-10
8.459986981780139e-10
1.0164809382502622e-09
1.2163329696620532e-09
1.449195227008683e-09
1.7187670253430609e-09
2.028687409521313e-09
2.3823830373463365e-09
2.782889223958056e-09
3.2326397568886493e-09
3.7332415806080446e-09
4.285232940582512e-09
4.887861329416118e-09
5.538878842889695e-09
6.234399732154128e-09
6.968874585857017e-09
7.735113768211536e-09
8.524612585139387e-09
9.327900855296522e-09
1.0135211915349857e-08
1.0937458465446223e-08
1.1726991794214557e-08
1.2499286430556954e-08
1.3253732079882456e-08
1.3995181351520407e-08
1.4735096458400252e-08
1.549177534767469e-08
1.629141755046924e-08
1.7166732376361443e-08
1.8156846855981098e-08
1.9303743954869955e-08
2.0651718795613833e-08
2.2240337448597216e-08
2.4103416104752764e-08
2.6261097004094736e-08
2.8714863582578497e-08
3.14418866147948e-08
3.4385700498867444e-08
3.7450857794070955e-08
4.049436347775423e-08
4.3319484388410956e-08
4.5677438121722665e-08
4.7270900245153955e-08
4.7781548345349546e-08

