1.6111168858901897e-15
2.431572264610179e-15
3.668379009432904e-15
5.531758813222178e-15
8.33731101319599e-15
1.2558269578568874e-14
1.8903254433250387e-14
2.843171987362483e-14
4.2724654534205726e-14
6.413642089223579e-14
9.616434756208582e-14
1.4398843321861663e-13
2.1525588149618976e-13
3.21210150134134e-13
4.783074053995993e-13
7.105004672988576e-13
1.052423597124602e-12
1.553779953886587e-12
2.2852072492841658e-12
3.345991524239651e-12
4.873744870850832e-12
7.055866381483678e-12
1.0142251334083865e-11
1.4456466838466985e-11
2.0402456160092938e-11
2.8458598818780105e-11
3.914756789836249e-11
5.2971117939108674e-11
7.028150506058494e-11
9.109322752158847e-11
1.1482250746275649e-10
1.399990735508093e-10
1.6409151730719378e-10
1.835338887897083e-10
1.9429259917865554e-10
1.9292940483651056e-10
1.7804948378207654e-10
1.5154390655789175e-10
1.1862724718178318e-10
8.64065467582999e-11
6.124544568961808e-11
4.650658751409723e-11
4.205429348396403e-11
4.556701528307002e-11
5.451537113488192e-11
6.738672967696016e-11
8.381969269900504e-11
1.0419796755083009e-10
1.2928572036640675e-10
1.6007038655726506e-10
1.9773558970121808e-10
2.4367745633957833e-10
2.9953021971688466e-10
3.671908673262274e-10
4.488433041053906e-10
5.469765626220606e-10
6.643966835210867e-10
8.042293525420403e-10
9.699063857864394e-10
1.1651381714918592e-09
1.393861137758601e-09
1.6601621873316938e-09
1.968173766848697e-09
2.321938069683479e-09
2.7252419950776767e-09
3.181421901179204e-09
3.6931530130370964e-09
4.262216100982045e-09
4.889292556556546e-09
5.573763481359082e-09
6.313580508400168e-09
7.105256180821469e-09
7.943886909707845e-09
8.823525014587285e-09
9.737530074600839e-09
1.0679299000425783e-08
1.1643298066913347e-08
1.262586841845662e-08
1.3627041297463421e-08
1.4651361279578561e-08
1.5709625706037047e-08
1.6819957116019675e-08
1.800837907352461e-08
1.9309493203715e-08
2.0765477997182326e-08
2.2425553687069337e-08
2.4342143103500398e-08
2.6570179268967772e-08
2.9158810446847962e-08
3.2149904009692826e-08
3.556816026545153e-08
3.9414481119527045e-08
4.3657208178228377e-08
4.821948284434633e-08
5.296911071252316e-08
5.770533261596318e-08
6.214655222107789e-08
6.59308170409436e-08
6.861730278798228e-08
6.972569911174972e-08

