1.3059899127152383e-15
1.9709756901546912e-15
2.9733675463092177e-15
4.4834981695030885e-15
6.757067311581639e-15
1.0177467498384559e-14
1.531875512786324e-14
2.3039147030867384e-14
3.4619255354894224e-14
5.196601967641389e-14
7.791197857931367e-14
1.1665227054684282e-13
1.74379856649682e-13
2.601996784486126e-13
3.874374482821357e-13
5.754889223674064e-13
8.523986906681939e-13
1.2584130406834268e-12
1.8507304897978577e-12
2.709750206842109e-12
3.946913725543771e-12
5.713996334481913e-12
8.21341876954823e-12
1.1707335059270278e-11
1.6523125600187537e-11
2.3048693061038403e-11
3.170821794914072e-11
4.2909578419211553e-11
5.6940538411580735e-11
7.38166246199071e-11
9.307044614486271e-11
1.1351837077498663e-10
1.331186805342515e-10
1.4899216933141648e-10
1.5787963185968227e-10
1.570012770993751e-10
1.4522918991305805e-10
1.2409579629590786e-10
9.78292335756673e-11
7.220002875022431e-11
5.2389517537531565e-11
4.116005928806011e-11
3.844808849093566e-11
4.2424362781454584e-11
5.109793928500358e-11
6.331294359735614e-11
7.886294603837805e-11
9.816634173927473e-11
1.2197493329082424e-10
1.5125126845890794e-10
1.8715227100853117e-10
2.3104890228894845e-10
2.845542274042621e-10
3.495510735825166e-10
4.282200970378301e-10
5.230628621778126e-10
6.369197154732184e-10
7.729795672079844e-10
9.347747420153922e-10
1.126162972152091e-09
1.351285464783125e-09
1.6145031460222689e-09
1.9203036853860153e-09
2.273179177022052e-09
2.6774733907990874e-09
3.1371995228426126e-09
3.6558425598876845e-09
4.236135066083178e-09
4.879866662674779e-09
5.5876891459187805e-09
6.358999652737286e-09
7.191945049996332e-09
8.083450547567291e-09
9.029626695279974e-09
1.0026131286353448e-08
1.1068950943418655e-08
1.2155478799813485e-08
1.328538094228362e-08
1.4462501834587719e-08
1.5695755240194213e-08
1.7001009598416185e-08
1.8402142558959498e-08
1.9931904533539104e-08
2.163233571836911e-08
2.355409804043885e-08
2.5755594676844218e-08
2.8299042093860235e-08
3.124948786779859e-08
3.466578947236628e-08
3.8598443029049906e-08
4.307831163400803e-08
4.810832391153381e-08
5.3652203697528e-08
5.961854555215789e-08
6.584649260327216e-08
7.208783672047691e-08
7.798898885816732e-08
8.308961795249499e-08
8.682167301722431e-08
8.855849087326175e-08

