1.230839327698946e-14
1.858079886912645e-14
2.8038834711374233e-14
4.2292458870020646e-14
6.375946572031542e-14
9.60665174918716e-14
1.4464603027803383e-13
2.176227549388618e-13
3.2712506598993525e-13
4.912201287847486e-13
7.367546331192803e-13
1.1035039389101078e-12
1.6502045647784738e-12
2.4632365616550753e-12
3.6690546794901285e-12
5.451751507284532e-12
8.077542794085274e-12
1.1928487985930524e-11
1.7547540654545322e-11
2.5697739954733394e-11
3.7436354649308964e-11
5.420245665203483e-11
7.791362269738172e-11
1.1104996173444948e-10
1.5670248779120108e-10
2.1852222397824107e-10
3.004803438521362e-10
4.0635559575964773e-10
5.387304458666887e-10
6.97527529509481e-10
8.779925606733439e-10
1.0684745670014817e-09
1.2491033387612804e-09
1.39203939098357e-09
1.4659100979524755e-09
1.4440508358973153e-09
1.3156499734724372e-09
1.0951932654038951e-09
8.225201932306175e-10
5.515589882659479e-10
3.299235752095009e-10
1.8163763587373813e-10
1.0352076319439558e-10
7.54179776811485e-11
7.532730514992856e-11
8.86024965384736e-11
1.087660344444939e-10
1.342339070402119e-10
1.6539110500455913e-10
2.0324496020348367e-10
2.490560054037393e-10
3.042849804531836e-10
3.7059953161488327e-10
4.4988346460842953e-10
5.442421828183784e-10
6.559988367472426e-10
7.876799198155837e-10
9.419881073956043e-10
1.1217547115907629e-09
1.3298751617185723e-09
1.5692166620782083e-09
1.8424991914200736e-09
2.1521505097863958e-09
2.500122430248038e-09
2.8876892552262464e-09
3.3152117304751353e-09
3.781886363517923e-09
4.28549777927631e-09
4.822162305115697e-09
5.386131303699525e-09
5.969629298099885e-09
6.562794867598769e-09
7.153744187727542e-09
7.728771583029408e-09
8.272751917475353e-09
8.769701706404076e-09
9.203597777514923e-09
9.559256054474436e-09
9.823528270636859e-09
9.986361467774882e-09
1.0041913555635565e-08
9.989765217087106e-09
9.835102744754339e-09
9.589818053701454e-09
9.271572264598555e-09
8.903413848997418e-09
8.512813781273503e-09
8.128683664795353e-09
7.78079886014514e-09
7.495391898794389e-09
7.29465851561936e-09
7.1918050674830775e-09
7.192775117587535e-09
7.290110006174673e-09
7.46692151201476e-09
7.692874871887706e-09
7.927168588833114e-09
8.119163250423286e-09
8.211956116847297e-09
8.147517663806538e-09

