4.542582018072406e-15
6.85697704623372e-15
1.0346496623926779e-14
1.5604849335344937e-14
2.3523554463808886e-14
3.5439732363820544e-14
5.335604744971927e-14
8.026736294200393e-14
1.2064382702056294e-13
1.8114372876379935e-13
2.716598457737638e-13
4.0684761448142257e-13
6.08346810523075e-13
9.079790287983595e-13
1.3523256362026529e-12
2.0091957500326728e-12
2.9766439750236635e-12
4.395390582096389e-12
6.465418227831211e-12
9.467784212418086e-12
1.3791956095900748e-11
1.9968124967990424e-11
2.87029336771301e-11
4.0910638230706066e-11
5.773128440134083e-11
8.051256158732153e-11
1.1072239821307702e-10
1.4976147969141938e-10
1.9859531775810288e-10
2.572171385215552e-10
3.239067088691187e-10
3.9441337476778634e-10
4.6146678195315167e-10
5.148638175233398e-10
5.430934287032617e-10
5.363635967121028e-10
4.907039498596855e-10
4.114555368753685e-10
3.1331746360958625e-10
2.1622788859152118e-10
1.3786594659283599e-10
8.728063672616388e-11
6.353614661325588e-11
5.946235644284251e-11
6.723307377951942e-11
8.177673617483259e-11
1.0109815924837623e-10
1.250866523052874e-10
1.5444905530514393e-10
1.9022471855304534e-10
2.3366191612844723e-10
2.862114104123279e-10
3.495418578762431e-10
4.255538816280616e-10
5.163910303032147e-10
6.24442230497641e-10
7.523347651401603e-10
9.029152316442849e-10
1.0792111638981697e-09
1.2843761409197626e-09
1.5216076498470917e-09
1.7940390978198822e-09
2.104604242671385e-09
2.455865455560312e-09
2.8498198863410254e-09
3.2876726637474784e-09
3.769595317732682e-09
4.2944782420974925e-09
4.859687749752734e-09
5.460863431157998e-09
6.091762439491734e-09
6.74421388250894e-09
7.408158633059755e-09
8.071905100060155e-09
8.722499733298259e-09
9.346325868787398e-09
9.929997299907317e-09
1.0461138642690148e-08
1.0929830920139887e-08
1.1329493542630232e-08
1.1658164472953194e-08
1.1919767390840835e-08
1.212405314369234e-08
1.2288032839110298e-08
1.243441326031637e-08
1.2591732298730819e-08
1.2791888364935905e-08
1.3068722566479186e-08
1.3454043118588533e-08
1.3975550232580632e-08
1.4652695962676358e-08
1.5492297428538604e-08
1.6487392480110977e-08
1.761025976719422e-08
1.8812950645761284e-08
2.0022363608711392e-08
2.114023694256108e-08
2.20446782389529e-08
2.2594584452977065e-08
2.2642961342193043e-08

