3.222891656035508e-15
4.864710505634743e-15
7.340032303121878e-15
1.1069897464956986e-14
1.6686506265843336e-14
2.513798809308207e-14
3.78443102605437e-14
5.692881630009261e-14
8.556062609799332e-14
1.2845986396107827e-13
1.9263920963688882e-13
2.884868754201362e-13
4.3134100276346243e-13
6.437555197431157e-13
9.587442210258144e-13
1.4243642350762477e-12
2.1101065865271454e-12
3.115698466768911e-12
4.582866892334031e-12
6.710801586109556e-12
9.775538910323315e-12
1.4152886380946447e-11
2.03437891448234e-11
2.8996501487151966e-11
4.0919616328328307e-11
5.7069450535319073e-11
7.848848472281491e-11
1.0617302726706091e-10
1.4081319396983916e-10
1.8241303695582673e-10
2.2976597130681528e-10
2.798760145611096e-10
3.276101174547898e-10
3.65757653757851e-10
3.861782278325894e-10
3.8194354027703476e-10
3.502441510645677e-10
2.948675304697994e-10
2.2624192727130903e-10
1.5852963564751801e-10
1.0431984076919456e-10
7.010988692349703e-11
5.5335452355788836e-11
5.5021758253417025e-11
6.374014239986333e-11
7.803468055754174e-11
9.666013743482053e-11
1.1974401872587055e-10
1.4803555746897282e-10
1.8256773466463266e-10
2.245763089230279e-10
2.755024698376501e-10
3.3701125903719127e-10
4.1100835677726995e-10
4.996543477093531e-10
6.053710268695205e-10
7.308389378244652e-10
8.789834432303427e-10
1.0529421506746776e-09
1.2560162497808968e-09
1.4915950317664464e-09
1.7630551227170181e-09
2.0736314038255863e-09
2.426253164660731e-09
2.8233559547642733e-09
3.266661247991583e-09
3.756941173839645e-09
4.293772507966625e-09
4.875302162950039e-09
5.498042649534987e-09
6.156721180083497e-09
6.8442420440249355e-09
7.551717022638202e-09
8.268751199840395e-09
8.983801024684418e-09
9.684800369531454e-09
1.0360090329957888e-08
1.0999176249137809e-08
1.1594285434931618e-08
1.2141189648949075e-08
1.2640596828314622e-08
1.3099373919373053e-08
1.353055930652944e-08
1.3954695564500835e-08
1.4398247038868501e-08
1.4893732318402267e-08
1.547664276860962e-08
1.6184610284906557e-08
1.7051855789405348e-08
1.8107907594823827e-08
1.937161203130374e-08
2.0846812828346975e-08
2.2519214899103e-08
2.434880016418089e-08
2.626795147959117e-08
2.8175461515272165e-08
2.993424624025877e-08
3.1373242190167304e-08
3.229175645420675e-08
3.2478477115238175e-08

