1.7597104202057857e-14
2.6565052469083785e-14
4.00878786709572e-14
6.046766754919754e-14
9.116170569965012e-14
1.3735599334196993e-13
2.0681886478716282e-13
3.111689359512124e-13
4.677504877383023e-13
7.024011638919137e-13
1.053514890574036e-12
1.5779762229456682e-12
2.359788469646581e-12
3.522491979606138e-12
5.246944370563964e-12
7.796440932632132e-12
1.1551735402110107e-11
1.7059268801153844e-11
2.5095600369332097e-11
3.6752058596163e-11
5.3540766487732275e-11
7.751985141730952e-11
1.1143167147252443e-10
1.5882283917551735e-10
2.241131405258029e-10
3.1252229530147586e-10
4.297261978420977e-10
5.811228248860975e-10
7.703951064895962e-10
9.974162127322645e-10
1.2553632540063024e-09
1.527541936013877e-09
1.7854965246185194e-09
1.9893711188911426e-09
2.0942612473064867e-09
2.0620071816522493e-09
1.8771361133837012e-09
1.5603621004971304e-09
1.1686477403433097e-09
7.790701081786281e-10
4.596264835254113e-10
2.445309411906439e-10
1.2906300652893866e-10
8.42116507825193e-11
7.830768656782858e-11
9.01713702716365e-11
1.1025968214184819e-10
1.3597222223116157e-10
1.674620539133651e-10
2.0570302772539802e-10
2.519545163546502e-10
3.076781482191747e-10
3.7454041275001866e-10
4.54420845383148e-10
5.49416434881415e-10
6.618366188181269e-10
7.941875374553475e-10
9.491434184341521e-10
1.129497394366708e-09
1.3380952929396447e-09
1.5777415126321558e-09
1.8510781053498452e-09
2.1604382109052405e-09
2.507660241567349e-09
2.893885104703253e-09
3.319318627851343e-09
3.782979351935305e-09
4.282451190966615e-09
4.81362455557381e-09
5.370501173953548e-09
5.945031318523686e-09
6.5270520867472526e-09
7.1043565726054124e-09
7.662883233898791e-09
8.18712581936225e-09
8.660688697886296e-09
9.067088544444434e-09
9.390661586447133e-09
9.617702636731906e-09
9.737569397396897e-09
9.743775365497265e-09
9.635154860822757e-09
9.416178120060695e-09
9.097867366717522e-09
8.6970989058897e-09
8.236074731889347e-09
7.741566624158187e-09
7.2418445379242505e-09
6.7664247204790735e-09
6.341616990326361e-09
5.990158958516195e-09
5.726904647946382e-09
5.559971430948802e-09
5.485888967719942e-09
5.4931142004782915e-09
5.558869934268874e-09
5.652037524500817e-09
5.733966696374141e-09
5.761445827346e-09
5.690738596858889e-09

