6.464776427775553e-15
9.758842362246598e-15
1.4725655340452747e-14
2.2210451292734163e-14
3.3482507824172525e-14
5.044560990277724e-14
7.595128260390974e-14
1.1426402090942575e-13
1.717493443980756e-13
2.5788915546839646e-13
3.867721650176253e-13
5.792707020901854e-13
8.662054873935883e-13
1.292900500013433e-12
1.9257044143556027e-12
2.861204362988212e-12
4.239071529976356e-12
6.259752673392936e-12
9.208108545412502e-12
1.348447685008422e-11
1.9643592431936916e-11
2.8440577503617692e-11
4.088176200127931e-11
5.82689333045179e-11
8.222499478924513e-11
1.1466773044307194e-10
1.5768469662182348e-10
2.1326532299155965e-10
2.8277565694689505e-10
3.6619203921796504e-10
4.6104423051961053e-10
5.612513248226373e-10
6.56426218406817e-10
7.320027784463553e-10
7.715561476456419e-10
7.611198338326262e-10
6.950309803310276e-10
5.808939132009851e-10
4.396297280921862e-10
2.995895656337827e-10
1.8586337352623713e-10
1.112100371725479e-10
7.414305915098937e-11
6.428386915112563e-11
7.030311534759497e-11
8.476487475011016e-11
1.0457013308959306e-10
1.292492687448989e-10
1.594351576113415e-10
1.961645562447612e-10
2.4069327733255434e-10
2.9447762945894777e-10
3.59186893529809e-10
4.367152598460074e-10
5.291902523523664e-10
6.389722660933342e-10
7.686441200538196e-10
9.209882234330842e-10
1.0989439097161215e-09
1.3055480084265165e-09
1.5438478871692338e-09
1.8167882531582872e-09
2.1270710473618614e-09
2.476978031128447e-09
2.868173142246623e-09
3.30147122505318e-09
3.776592070592613e-09
4.2919124610345446e-09
4.844216971923804e-09
5.428497646984628e-09
6.037795172281511e-09
6.6631471501602865e-09
7.293637492410596e-09
7.916627760432447e-09
8.518140542485782e-09
9.083439680918199e-09
9.597892330184025e-09
1.0047784107253402e-08
1.0421661761567353e-08
1.0711283816211961e-08
1.0912819229218339e-08
1.1028119567021056e-08
1.1064694647092887e-08
1.1037100637693891e-08
1.0965544484465337e-08
1.0875867273923591e-08
1.0797726094734996e-08
1.0762468305266688e-08
1.0800706990527972e-08
1.0939196633157081e-08
1.1198442587472104e-08
1.1587919683231698e-08
1.2106573487491549e-08
1.2735980607594101e-08
1.3442747933388736e-08
1.4174001337238088e-08
1.4858954536456772e-08
1.540999523882987e-08
1.572693234055723e-08
1.5706296615303444e-08

