1.140289830699932e-15
1.720854119536568e-15
2.5959604382731365e-15
3.914285669261715e-15
5.8990112337847836e-15
8.88475837115912e-15
1.3372537244197505e-14
2.0111329555008116e-14
3.0218704264904064e-14
4.5358750725378845e-14
6.800318888523104e-14
1.0181263713293167e-13
1.5219081067366222e-13
2.2708206999515265e-13
3.3811326019777897e-13
5.022071117345709e-13
7.4383218155371e-13
1.0981028030366628e-12
1.6149244209141491e-12
2.3644466578953967e-12
3.4439083150008366e-12
4.98575062273342e-12
7.166626399194531e-12
1.021535208435917e-11
1.4417738746681056e-11
2.011255073137718e-11
2.767044974328211e-11
3.744825261066373e-11
4.96985370098149e-11
6.443710401150928e-11
8.125932177614764e-11
9.913658524756074e-11
1.1629230205566793e-10
1.3021930544295783e-10
1.3807808796332592e-10
1.3744585150372907e-10
1.2733942527213053e-10
1.0909658915213873e-10
8.640988856025301e-11
6.432363710819953e-11
4.737580617136893e-11
3.800054150591326e-11
3.617059704439821e-11
4.032096964766669e-11
4.8749829978904243e-11
6.049143545435992e-11
7.541938800559074e-11
9.396617405202421e-11
1.1687150922404406e-10
1.4507847448289875e-10
1.7972306949041213e-10
2.2215587081283732e-10
2.7397172028171693e-10
3.370394473650104e-10
4.1353265285256795e-10
5.05956246453139e-10
6.171686306860017e-10
7.503967059054254e-10
9.092369047903498e-10
1.0976443541370463e-09
1.3198989949709382e-09
1.5805508765684277e-09
1.8843365756972536e-09
2.236067385827492e-09
2.6404865633658966e-09
3.1020975887373775e-09
3.624977115678566e-09
4.212558970620454e-09
4.867455155817932e-09
5.591267267728796e-09
6.384480126869304e-09
7.246477708271266e-09
8.175579105008817e-09
9.169471494976663e-09
1.0225584716615524e-08
1.1341913685489079e-08
1.2518132810216777e-08
1.375651918478461e-08
1.506392417302501e-08
1.6452735087433385e-08
1.7942871259871656e-08
1.9562850711085386e-08
2.135087183736049e-08
2.3355073528675088e-08
2.5633118738464327e-08
2.8251080839067583e-08
3.12794867340254e-08
3.4792079458409625e-08
3.885632348486398e-08
4.35306352201846e-08
4.88520856153563e-08
5.4826681053866305e-08
6.141610874827745e-08
6.851898494732993e-08
7.595307314375345e-08
8.343328851427185e-08
9.05487106816183e-08
9.6759279402655e-08
1.0139241960823187e-07
1.036996880798189e-07

