7.2330561356600235e-16
1.0914567824629677e-15
1.6463195147656282e-15
2.4821038060328165e-15
3.7402098285281955e-15
5.632611888606197e-15
8.476642102505593e-15
1.2746626336075787e-14
1.9150215687752623e-14
2.874097764098128e-14
4.308360240542381e-14
6.449511357040562e-14
9.63954598342103e-14
1.4381203895496625e-13
2.1410201253680246e-13
3.179729766353768e-13
4.709064808156054e-13
6.951196696432945e-13
1.0221893082083583e-12
1.496505080588159e-12
2.1796075626149636e-12
3.155336186017277e-12
4.535556639949453e-12
6.4652429639760866e-12
9.125618880655985e-12
1.2731739786275985e-11
1.751938509626058e-11
2.371641203020841e-11
3.1485962538563876e-11
4.0843025073332294e-11
5.153859384060746e-11
6.293096939003072e-11
7.390674374946535e-11
8.289060454989915e-11
8.809528685588873e-11
8.799379640300159e-11
8.196653364195378e-11
7.086213173166613e-11
5.7025441698820994e-11
4.3670254437429975e-11
3.3707557197781344e-11
2.8732794127913072e-11
2.8794309497320986e-11
3.29749073926136e-11
4.028194775785404e-11
5.0207457955949944e-11
6.280207311662154e-11
7.850493589994955e-11
9.799183377808773e-11
1.2211857308712356e-10
1.519256123194637e-10
1.8866527468330361e-10
2.3383659024876966e-10
2.892221326575873e-10
3.56928509896626e-10
4.394258812656098e-10
5.395868172303174e-10
6.607222657151441e-10
8.066081437419663e-10
9.815050787078902e-10
1.1901599575743073e-09
1.4377919099485679e-09
1.7300531253492297e-09
2.0729665582279154e-09
2.4728339326553374e-09
2.9361175449584752e-09
3.4693085899705805e-09
4.07876086449681e-09
4.77057138617308e-09
5.550437626217972e-09
6.4236107343901036e-09
7.394976003464163e-09
8.4691496332488e-09
9.651031758644225e-09
1.0946279934029581e-08
1.23623353223714e-08
1.3909737317953782e-08
1.5603381236741533e-08
1.746481500819935e-08
1.952367029172236e-08
2.1820205983013944e-08
2.440668261236336e-08
2.734944555204859e-08
3.07289156905541e-08
3.464030066074305e-08
3.919184381092105e-08
4.4500965411471216e-08
5.069192385664824e-08
5.78845435580216e-08
6.618840238086273e-08
7.568576006741017e-08
8.64142533228663e-08
9.834345065601442e-08
1.1134009091538861e-07
1.251311746946207e-07
1.3925757392279181e-07
1.5302184921947853e-07
1.654698041255256e-07
1.7537013969532592e-07
1.813062882952435e-07

