9.267534063250693e-16
1.3985342147186108e-15
2.1096293219222253e-15
3.1808167420885993e-15
4.7933868080897096e-15
7.219134878507203e-15
1.0864979022368503e-14
1.6339199479866255e-14
2.4549364755862915e-14
3.6846785014557116e-14
5.523848223646466e-14
8.269669305443022e-14
1.236087380133918e-13
1.844244220453004e-13
2.7458290624542374e-13
4.0782239333692814e-13
6.040066215665701e-13
8.916415851876961e-13
1.3112414654749482e-12
1.9197572717072706e-12
2.7961377858772237e-12
4.047924483010271e-12
5.818581081429851e-12
8.293978601345088e-12
1.1706366469233573e-11
1.6331172475910838e-11
2.247003399780858e-11
3.041383529225231e-11
4.0369556284474425e-11
5.235291940947658e-11
6.60395018976834e-11
8.05995426593025e-11
9.459694022781099e-11
1.060026760519894e-10
1.1251692851837322e-10
1.1217616578308657e-10
1.0418351594965716e-10
8.962610886820884e-11
7.150634801263569e-11
5.393189414726468e-11
4.0609430779705166e-11
3.35465650917742e-11
3.2758387248719405e-11
3.70155571994224e-11
4.498364303595078e-11
5.5936137895368945e-11
6.984303419855138e-11
8.714707568845409e-11
1.085632931427061e-10
1.3499938280278227e-10
1.675529865084324e-10
2.0753612435788677e-10
2.5650733473423e-10
3.1630465431747114e-10
3.890807697297039e-10
4.773352572257556e-10
5.83943983734876e-10
7.121830283768829e-10
8.657404281053962e-10
1.0487179686995351e-09
1.265611712910974e-09
1.5212736638787039e-09
1.8208456420369717e-09
2.169666920253647e-09
2.573150760281544e-09
3.0366329362752627e-09
3.56520536145572e-09
4.163517562281398e-09
4.835619923600675e-09
5.5847900745732515e-09
6.4134478410249635e-09
7.32319432886664e-09
8.314867051309306e-09
9.389019712593332e-09
1.0546328614857617e-08
1.1788492516387129e-08
1.3119419632920718e-08
1.4546270927965074e-08
1.6081553517557414e-08
1.7744243684803967e-08
1.9561989038261223e-08
2.1572250686865823e-08
2.3823778271087698e-08
2.6376678769389158e-08
2.9302447674680298e-08
3.2682516661620896e-08
3.6604296363233724e-08
4.115946923473975e-08
4.6433733856689886e-08
5.250286019957753e-08
5.941853083127065e-08
6.719580481090072e-08
7.579605348051272e-08
8.510243682501778e-08
9.489520139748818e-08
1.0482111008451349e-07
1.1436017154278954e-07
1.2281758357241918e-07
1.2931482904925277e-07
1.3286019242313297e-07

