6.156185147797131e-16
9.289251181281693e-16
1.4011085586047325e-15
2.11232294256698e-15
3.1828658256084594e-15
4.793067193810155e-15
7.212872849832165e-15
1.0845758395638949e-14
1.629364268704542e-14
2.445263288796682e-14
3.665350706162285e-14
5.486682034653947e-14
8.200101227823621e-14
1.223313973412809e-13
1.8211433739625843e-13
2.704551140869389e-13
4.0051838558764695e-13
5.911963153950465e-13
8.693402231578015e-13
1.2726979282710702e-12
1.853604514227806e-12
2.6833640526079643e-12
3.857127713467088e-12
5.4982300547493356e-12
7.760885017101039e-12
1.0828170712858038e-11
1.490094705565073e-11
2.017358488036109e-11
2.678579324351763e-11
3.475179738870831e-11
4.386194994421189e-11
5.357333060366076e-11
6.294241078378354e-11
7.063304994384232e-11
7.512845207114071e-11
7.513220188770847e-11
7.011848108378281e-11
6.080987594164724e-11
4.920310550557222e-11
3.8037829924759735e-11
2.9801562580698814e-11
2.5868095008677314e-11
2.629917011052968e-11
3.033828447239444e-11
3.716878008641989e-11
4.639261575783363e-11
5.809612372382541e-11
7.270802174131936e-11
9.087310326499009e-11
1.1340762454632619e-10
1.413077004402422e-10
1.7577792170220274e-10
2.1826767141768035e-10
2.7051027590966765e-10
3.345668334117583e-10
4.128705292881388e-10
5.082719368035972e-10
6.240834594593509e-10
7.64116702321489e-10
9.327155808206866e-10
1.134774002800852e-09
1.375740901498265e-09
1.6616029323514652e-09
1.9988468576047088e-09
2.3943945679188156e-09
2.8555138929371864e-09
3.3897178687093348e-09
4.004629268737585e-09
4.7078952038734415e-09
5.5070763381718215e-09
6.409636903193069e-09
7.423065219415446e-09
8.555014675918962e-09
9.813920913204611e-09
1.1209545034706844e-08
1.2754111887446458e-08
1.4463746205901437e-08
1.635992898915461e-08
1.8471984988598325e-08
2.0838812077993393e-08
2.3511740744253373e-08
2.6556191820625455e-08
3.0054287404039965e-08
3.4104946690128084e-08
3.8825185470642146e-08
4.4348307174706994e-08
5.082021611740531e-08
5.839668140838319e-08
6.72313228024383e-08
7.746826256215711e-08
8.922256336607583e-08
1.0255863562589898e-07
1.1746098784948832e-07
1.337898071191682e-07
1.5123243453401928e-07
1.6924146222508287e-07
1.869639538020685e-07
2.032114497183775e-07
2.1642733488254213e-07
2.2479615408818656e-07

