5.154236742815664e-16
7.77707714598924e-16
1.172977272699246e-15
1.7683140047236498e-15
2.664390433313963e-15
4.012109599191344e-15
6.0373539252746635e-15
9.077720749956803e-15
1.3636821892515787e-14
2.0464369702720274e-14
3.067367888853376e-14
4.5913214356994716e-14
6.861591624046038e-14
1.0235798474828359e-13
1.5237253668081635e-13
2.2627544948845828e-13
3.3507775917509294e-13
4.945809182435974e-13
7.272436020052538e-13
1.0646391913113782e-12
1.550544379684846e-12
2.244607563786765e-12
3.226435554867259e-12
4.599233103281592e-12
6.492079218327131e-12
9.058277249168336e-12
1.2466141419863016e-11
1.6878774777544914e-11
2.241388599056469e-11
2.908467202108362e-11
3.671763633297317e-11
4.486113466043549e-11
5.2728946090371725e-11
5.920668207854065e-11
6.302855850129562e-11
6.311235707477753e-11
5.901952767017497e-11
5.1355552114489386e-11
4.179311264640528e-11
3.262975665868017e-11
2.5956863739015937e-11
2.2938855693604633e-11
2.3646207465889532e-11
2.746790474725638e-11
3.374659002783731e-11
4.2181233819662017e-11
5.288483533930441e-11
6.626827921987667e-11
8.293756846036597e-11
1.0366013881107746e-10
1.2937649879229782e-10
1.6122992151955152e-10
2.0060395962600336e-10
2.491637631998461e-10
3.0890320828954183e-10
3.821942757937084e-10
4.718394158227037e-10
5.811256121248022e-10
7.138744509098163e-10
8.744913659100668e-10
1.06800346117429e-09
1.30008887448568e-09
1.577088380947091e-09
1.90600103170444e-09
2.294456968773308e-09
2.7506698150524855e-09
3.28338143189644e-09
3.90177437975354e-09
4.615438597280451e-09
5.434314152811071e-09
6.368741090186902e-09
7.429646307607338e-09
8.628761205392987e-09
9.979339267575465e-09
1.1496818837141563e-08
1.320013561210078e-08
1.511335967877236e-08
1.7267464695035542e-08
1.9703134760993432e-08
2.247298040580863e-08
2.5644923790080382e-08
2.9304402238828723e-08
3.3557822029806757e-08
3.853307703212148e-08
4.4381825206648974e-08
5.127795150134471e-08
5.941438234704032e-08
6.900013611208899e-08
8.024752099158749e-08
9.336280979257602e-08
1.0852309945666078e-07
1.258481646148204e-07
1.4536200958543437e-07
1.6693253826922116e-07
1.9020339278428598e-07
2.1450499980730781e-07
2.387509687063469e-07
2.6138503029492275e-07
2.8032440973616313e-07
2.930926110059542e-07

