4.614802291254917e-16
6.962973781955211e-16
1.0501637251012044e-15
1.5831254807486177e-15
2.3852937122385915e-15
3.591735758476306e-15
5.404623097753399e-15
8.12610501124605e-15
1.2206898295576886e-14
1.831794968682713e-14
2.745557572537181e-14
4.109495902356835e-14
6.141323282177688e-14
9.16105012744382e-14
1.3636942632039056e-13
2.0250466857729784e-13
2.998687336557042e-13
4.426004176309361e-13
6.507952843288833e-13
9.527048737792633e-13
1.3875011011412315e-12
2.008560369480116e-12
2.887123582809201e-12
4.1155591192061214e-12
5.8094105885723265e-12
8.105938978844853e-12
1.115590794497862e-11
1.5105531049427407e-11
2.0060575305104957e-11
2.6033529806264095e-11
3.28701357050799e-11
4.016759030092624e-11
4.7224010459691273e-11
5.304403395180275e-11
5.649672893305237e-11
5.6615055542808205e-11
5.3007470391244926e-11
4.621649458416257e-11
3.7740274065516724e-11
2.963781733991808e-11
2.3786143487690098e-11
2.12353660201362e-11
2.205878345577715e-11
2.5721683013677853e-11
3.1650212102852356e-11
3.959284572353389e-11
4.967350603912165e-11
6.228914947216945e-11
7.801952040641803e-11
9.759917143055646e-11
1.219306520353512e-10
1.5211457494254645e-10
1.8948757861633452e-10
2.356646925162797e-10
2.925881896701439e-10
3.6257983871746237e-10
4.4839746257598516e-10
5.532949265262708e-10
6.810803493586137e-10
8.361759395510851e-10
1.0236695027654657e-09
1.2493607202949815e-09
1.5197934675936554e-09
1.842275831968438e-09
2.2248814729958794e-09
2.6764342344196335e-09
3.2064889131072697e-09
3.8252833070067985e-09
4.543747750121368e-09
5.3734944688644e-09
6.326918816701993e-09
7.4174436780649076e-09
8.659805313627012e-09
1.0070854370013428e-08
1.1670323589303741e-08
1.3482283518944731e-08
1.5536950853575995e-08
1.787271661381852e-08
2.0539226255282286e-08
2.360000694069414e-08
2.713630140931935e-08
3.1249771164411175e-08
3.6066652946034704e-08
4.1738748176913584e-08
4.8446526614138874e-08
5.6397978398874816e-08
6.582593750773576e-08
7.698513021257194e-08
9.013887897408968e-08
1.0554832170836463e-07
1.2344645275899976e-07
1.4400464746881936e-07
1.6728657838325373e-07
1.931744848011354e-07
2.2128423793030568e-07
2.5085298965474995e-07
2.8060705683260155e-07
3.086876558100427e-07
3.3257255734298236e-07
3.492262101660093e-07

