1.1130427897282962e-12
1.6803060186742737e-12
2.5356975676315797e-12
3.824843485000096e-12
5.766444434500355e-12
8.688550973334713e-12
1.3082552265976948e-11
1.968336282094769e-11
2.958801052548517e-11
4.443062624945279e-11
6.663928092176348e-11
9.981104852545452e-11
1.4925719271706888e-10
2.227876095668608e-10
3.318336067067368e-10
4.930335517742027e-10
7.304424272797976e-10
1.0785730905020782e-09
1.5864566079200483e-09
2.3229730911212386e-09
3.383522751550795e-09
4.897896747478629e-09
7.038955850680578e-09
1.0030155822611842e-08
1.4149858151557614e-08
1.9726730775964615e-08
2.7118257232965746e-08
3.6664890518869556e-08
4.860051881801304e-08
6.292211718901336e-08
7.921034718425602e-08
9.643253442595409e-08
1.128243588810804e-07
1.2591088338941185e-07
1.3289485029518157e-07
1.3137922414489575e-07
1.2034860188897074e-07
1.009983936895372e-07
7.675945790231952e-08
5.23217439563715e-08
3.1867270441993164e-08
1.7554458608030127e-08
9.179067690092885e-09
5.0339522874637125e-09
3.208767183437482e-09
2.38662487423725e-09
1.929597406277972e-09
1.607619182203204e-09
1.3517002627950744e-09
1.138634287414018e-09
9.568437035249939e-10
7.994158873875665e-10
6.621051696787763e-10
5.424819581173398e-10
4.390231247309365e-10
3.5064599587843383e-10
2.763244895911377e-10
2.1489896700401594e-10
1.650564499981308e-10
1.2533707801866053e-10
9.423051626262742e-11
7.025381463862603e-11
5.202999821513089e-11
3.833871728392694e-11
2.8144393786196213e-11
2.060077125390868e-11
1.5037456791507834e-11
1.0940684243160036e-11
7.923110013929612e-12
5.6998820584455255e-12
4.062641254046599e-12
2.8599782014611466e-12
1.981505463758609e-12
1.3457958273448896e-12
8.920960371570743e-13
5.743305911801316e-13
3.570956428986072e-13
2.1306367742631873e-13
1.210688309267363e-13
6.493915574630126e-14
3.2535731461654665e-14
1.5034245486766097e-14
6.313281572580408e-15
2.3666870849643154e-15
7.756780835035879e-16
2.1684106524138204e-16
5.027585475887213e-17
9.360024183630797e-18
1.3413018458277238e-18
1.4220156537495146e-19
1.075943444607944e-20
5.286003896524537e-22
1.553891555865779e-23
3.1113350458119436e-25
3.1952773116204426e-27
7.433875536893357e-30
2.5808765593892406e-32
3.0101507971123547e-33
2.4799768352115886e-33
2.90011204933757e-33

