2.8603097229070274e-13
4.3179390884297535e-13
6.515843513419904e-13
9.828105343741128e-13
1.481647136529788e-12
2.232347742478328e-12
3.3611022013442722e-12
5.056614245514269e-12
7.600526701714376e-12
1.1412306072056712e-11
1.7115101811241382e-11
2.5631890829384198e-11
3.832518224955705e-11
5.7197950340159046e-11
8.518110671535535e-11
1.265392834016636e-10
1.874359845179462e-10
2.7671101976514147e-10
4.0691782300660123e-10
5.956845165611427e-10
8.674161109224819e-10
1.2553020112617216e-09
1.8035288507117686e-09
2.569201842580273e-09
3.6234535215480473e-09
5.050301168272519e-09
6.941246674025724e-09
9.383736791225932e-09
1.2438646017943454e-08
1.6107501645988656e-08
2.0287383024675934e-08
2.4721426972675413e-08
2.8968745499241865e-08
3.240922319217815e-08
3.433940273588662e-08
3.415158975593436e-08
3.1578623306031723e-08
2.6899994412166895e-08
2.0953583483251057e-08
1.489548403830066e-08
9.767420179727423e-09
6.118407415408947e-09
3.918286634389057e-09
2.7608525327444438e-09
2.1842558833215767e-09
1.8651830597760805e-09
1.6446466899018952e-09
1.463078211723895e-09
1.3015511783796998e-09
1.153397958043582e-09
1.0158031044965587e-09
8.877140496197002e-10
7.690121096629534e-10
6.601244923672823e-10
5.615268498111535e-10
4.735646426374108e-10
3.962788999911115e-10
3.2936624491792077e-10
2.722182021375081e-10
2.2398198019828e-10
1.8366306046883728e-10
1.5020387492722013e-10
1.2257582666475903e-10
9.981719594479873e-11
8.108301921221387e-11
6.564934683814317e-11
5.291642776309883e-11
4.2399345338008035e-11
3.3708867437763494e-11
2.653696516953025e-11
2.0638096899403925e-11
1.581449923293952e-11
1.1905076443199075e-11
8.774277888609041e-12
6.30643689497929e-12
4.399902919105308e-12
2.9633491009665963e-12
1.914259495868159e-12
1.1767233167465776e-12
6.819957211433214e-13
3.68569138784093e-13
1.832823529722459e-13
8.258600400634295e-14
3.3102788419630433e-14
1.1554299536293782e-14
3.425485743847766e-15
8.381767185395484e-16
1.6382890212180452e-16
2.458581030238532e-17
2.7163969247641145e-18
2.1126211001195748e-19
1.0786519314730862e-20
3.3706700668114667e-22
6.412441210485124e-24
6.383518768923373e-26
2.364484544476429e-28
5.585211721440647e-31
3.375443455419127e-33
6.313476533051055e-34
7.907614595297677e-34

