3.2975351148633186e-11
4.978217507105019e-11
7.512630027402433e-11
1.1332313706722625e-10
1.7085389954533543e-10
2.5744099109798937e-10
3.8764868542959887e-10
5.832608338221178e-10
8.767977752960268e-10
1.3167067584528634e-09
1.974981520491595e-09
2.9582916567493685e-09
4.424164000202584e-09
6.604271790211999e-09
9.837778762959033e-09
1.4618446229770472e-08
2.166030088045971e-08
3.1988060143619744e-08
4.705791576904552e-08
6.891619143520387e-08
1.0039799988518514e-07
1.4536173869550657e-07
2.0894778224856055e-07
2.9780271284941303e-07
4.202073090075262e-07
5.85937453174475e-07
8.056174056004324e-07
1.089341048360508e-06
1.4439758687873603e-06
1.8692360573497118e-06
2.3522752508057004e-06
2.861743026768552e-06
3.3442507016939005e-06
3.7250566246517337e-06
3.919954701773973e-06
3.857329856140106e-06
3.5079630778658963e-06
2.9102326791950172e-06
2.1702391918434373e-06
1.431639507877409e-06
8.211502660504196e-07
4.024221790284722e-07
1.6636153991346136e-07
5.8383501813290144e-08
1.868605694581053e-08
6.72151469789398e-09
3.3521603769984756e-09
2.120187898089935e-09
1.446095103626045e-09
1.0076549932869484e-09
7.132471711879584e-10
5.130804455759955e-10
3.745762153559522e-10
2.7625831876622904e-10
2.04606631911519e-10
1.5114628105726557e-10
1.1067929537850065e-10
7.991020042735644e-11
5.666557165028189e-11
3.935068245324072e-11
2.6709580806983767e-11
1.7697145181582408e-11
1.1436743709991336e-11
7.205987995348096e-12
4.426364537119679e-12
2.6515533459501486e-12
1.5502169618143399e-12
8.856411001375796e-13
4.953598701565341e-13
2.7191198577063674e-13
1.469149450110604e-13
7.837166084684619e-14
4.139171513330988e-14
2.1675860538225974e-14
1.1252062112932107e-14
5.774047770871917e-15
2.9131328163654862e-15
1.4340768531442475e-15
6.821391878862405e-16
3.1003209984174005e-16
1.3294470489039058e-16
5.3025232208021937e-17
1.9362158410899812e-17
6.3532499552355615e-18
1.8347789279672375e-18
4.554623750676697e-19
9.428592964242473e-20
1.5744622371389396e-20
2.0622855372669764e-21
2.0090667893289777e-22
1.336098121174331e-23
6.299263416142276e-25
2.061957739028796e-26
2.567297942838128e-28
1.9225716146914866e-30
9.974601692206411e-32
5.06970377708752e-32
5.471984053443729e-32
6.760404130981851e-32
7.703918174263773e-32

