3.961492339771504e-12
5.980538941108045e-12
9.025163789725543e-12
1.3613751709559304e-11
2.0524837223595383e-11
3.092626531544705e-11
4.656743550660554e-11
7.006485448330896e-11
1.0532447835203616e-10
1.581649870377593e-10
2.372326891158405e-10
3.553377471072653e-10
5.313967826832887e-10
7.932284780789046e-10
1.1815556821178835e-09
1.7556586147447822e-09
2.6012542769974745e-09
3.841344596777959e-09
5.650703716872466e-09
8.274904076664185e-09
1.205413349386896e-08
1.7451303031942674e-08
2.508304782350637e-08
3.574659983217646e-08
5.043514416554074e-08
7.032123599468669e-08
9.667958016107074e-08
1.3072237643947993e-07
1.732775465911769e-07
2.2432016844812417e-07
2.8232742995274145e-07
3.435698899736405e-07
4.0168833616945396e-07
4.477729373640244e-07
4.717720722604363e-07
4.6510924789755304e-07
4.2422689343020394e-07
3.5358288047941206e-07
2.656968885930292e-07
1.7759205546719744e-07
1.043567407776019e-07
5.366623545153909e-08
2.459520984156887e-08
1.0800643551639823e-08
5.26460928490119e-09
3.1930830561786835e-09
2.2941645040463348e-09
1.767994444805715e-09
1.3948845754457307e-09
1.112236590670074e-09
8.916191649010089e-10
7.15400684331984e-10
5.71923295061529e-10
4.537012070967629e-10
3.558978034458024e-10
2.753200949201912e-10
2.0964570779686313e-10
1.569384832072525e-10
1.1543321080322102e-10
8.34181324271801e-11
5.925355552037174e-11
4.1408679455616105e-11
2.8507515402395797e-11
1.9367884372228203e-11
1.3011797329391676e-11
8.663628275562824e-12
5.72927805692916e-12
3.770084803166772e-12
2.4713075869389184e-12
1.6140177481965024e-12
1.0491685270981087e-12
6.77228225942244e-13
4.326377674899933e-13
2.7232659393592597e-13
1.6804015751978154e-13
1.0105811840040773e-13
5.885111635453166e-14
3.295155300865774e-14
1.759587263051182e-14
8.879220903905558e-15
4.189439145920572e-15
1.825099891084115e-15
7.235378989097899e-16
2.565064677496442e-16
7.967697863454711e-17
2.1166336856965993e-17
4.677157719492644e-18
8.325141734173211e-19
1.1453125419596633e-19
1.1696987714108652e-20
8.530917660439536e-22
4.071857823230415e-23
1.1759045320189448e-24
2.2448891200373688e-26
2.218994138899789e-28
6.208437914442874e-31
8.184818389900821e-33
5.9854891288046735e-33
9.083567076092033e-33
1.008962080210267e-32
