1.844220571909944e-13
2.7839970157763354e-13
4.201015563717532e-13
6.336415297741958e-13
9.552288741581791e-13
1.4391689899333182e-12
2.1667920126243047e-12
3.2597099607147306e-12
4.899415716477329e-12
7.356192336360352e-12
1.1031525074584457e-11
1.6520005765098996e-11
2.469926708359298e-11
3.68593044261314e-11
5.488745283884191e-11
8.152942563002558e-11
1.2075277767216706e-10
1.7824674740131693e-10
2.620889969152728e-10
3.836201846930167e-10
5.58537443773255e-10
8.081837967214717e-10
1.1609693663530672e-09
1.6536065313585572e-09
2.331825902568506e-09
3.249653731509513e-09
4.465971443979168e-09
6.037155251927506e-09
8.002716891752417e-09
1.0364402385831465e-08
1.3057429466906001e-08
1.591893106762328e-08
1.866866401606398e-08
2.0911925266207865e-08
2.2200198527583938e-08
2.214465538316965e-08
2.0571701283296447e-08
1.7653706028067283e-08
1.3918006819891985e-08
1.0094998491860341e-08
6.845614084323208e-09
4.520572927213763e-09
3.105519217666607e-09
2.346830738660198e-09
1.954645038783013e-09
1.7248477989538918e-09
1.5566569952220999e-09
1.4119375726151095e-09
1.2785768209604283e-09
1.15247278185664e-09
1.0322421033972438e-09
9.177697947631309e-10
8.095838284849669e-10
7.085559265742667e-10
6.154978627976438e-10
5.310334859766567e-10
4.5545758337823377e-10
3.887230052352123e-10
3.3047061231864705e-10
2.8009919142487434e-10
2.368517049162769e-10
1.9988970102556877e-10
1.6837945364531428e-10
1.4152417853727473e-10
1.186155347404913e-10
9.903781374858377e-11
8.227492246262413e-11
6.790490015031576e-11
5.558436316735282e-11
4.503828749015128e-11
3.604428954960036e-11
2.8419779741511066e-11
2.201373869864975e-11
1.669477432985473e-11
1.2347139957559681e-11
8.863718621161529e-12
6.141511439892469e-12
4.08016494754164e-12
2.57822836024635e-12
1.534963258156872e-12
8.513585404944703e-13
4.3402423273062505e-13
2.0023637710927425e-13
8.205709725230584e-14
2.9237561640436727e-14
8.834770880761149e-15
2.199560394004035e-15
4.366629207071878e-16
6.650307730386671e-17
7.444953125136414e-18
5.839731071897986e-19
3.018829148433948e-20
9.626537066781495e-22
1.7984869576229792e-23
1.770551209801725e-25
7.6959278310462485e-28
1.633753978083528e-30
3.9546977430372635e-33
4.172268517921104e-34
5.303228591822989e-34

