5.65576537933455e-13
8.538132481823287e-13
1.2884460041932719e-12
1.9434612283446553e-12
2.92996773775522e-12
4.4146221713171084e-12
6.647049787772431e-12
1.0000568103729532e-11
1.5032407595861266e-11
2.2572565283904022e-11
3.385420273671536e-11
5.070404413055718e-11
7.581909743508367e-11
1.1316475073254775e-10
1.685444718346974e-10
2.504042081802358e-10
3.709530568454072e-10
5.477054061572153e-10
8.055393117336928e-10
1.1793982557579175e-09
1.717671255609656e-09
2.486180120642117e-09
3.572575199076044e-09
5.090148718927018e-09
7.180025120841457e-09
1.0008854289089511e-08
1.3757988569444884e-08
1.8600380337499073e-08
2.465548416280258e-08
3.192360961215003e-08
4.019558068595265e-08
4.895355511503988e-08
5.731116704840937e-08
6.402370031048619e-08
6.768214489395337e-08
6.707486066279415e-08
6.168009432867131e-08
5.208160103429778e-08
3.998587380352109e-08
2.773534532137288e-08
1.7428503053855272e-08
1.0159312959932684e-08
5.844528986724173e-09
3.6456189937350475e-09
2.6170079464653758e-09
2.1023133790425547e-09
1.7811010939880686e-09
1.5355072569024675e-09
1.3288317520756842e-09
1.1481197231727424e-09
9.870874632555835e-10
8.423544264214338e-10
7.121623816938099e-10
5.95797964583747e-10
4.929162184920883e-10
4.0324597368319364e-10
3.263347249991973e-10
2.614483145779946e-10
2.0759957110933195e-10
1.6358796185131054e-10
1.2811037289195513e-10
9.984304999942445e-11
7.753174788393731e-11
6.003801177682645e-11
4.6379881702915603e-11
3.573668101878023e-11
2.744382770138881e-11
2.09782180681692e-11
1.5932809318018572e-11
1.1996784988880257e-11
8.932446115838657e-12
6.557685152776048e-12
4.7317011683246226e-12
3.3434710929115205e-12
2.304237270545151e-12
1.5416401261216928e-12
9.958254561363588e-13
6.171383102396965e-13
3.641259091166285e-13
2.027140337255628e-13
1.0534420042716023e-13
5.044322989327979e-14
2.192378653410566e-14
8.493120046680272e-15
2.871391901309482e-15
8.264103879900938e-16
1.9681306637774042e-16
3.754291922531738e-17
5.505403918623195e-18
5.958549590833177e-19
4.572155528129616e-20
2.289664406665209e-21
6.933987092664634e-23
1.3561140309473884e-24
1.373143119828287e-26
3.9790581643300393e-29
1.115439201751582e-31
2.931722980759813e-33
1.2382945895047403e-33
1.5023958095072642e-33

