2.105241306290745e-12
3.178201457246206e-12
4.796163127368756e-12
7.234593079821896e-12
1.0907194673068807e-11
1.6434536490021294e-11
2.4746197011071267e-11
3.723248206790557e-11
5.5968811981423476e-11
8.404684918197369e-11
1.2606053772029613e-10
1.8881593002776294e-10
2.8236307254690655e-10
4.214808883400723e-10
6.278027353154571e-10
9.328186163025688e-10
1.3820592471301306e-09
2.0408559468761676e-09
3.0020318473962517e-09
4.396001473957589e-09
6.403411799222901e-09
9.270058972451177e-09
1.3323338377997669e-08
1.8986505642835278e-08
2.6786833381398528e-08
3.734684338442374e-08
5.1343427221617474e-08
6.942066569393596e-08
9.201950927930533e-08
1.1912978703306059e-07
1.4994885074600775e-07
1.8250659012489602e-07
2.1344101712929613e-07
2.380393638363048e-07
2.5098079605972945e-07
2.4771702708858595e-07
2.2634426542618615e-07
1.8918569776082924e-07
1.4282549442603447e-07
9.623688085323024e-08
5.739396202644584e-08
3.037940449972186e-08
1.4747874721448632e-08
7.1901450615069816e-09
4.026224658472137e-09
2.732362887940821e-09
2.0945517977138714e-09
1.6825866403724211e-09
1.3729364834988688e-09
1.1270422600204154e-09
9.261948717255569e-10
7.588424096355927e-10
6.175031483863998e-10
4.975337512684323e-10
3.9594144329678374e-10
3.1068946386454167e-10
2.401414753219519e-10
1.827477699484794e-10
1.3694431532926913e-10
1.0110924315600406e-10
7.362789112617945e-11
5.295607922367919e-11
3.7683653493967e-11
2.6582507778370817e-11
1.8624485302210408e-11
1.2983566048961252e-11
9.01725153870711e-12
6.243382009115684e-12
4.308064783940656e-12
2.9589711519303125e-12
2.0185253673332907e-12
1.3634495439061771e-12
9.085511888780938e-13
5.94680019310007e-13
3.805041979052826e-13
2.3673729751459586e-13
1.4236726952064742e-13
8.220609331428231e-14
4.522516153857486e-14
2.3494624418888287e-14
1.1405666510490853e-14
5.1095575912427744e-15
2.0817489381935824e-15
7.579268934902634e-16
2.4156193291872724e-16
6.576342902628816e-17
1.487517191810197e-17
2.706984324808394e-18
3.7972905221066116e-19
3.9487605432052857e-20
2.9420980600939653e-21
1.4213306496396551e-22
4.09241402203164e-24
8.228076504415941e-26
8.455113264836369e-28
1.7958810173535383e-30
9.623091733286817e-33
3.793085222823852e-33
4.8123690582661913e-33
5.4414648653870905e-33

