1.168340570028896e-11
1.7638145564905705e-11
2.661766410494098e-11
4.015089661132359e-11
6.053410007050409e-11
9.121183997666559e-11
1.3734407049295803e-10
2.066484818013848e-10
3.106464078033481e-10
4.665015575479047e-10
6.997192206390655e-10
1.0480886918938805e-09
1.5674151209924585e-09
2.33976880985637e-09
3.4852956029132935e-09
5.178901284642112e-09
7.673508574255286e-09
1.1332080349085583e-08
1.6670390951631846e-08
2.4413205138778918e-08
3.5564614411637105e-08
5.149105593216107e-08
7.401288954917642e-08
1.0548377599850253e-07
1.4883600068735138e-07
2.07531316325499e-07
2.8533228196232783e-07
3.858147591456907e-07
5.11414861917198e-07
6.620409158013071e-07
8.331623388014756e-07
1.0137092957913523e-06
1.1848219971185058e-06
1.320090164619352e-06
1.3897449340502142e-06
1.3684390713835611e-06
1.2457685319536808e-06
1.0351696085981716e-06
7.739963705220497e-07
5.129030099353314e-07
2.966494319542081e-07
1.4782478575770102e-07
6.338964970374937e-08
2.423492686219967e-08
9.348870667751967e-09
4.445168611904203e-09
2.748415522284203e-09
1.9418114311262568e-09
1.4308998663781483e-09
1.0731788135967768e-09
8.152314889722965e-10
6.251090482240291e-10
4.816170310702227e-10
3.7083231068458486e-10
2.8384477976419006e-10
2.1495672980975837e-10
1.6045386651277717e-10
1.1770962353109294e-10
8.470277484286267e-11
5.970879113600361e-11
4.1203906175253163e-11
2.7830121083923872e-11
1.8401897366990106e-11
1.1920355813926687e-11
7.573261116911719e-12
4.726598041034563e-12
2.9040460799063383e-12
1.7608416712317906e-12
1.0565275413797668e-12
6.289004443944766e-13
3.7212936657389757e-13
2.1904165059432575e-13
1.2817741918978386e-13
7.436591949219388e-14
4.2596778690094254e-14
2.3947080183285896e-14
1.3119135536607104e-14
6.947358062920727e-15
3.5239168193813738e-15
1.6948450551994578e-15
7.641669929708333e-16
3.1879090297703867e-16
1.212333802194883e-16
4.128860920463641e-17
1.2339551751207723e-17
3.1603456044243416e-18
6.739714718448062e-19
1.1585492782049384e-19
1.5504048576234772e-20
1.5419909652978525e-21
1.0720313148908948e-22
5.0704139033865365e-24
1.5507071204299517e-25
2.404071474726553e-27
2.046329150622867e-29
2.075286242507263e-31
1.8681106740808915e-32
1.7668188605742082e-32
2.535118249296456e-32
2.839736437381971e-32

