2.0293983249687367e-11
3.0637361219858266e-11
4.6234807757659766e-11
6.974211995157928e-11
1.0514796716428234e-10
1.5843569396282336e-10
2.3856838971648943e-10
3.5895213624753895e-10
5.396003080521162e-10
8.10327722843764e-10
1.215439633807599e-09
1.8205805274353106e-09
2.7226917078263937e-09
4.0643426114251055e-09
6.054249230772505e-09
8.996261096479811e-09
1.3329768604792888e-08
1.9685343063401588e-08
2.895905454286637e-08
4.241009067342543e-08
6.178298215347899e-08
8.945187380059584e-08
1.285796763342485e-07
1.8325601714364047e-07
2.585759910645542e-07
3.605546428853237e-07
4.957292811165459e-07
6.703116376289504e-07
8.885301536639956e-07
1.1502155179044447e-06
1.4474761366121657e-06
1.76104411641694e-06
2.0581012453111e-06
2.2926984247258703e-06
2.4130581526736907e-06
2.3751244032485708e-06
2.1608787592364383e-06
1.7938280843602311e-06
1.3391044695177597e-06
8.849494347972764e-07
5.092543602465315e-07
2.512192693318785e-07
1.0537603923685242e-07
3.8292940422129356e-08
1.3288998136796058e-08
5.46517116659248e-09
3.0466626291180673e-09
2.0383295445686293e-09
1.443231982853152e-09
1.0425434738765054e-09
7.646723094485274e-10
5.685128143017793e-10
4.269675928120067e-10
3.2218099411284663e-10
2.428175926863829e-10
1.8170534620636848e-10
1.343371426918526e-10
9.772271424974262e-11
6.974783841227712e-11
4.874189192096817e-11
3.330787143866652e-11
2.223985260113457e-11
1.450462039272884e-11
9.240900760314818e-12
5.7538983164329205e-12
3.5047360051331856e-12
2.091369255340469e-12
1.2249854791803166e-12
7.060860820029589e-13
4.0163363258624364e-13
2.2611351531710725e-13
1.2628567346374543e-13
7.006930573291978e-14
3.860054752809257e-14
2.1061199693050983e-14
1.1327058195572359e-14
5.964486339270213e-15
3.049830723501993e-15
1.4997825172543574e-15
7.017191692007227e-16
3.086441311778663e-16
1.2588964916944898e-16
4.6893183149370215e-17
1.566541109730661e-17
4.598174065581739e-18
1.158226257217734e-18
2.430745149591089e-19
4.113043363548701e-20
5.439783745088802e-21
5.3487707264248805e-22
3.6291067232744815e-23
1.7131313501469665e-24
5.435548374603311e-26
7.476437476067303e-28
5.870746819693399e-30
1.3462824958968171e-31
3.1640786674580407e-32
3.208423892332475e-32
4.2674481095580924e-32
4.823698080432505e-32
