8.547151604093194e-14
1.2902013976671312e-13
1.9467961723726384e-13
2.936190135032919e-13
4.426075730541627e-13
6.667916153814928e-13
1.0038252488778387e-12
1.5100019625290577e-12
2.2693165232357036e-12
3.4068271049655643e-12
5.10825086143959e-12
7.648553434020124e-12
1.143346428318671e-11
1.7059143422315482e-11
2.5397479845618032e-11
3.771639215735854e-11
5.584722914631391e-11
8.241482942917211e-11
1.2114420375864452e-10
1.772625588524584e-10
2.5800167556411506e-10
3.7319018252897817e-10
5.35906416244418e-10
7.630473273579996e-10
1.0756622037925001e-09
1.4986340361499358e-09
2.0591305619782336e-09
2.783279892723186e-09
3.689685005603579e-09
4.779980704167095e-09
6.025835124353094e-09
7.354694375444755e-09
8.640956379453256e-09
9.707152116995441e-09
1.0350873825412819e-08
1.0395401687585924e-08
9.759473264468866e-09
8.515667232646365e-09
6.895798234390411e-09
5.22328458002579e-09
3.793075064011147e-09
2.763258347569008e-09
2.1308454695155073e-09
1.7853422336154685e-09
1.599466740967766e-09
1.4826675887065853e-09
1.3899570113543767e-09
1.3040808000927463e-09
1.219692187841297e-09
1.1352476583350255e-09
1.0506923026733244e-09
9.666801935613139e-10
8.842067690222741e-10
8.044166471205255e-10
7.28339862482212e-10
6.568167952688389e-10
5.903973814203338e-10
5.293560800856624e-10
4.736928542438185e-10
4.23208500769119e-10
3.7755268794121347e-10
3.362867766707434e-10
2.989494603577947e-10
2.6507915854653624e-10
2.342603847088432e-10
2.0612829901093336e-10
1.8037812701392593e-10
1.5676866039981177e-10
1.351101055598936e-10
1.1526512401126453e-10
9.713834654267117e-11
8.0667278650552e-11
6.582316265081777e-11
5.259268308125694e-11
4.0978989442398184e-11
3.0985539566376056e-11
2.2602036123070536e-11
1.5795177664352155e-11
1.0486665323153485e-11
6.549727139265956e-12
3.8039331779115115e-12
2.0261834233161508e-12
9.7427236089879e-13
4.150031711387306e-13
1.5326693243091774e-13
4.787001468892938e-14
1.228133532456234e-14
2.5047064563859555e-15
3.9128802884762386e-16
4.481084490460964e-17
3.568671959148703e-18
1.8844341377578156e-19
6.2150219712467376e-21
1.1293447862192903e-22
1.093495290952609e-24
6.146214688970651e-27
1.1022807428387602e-29
6.314431136045585e-33
2.1990582389118487e-34
2.740746708025802e-34

