4.573496983338976e-14
6.903346320973531e-14
1.0415843381267381e-13
1.5708190702641648e-13
2.3676889425052573e-13
3.5666052818800953e-13
5.368796219369503e-13
8.075035189448782e-13
1.213399265870725e-12
1.821350454568386e-12
2.730504085651625e-12
4.087605006766676e-12
6.109106529288288e-12
9.112930275423931e-12
1.3563842259248174e-11
2.0137407821208152e-11
2.980892841468079e-11
4.3975583459288354e-11
6.461915012793345e-11
9.451917819809971e-11
1.3751925604656103e-10
1.9884090738446434e-10
2.854297222496925e-10
4.062580304026626e-10
5.725050384939378e-10
7.973963276849214e-10
1.0954017260376918e-09
1.4805065379944795e-09
1.9628368872702695e-09
2.543743169027494e-09
3.2090286333595084e-09
3.921524804862143e-09
4.616436910670732e-09
5.201892847122255e-09
5.572736790088094e-09
5.636591491978418e-09
5.349944494893151e-09
4.748226700320493e-09
3.949178185470361e-09
3.1180349774628155e-09
2.40636417201176e-09
1.89580470337015e-09
1.5858060763797411e-09
1.4201867665351165e-09
1.3339394747279081e-09
1.280466785392496e-09
1.2364849818961276e-09
1.1929538909206957e-09
1.1471325548777626e-09
1.098351733623462e-09
1.0468540778038439e-09
9.933209895991345e-10
9.386514685411456e-10
8.838238696366352e-10
8.297281985124177e-10
7.771106127345128e-10
7.265009480283799e-10
6.782336882676114e-10
6.324305319132254e-10
5.890681984306189e-10
5.479991988588689e-10
5.090007408038916e-10
4.718214821418386e-10
4.3619494348698484e-10
4.01878465187347e-10
3.6865805638253915e-10
3.3635696654041316e-10
3.0485171980124354e-10
2.740599536184141e-10
2.4396094230168036e-10
2.1459382631399324e-10
1.8605877826675205e-10
1.5854192230505918e-10
1.3229109224504734e-10
1.076360047426795e-10
8.49576755025895e-11
6.465250368137055e-11
4.7096053268124534e-11
3.255538435687512e-11
2.1140437531152835e-11
1.2743589612675947e-11
7.031828936141208e-12
3.4952546985615123e-12
1.5355870980329203e-12
5.835545968289946e-13
1.871118524788464e-13
4.9164654194624245e-14
1.024501415494885e-14
1.632621928535971e-15
1.9033672512218691e-16
1.5371690428019418e-17
8.244717354662894e-19
2.7736268607836815e-20
5.013803684493449e-22
4.84883668522321e-24
3.034462894918669e-26
5.11203289688516e-29
1.5975649379661148e-32
1.8464344181142861e-34
1.8724463589052442e-34

