1.3734864182749336e-13
2.0733557198430206e-13
3.1286140339178543e-13
4.71881505939959e-13
7.113563923688062e-13
1.0717186029810905e-12
1.6135184297999363e-12
2.4272905743234795e-12
3.6481391860227384e-12
5.47724895568705e-12
8.213439307463016e-12
1.2299214185490193e-11
1.8387652373306112e-11
2.7438576319371733e-11
4.085608272553997e-11
6.068258522068087e-11
8.986893703802847e-11
1.3264582356263096e-10
1.950190527102812e-10
2.8541908798204886e-10
4.155129975308419e-10
6.011618059097154e-10
8.63475693625585e-10
1.229731831337935e-09
1.733908487338347e-09
2.41615561407961e-09
3.3202575003136974e-09
4.488198969151558e-09
5.949565352780863e-09
7.706112138000843e-09
9.710529497971851e-09
1.1843147954809632e-08
1.3897633843767594e-08
1.558306221006341e-08
1.6568411130060154e-08
1.6565963181329054e-08
1.544583726229059e-08
1.3332099702986432e-08
1.0610221794788297e-08
7.815562892579093e-09
5.4340136774054965e-09
3.7245027883158288e-09
2.6787722657213196e-09
2.112252404628693e-09
1.813311614196426e-09
1.6323275913439449e-09
1.4952420197555857e-09
1.3738748546509045e-09
1.2593329059898904e-09
1.1487439826883226e-09
1.0413918636830023e-09
9.375755279016106e-10
8.380947877911396e-10
7.439986428916385e-10
6.56238176606038e-10
5.755636753582922e-10
5.024005803620514e-10
4.3685019254154765e-10
3.787091579402207e-10
3.2754327720433836e-10
2.827596613888412e-10
2.43677391954934e-10
2.096069122568797e-10
1.7987850215970596e-10
1.538928085948087e-10
1.311251238765306e-10
1.111339087307269e-10
9.35582794805336e-11
7.810425763910713e-11
6.453803075316177e-11
5.2672153005512066e-11
4.235390790887875e-11
3.34596048028743e-11
2.5881048003432786e-11
1.9522917889476226e-11
1.4293667262931687e-11
1.0099112539665702e-11
6.839858389973039e-12
4.404296997537477e-12
2.6705698167833733e-12
1.5075571275747871e-12
7.815931244719046e-13
3.663669564756705e-13
1.5238922769117359e-13
5.505286996266369e-14
1.6849016253137534e-14
4.2437361074837614e-15
8.512818043014831e-16
1.3093082814337438e-16
1.478688320320542e-17
1.16654293605853e-18
6.080511654379175e-20
1.965162836440558e-21
3.628555080164082e-23
3.546716603822317e-25
1.7124217117135067e-27
3.391143144464762e-30
4.544477728732395e-33
3.2028525401310283e-34
4.086517768645001e-34

