2.880755161535371e-14
4.348027676669444e-14
6.559918436128883e-14
9.892312174155228e-14
1.4909388160187416e-13
2.2456868061898594e-13
3.380064500457852e-13
5.08324328252265e-13
7.637347813725197e-13
1.1462205291979873e-12
1.7180913879956207e-12
2.5715417526259377e-12
3.8425152732143644e-12
5.730610024042903e-12
8.527502258053934e-12
1.2656985372529546e-11
1.873061754263218e-11
2.762410067516648e-11
4.057898210133453e-11
5.933582611445753e-11
8.630050019277716e-11
1.2474022516724413e-10
1.789998715083035e-10
2.546917659825123e-10
3.5881023494275764e-10
4.996363463538669e-10
6.862477357640075e-10
9.274575922191992e-10
1.229741530383035e-09
1.5942150334597225e-09
2.012467953248196e-09
2.461997489525429e-09
2.9033161501078162e-09
3.2802582440543824e-09
3.5283531266820257e-09
3.5907163933858505e-09
3.4401225223782542e-09
3.0973539946081306e-09
2.633492860569526e-09
2.1486864872132986e-09
1.7351136980348339e-09
1.4424954372022836e-09
1.2707142715854675e-09
1.1856296059237938e-09
1.1476583034925057e-09
1.1282866975986736e-09
1.1131816134188837e-09
1.0966984365239946e-09
1.0771169949612613e-09
1.0540317845307108e-09
1.0276637992297215e-09
9.985352616359659e-10
9.673271766479096e-10
9.347693728355275e-10
9.015306665134858e-10
8.681709737778452e-10
8.350883759223278e-10
8.025377244673293e-10
7.706065790878639e-10
7.392717416757407e-10
7.084056177217777e-10
6.778123058501661e-10
6.472619468516893e-10
6.164952259817991e-10
5.852565602514973e-10
5.53297550252522e-10
5.203828000285011e-10
4.863194228971198e-10
4.5094262779426895e-10
4.141625021363485e-10
3.7597739200733474e-10
3.3649730806010635e-10
2.96017212932906e-10
2.550033087992833e-10
2.1416655094766017e-10
1.74435822481512e-10
1.3690928321766002e-10
1.0278560774966694e-10
7.315862376504885e-11
4.886059757260722e-11
3.025282049621913e-11
1.712113465124972e-11
8.714474584837879e-12
3.9139014230866e-12
1.517920046702811e-12
4.958651242692056e-13
1.3252160416264072e-13
2.804286308109475e-14
4.531496984520998e-15
5.349732554440791e-16
4.3690301138528095e-17
2.367587481139918e-18
8.042207086550419e-20
1.464028419540502e-21
1.4255067747952478e-23
9.051699063920749e-26
1.5264318595426075e-28
4.341341579083609e-32
2.3921120715846836e-34
1.5381151572432729e-34

