1.5869875654010198e-14
2.3950534320996126e-14
3.613029322054448e-14
5.4477204742146434e-14
8.209448241168257e-14
1.236326002234521e-13
1.860502685378584e-13
2.797427397021073e-13
4.202072197417597e-13
6.304952598355005e-13
9.448037755008673e-13
1.4137058650935576e-12
2.1117333774830393e-12
3.148254653241157e-12
4.682994996922961e-12
6.9478813658759475e-12
1.0277378366743835e-11
1.5150091001723277e-11
2.2244122521167378e-11
3.2509515747065725e-11
4.7258679491156784e-11
6.827303714478525e-11
9.792081810878245e-11
1.3926103252570207e-10
1.961076173810022e-10
2.729819534863488e-10
3.7485533265242563e-10
5.065873366990485e-10
6.718262185289805e-10
8.714034997892455e-10
1.1011190371199652e-09
1.3493124855392187e-09
1.5953047666247557e-09
1.809540645591568e-09
1.957965063002603e-09
2.010383542378557e-09
1.952111732736991e-09
1.7936354365990897e-09
1.5719455087168e-09
1.3393644216673886e-09
1.1441969743432381e-09
1.0124922901032195e-09
9.442088770523842e-10
9.213559068314021e-10
9.230451910819944e-10
9.341513229266734e-10
9.469990547592693e-10
9.584938187609268e-10
9.676577212931113e-10
9.742329426528238e-10
9.783339997274164e-10
9.802500845709586e-10
9.803710282712988e-10
9.791054029737322e-10
9.768243879339926e-10
9.738205270963212e-10
9.70274763748945e-10
9.662672275882018e-10
9.617501447759298e-10
9.565850988932168e-10
9.505353042227354e-10
9.432808270572473e-10
9.344364767540409e-10
9.235366117856299e-10
9.100556567726566e-10
8.933994095238218e-10
8.728952529506124e-10
8.478361092230457e-10
8.174486882645175e-10
7.809870041494868e-10
7.377775105705245e-10
6.873028566082953e-10
6.294184718124842e-10
5.644169054963364e-10
4.933136910835037e-10
4.1793301580714016e-10
3.409370661839648e-10
2.6576609274476643e-10
1.9615590105726176e-10
1.356439921577316e-10
8.68077583490683e-11
5.068128202667614e-11
2.6557978591811435e-11
1.2254355807010592e-11
4.872288897581336e-12
1.6283041793725002e-12
4.442940210461413e-13
9.580515959613685e-14
1.5745506296321757e-14
1.8875446336606205e-15
1.563916938941408e-16
8.578673045289156e-18
2.941340097826488e-19
5.434587215128776e-21
5.359700639357695e-23
3.3439870715728816e-25
5.7960920963577335e-28
1.7867353356223105e-31
5.250002371865679e-34
1.3556078555536672e-34

