1.0134794783665018e-14
1.5293690486258133e-14
2.3068475683114937e-14
3.477816876074993e-14
5.240153134347941e-14
7.890312547271708e-14
1.1871762856786383e-13
1.7846760379263197e-13
2.6802242311102436e-13
4.020567552831212e-13
6.023313448782478e-13
9.010132982984387e-13
1.34548608264876e-12
2.005245304938863e-12
2.9817309847861842e-12
4.4221567377679346e-12
6.538701903097588e-12
9.634814052501339e-12
1.4140189956322039e-11
2.065653085268217e-11
3.0014649554791035e-11
4.334185347189092e-11
6.213645633185662e-11
8.833391019675919e-11
1.2434841210461198e-10
1.7304537291597848e-10
2.3758376317321767e-10
3.210697990023944e-10
4.2587733177174795e-10
5.526542830291168e-10
6.989503932272279e-10
8.577124929590523e-10
1.0163092424147512e-09
1.1566112050069544e-09
1.2576690780287195e-09
1.3008579406716116e-09
1.2770562071841395e-09
1.1925932151989045e-09
1.0701118317869835e-09
9.41697527837645e-10
8.370112002982742e-10
7.720437293725762e-10
7.467662427395581e-10
7.500931768503982e-10
7.691429719820615e-10
7.945699160745817e-10
8.216118689296103e-10
8.483320537802227e-10
8.741161115678416e-10
8.988025256315027e-10
9.224745678890387e-10
9.45326323063359e-10
9.676198843748448e-10
9.896205340470811e-10
1.011565706917556e-09
1.0336281618055861e-09
1.0558925889410483e-09
1.0783590149598685e-09
1.1009142735545374e-09
1.1233526446921326e-09
1.1453575021539575e-09
1.1664961185312053e-09
1.1862206996703463e-09
1.2038267772010126e-09
1.2184523118118906e-09
1.229040994220819e-09
1.2342965413251618e-09
1.2327177586603663e-09
1.2225195937419757e-09
1.2017514133262587e-09
1.1683561110284751e-09
1.1203146195464415e-09
1.0560527824142483e-09
9.746516171160748e-10
8.765032842326986e-10
7.636893477929215e-10
6.40296007328444e-10
5.125514905057817e-10
3.8808665107777707e-10
2.7498340869755135e-10
1.8008402256781577e-10
1.074396396490688e-10
5.7447738549915473e-11
2.7007225487807875e-11
1.0924073809047313e-11
3.7086015860661255e-12
1.0265173842626318e-12
2.2425516522175054e-13
3.728873149606152e-14
4.517696268314815e-15
3.781568626244501e-16
2.091699365542966e-17
7.213354827842904e-19
1.3490519003067584e-20
1.3441238002779503e-22
8.200894914644675e-25
1.4599013987549694e-27
5.011908743449871e-31
1.0429536792156113e-33
1.2330484085461125e-34
