3.115018993737211e-14
4.702281740720499e-14
7.095548139680574e-14
1.0702049750315711e-13
1.6133275086135372e-13
2.430630882643961e-13
3.6594621722449307e-13
5.505197788405587e-13
8.274349006833879e-13
1.242340045551569e-12
1.8630473534912995e-12
2.789995189449332e-12
4.171452610858701e-12
6.22539180568755e-12
9.27078804311973e-12
1.3771817013655094e-11
2.0399438261943592e-11
3.011615815449826e-11
4.42892164194347e-11
6.483923030577661e-11
9.442632788964217e-11
1.3667000232838713e-10
1.9639197811779716e-10
2.798278919363946e-10
3.9475071145570456e-10
5.503478951688026e-10
7.566300933056589e-10
1.0231632620795007e-09
1.3565838894738685e-09
1.756974238265531e-09
2.212864723141476e-09
2.695733224470197e-09
3.1567021196023337e-09
3.5271226066833213e-09
3.729456636395247e-09
3.6975559074269277e-09
3.4041273707650755e-09
2.884012867048404e-09
2.2344842592984452e-09
1.587582105989581e-09
1.0600380824216725e-09
7.10668997421193e-10
5.313872393288085e-10
4.720774202927037e-10
4.777491781734843e-10
5.110493941758031e-10
5.543294048720231e-10
6.015929547719491e-10
6.513232377260835e-10
7.03142531105556e-10
7.568938443414825e-10
8.125013146678464e-10
8.699722239093946e-10
9.294560788157878e-10
9.912592017471925e-10
1.0558978201431259e-09
1.124116828499858e-09
1.1969022384840258e-09
1.2754844866913807e-09
1.3613064157239298e-09
1.4559942032793633e-09
1.561253699833028e-09
1.6788466961142877e-09
1.8103848021311289e-09
1.9573052039871556e-09
2.120659499588819e-09
2.3010085026339458e-09
2.4983156527641352e-09
2.711795376986421e-09
2.9398899450685356e-09
3.1801794166131164e-09
3.429416273872942e-09
3.683494885899956e-09
3.93757509926614e-09
4.18609797158394e-09
4.42295169563481e-09
4.641581492809199e-09
4.835159422176814e-09
4.9967771318028844e-09
5.119645830865621e-09
5.1973508612618146e-09
5.2240380142719574e-09
5.194774478900993e-09
5.1056355439242145e-09
4.954080568363356e-09
4.739150619440232e-09
4.4615157737675816e-09
4.1242393566592676e-09
3.732513654954102e-09
3.2948560350966384e-09
2.8234343007018518e-09
2.334392249594755e-09
1.8485048468677117e-09
1.3890245780001622e-09
9.797942358977184e-10
6.405078404935878e-10
3.8227121644765463e-10
2.0478939615025005e-10
9.65519264465367e-11
3.9185342390990745e-11

