1.432556706965503e-14
2.1623850110368634e-14
3.26272700515825e-14
4.920725180836697e-14
7.417350014418992e-14
1.1173927387188377e-13
1.6821355377192534e-13
2.530286059387173e-13
3.802589029803319e-13
5.708613208913989e-13
8.559614138192156e-13
1.2816498947452476e-12
1.915950976160659e-12
2.85884376366626e-12
4.256598801114272e-12
6.3220161664539055e-12
9.362617090614845e-12
1.3819436441504026e-11
2.03188144755744e-11
2.974040434692609e-11
4.330233593880576e-11
6.266184836781209e-11
9.002654715132265e-11
1.2825170083638175e-10
1.8089769256677477e-10
2.521759208249588e-10
3.4668240749467405e-10
4.688245099648271e-10
6.216959123667195e-10
8.054340307682244e-10
1.014953677538545e-09
1.2374509276632054e-09
1.4508954495955776e-09
1.6242825810533897e-09
1.7225379114360028e-09
1.7156823611990376e-09
1.5912645116456311e-09
1.3649146829634572e-09
1.0805450675109293e-09
7.978860029945026e-10
5.698814348071353e-10
4.2338399699435583e-10
3.550425527488193e-10
3.4246685030941573e-10
3.6102673735196666e-10
3.940306050126399e-10
4.337015475484511e-10
4.775514098729624e-10
5.251536856193599e-10
5.766357029929521e-10
6.322745402728571e-10
6.924421613234865e-10
7.576169663840945e-10
8.284241567235983e-10
9.056521584804399e-10
9.902918014325844e-10
1.083548101197582e-09
1.186864787234364e-09
1.3019113701764525e-09
1.4305830491209624e-09
1.5749630818546562e-09
1.737254295938407e-09
1.9197479623151405e-09
2.1246602731955693e-09
2.3540912825149608e-09
2.609838146515706e-09
2.8932883908809855e-09
3.2052748864509072e-09
3.545932747372156e-09
3.914586724141109e-09
4.309628553474316e-09
4.728449195653919e-09
5.167328320604003e-09
5.621444178128716e-09
6.084787571910479e-09
6.5502101692197375e-09
7.009415321240158e-09
7.453026732027784e-09
7.87064557953473e-09
8.250957804046229e-09
8.581879808334798e-09
8.850590862634867e-09
9.043909180531681e-09
9.14813306597937e-09
9.149564145399056e-09
9.034793482040344e-09
8.790880369653469e-09
8.407526964175636e-09
7.877404508075089e-09
7.200547538209804e-09
6.387302987651818e-09
5.462017973544216e-09
4.467228186439058e-09
3.460742477012092e-09
2.511227496050051e-09
1.6846931215832216e-09
1.0292612301454038e-09
5.6303517127605e-10
2.7041337194534177e-10
1.1154807842455678e-10

