2.330766898026057e-13
3.5186605974462775e-13
5.309930896545509e-13
8.009547848667453e-13
1.2075523379321493e-12
1.819489090778725e-12
2.7396792464690946e-12
4.122045194596057e-12
6.196361114974281e-12
9.304915818270887e-12
1.3956330163557019e-11
2.0904158477908297e-11
3.1261161078246066e-11
4.6663759685295e-11
6.950747758510883e-11
1.0327953661741085e-10
1.5302247481175108e-10
2.2597252097367107e-10
3.3241227761283995e-10
4.867907821379543e-10
7.09126053171915e-10
1.0266609661424406e-09
1.4756905979253786e-09
2.1031479209759556e-09
2.9675126168374188e-09
4.137839173694214e-09
5.689208617736793e-09
7.693021213212592e-09
1.0198003074085842e-08
1.3202530536815553e-08
1.6616508418108133e-08
2.021945082147369e-08
2.363552965278105e-08
2.63383672714522e-08
2.773483102782623e-08
2.7320579659318457e-08
2.4890247878989137e-08
2.0715227507351943e-08
1.554431354501402e-08
1.0390675957566815e-08
6.1470932831077215e-09
3.2604160132553805e-09
1.6638660226361076e-09
9.698461874049863e-10
7.548148953919016e-10
7.319502769411222e-10
7.660562040103809e-10
8.115239036954132e-10
8.570205539483234e-10
8.998644095230706e-10
9.388072741160022e-10
9.727820818898448e-10
1.0008037317689894e-09
1.0220438861222078e-09
1.0358868004213636e-09
1.0420048917429558e-09
1.0404360659955383e-09
1.0315837109033561e-09
1.0163017541790788e-09
9.958146231039897e-10
9.717094145765302e-10
9.458489187460353e-10
9.202079047697386e-10
8.967973921876971e-10
8.774397763910048e-10
8.63711093375475e-10
8.567238444496562e-10
8.572061080273199e-10
8.65253136187858e-10
8.805196811112887e-10
9.020709689583122e-10
9.285216637348434e-10
9.580794903815611e-10
9.886673329311939e-10
1.018039730377402e-09
1.043914361213117e-09
1.0640952863813402e-09
1.076542754142901e-09
1.0795086092086458e-09
1.0715630555587742e-09
1.0517000129241482e-09
1.0193648866651245e-09
9.745286862804574e-10
9.176929662637177e-10
8.499302606004815e-10
7.728653411632427e-10
6.886136982653224e-10
5.997574634355588e-10
5.091541047167543e-10
4.198534986075716e-10
3.348809199268584e-10
2.570064506795087e-10
1.8859212559047802e-10
1.3127563783009094e-10
8.586284512067014e-11
5.2166822701841224e-11
2.90362502612914e-11
1.457074963046693e-11
6.46711197170201e-12
2.484100323516029e-12

