4.942742023970875e-14
7.461514928531435e-14
1.1259437505725148e-13
1.6982884353467718e-13
2.5602492276116223e-13
3.857407532528962e-13
5.807808489063159e-13
8.737521978775478e-13
1.3133226780521505e-12
1.9719793756355444e-12
2.957414229921208e-12
4.429148746472672e-12
6.622696822661306e-12
9.884329096248921e-12
1.4720828620468043e-11
2.1869758699039282e-11
3.239738519929042e-11
4.7833473694486256e-11
7.035130446423291e-11
1.0300409736658376e-10
1.5002106214649965e-10
2.17157024676908e-10
3.1207851040881344e-10
4.4469974242979306e-10
6.273774025545543e-10
8.747119083595568e-10
1.202600277389496e-09
1.626208524368612e-09
2.156000285994577e-09
2.791945719640933e-09
3.515539620473848e-09
4.281018866350317e-09
5.010103962957943e-09
5.5929550903984925e-09
5.905605530321834e-09
5.842407254776041e-09
5.359941299013257e-09
4.514209602034639e-09
3.4609945835302855e-09
2.4115412327714546e-09
1.5523888132143582e-09
9.772894374879878e-10
6.729111627155887e-10
5.587765002581331e-10
5.466965109577294e-10
5.76787012905416e-10
6.207086263094521e-10
6.687645563386678e-10
7.184022246663471e-10
7.688690963910803e-10
8.197296045395405e-10
8.706300248793928e-10
9.212925552772613e-10
9.715858569174233e-10
1.021544294125223e-09
1.071430199820054e-09
1.121765884875736e-09
1.1733360485083375e-09
1.2272148313704831e-09
1.2847077636021844e-09
1.347336747896518e-09
1.416718817200558e-09
1.4945406738794882e-09
1.5823470810634528e-09
1.6815154004781995e-09
1.7930506492535035e-09
1.9174703324092856e-09
2.0547354436502838e-09
2.2040720363422373e-09
2.36400920263365e-09
2.532283186076322e-09
2.705922465377652e-09
2.8812416059482123e-09
3.0540008877927773e-09
3.2194492504027892e-09
3.372513190060621e-09
3.5079246223164237e-09
3.620390085319255e-09
3.704790194743474e-09
3.756356850588372e-09
3.770906542855161e-09
3.74500693552622e-09
3.6762622015424182e-09
3.563397181954809e-09
3.406518009023475e-09
3.2072157339141e-09
2.9685444931339405e-09
2.695364987805481e-09
2.3939987465497927e-09
2.072658826490293e-09
1.7413002307061326e-09
1.4113952522715296e-09
1.0959738636846015e-09
8.08110213640825e-10
5.598707898494334e-10
3.599057208164969e-10
2.1151346500487013e-10
1.1173948958105145e-10
5.2026645718051006e-11
2.0881893471173904e-11

