7.557062810824386e-14
1.1408269804387178e-13
1.7215436945791295e-13
2.5967035624035373e-13
3.914747894994865e-13
5.89832732708189e-13
8.880934548396596e-13
1.336130982152153e-12
2.0083897131229017e-12
3.0157560206707715e-12
4.522981920755038e-12
6.774128634418249e-12
1.0129550745333204e-11
1.5119112787979602e-11
2.2518362383826362e-11
3.345611775784723e-11
4.956441212273721e-11
7.318492343725232e-11
1.076446706754842e-10
1.5761812368974314e-10
2.2958063529722115e-10
3.32343868564276e-10
4.776469058832609e-10
6.806701091780332e-10
9.603317079875578e-10
1.3389797009227332e-09
1.840933741774454e-09
2.489367275933797e-09
3.300203193621507e-09
4.273214950445259e-09
5.379764114085475e-09
6.549311042773813e-09
7.661355868844991e-09
8.546934039069437e-09
9.015461916414127e-09
8.904650929382109e-09
8.148020424849475e-09
6.832051048256689e-09
5.196608708694057e-09
3.5666976070992836e-09
2.2290773034156387e-09
1.3276274786351043e-09
8.414535568799654e-10
6.464873147377739e-10
6.069120015188947e-10
6.305685808658678e-10
6.738642460084061e-10
7.219020664517242e-10
7.707682523531277e-10
8.193111033908963e-10
8.668455130079707e-10
9.127768646528493e-10
9.565839005354435e-10
9.978964811895534e-10
1.0365231409003094e-09
1.0725199739510729e-09
1.1062385894872113e-09
1.138320245710964e-09
1.1697485815183151e-09
1.201769015935728e-09
1.2358854477352574e-09
1.2737301444087725e-09
1.3170200200419512e-09
1.3673603558289859e-09
1.4261960768279187e-09
1.4946335776013583e-09
1.5733051993216728e-09
1.662345465896305e-09
1.7611759450614917e-09
1.868601092796692e-09
1.9826910234550965e-09
2.100904753125281e-09
2.220096338415989e-09
2.3366901913874072e-09
2.4467389243688784e-09
2.546113253329073e-09
2.6306300340793847e-09
2.696201063922676e-09
2.7390191278076343e-09
2.7556946879066346e-09
2.743452692390108e-09
2.700259278701349e-09
2.625035422911625e-09
2.5177157585096004e-09
2.3794223436308176e-09
2.2125050584430854e-09
2.0204848190110448e-09
1.8081865493169973e-09
1.5814022489346133e-09
1.3469886139803047e-09
1.1125748147727733e-09
8.862007874678421e-10
6.761583249045788e-10
4.899634122787512e-10
3.3376938538155094e-10
2.1113575619183643e-10
1.222288074094288e-10
6.368319397803524e-11
2.92806066525236e-11
1.1620469071883441e-11

