1.9415135242019843e-14
2.930713798552023e-14
4.422156788060198e-14
6.669554576708505e-14
1.0053845595814581e-13
1.5146297617161565e-13
2.2802391805939836e-13
3.4301212539519986e-13
5.155151160028866e-13
7.739565694942674e-13
1.160555638159322e-12
1.7378362964167046e-12
2.5980853049246388e-12
3.876955679232333e-12
5.77293016415814e-12
8.574800075576065e-12
1.2699947538725187e-11
1.8747028673590304e-11
2.7566315701399555e-11
4.035206753864737e-11
5.87581996872616e-11
8.503493991448695e-11
1.221798579350991e-10
1.7406975506170415e-10
2.455381247586518e-10
3.4230045830935763e-10
4.705900405597869e-10
6.363753891385647e-10
8.43825458781849e-10
1.0930695732789729e-09
1.3771076770494017e-09
1.67840825016805e-09
1.9668584200580354e-09
2.2001148115288906e-09
2.3303068628905968e-09
2.316548764417149e-09
2.1419008576776817e-09
1.8277589167891606e-09
1.4340892745184493e-09
1.0423916291036408e-09
7.248237549712265e-10
5.178744257085986e-10
4.1677717548928794e-10
3.907959777186352e-10
4.061538007486125e-10
4.3992491853172423e-10
4.813430816523819e-10
5.268433571117189e-10
5.756476688687733e-10
6.27704554222346e-10
6.831303990713662e-10
7.421291588641123e-10
8.05000470040773e-10
8.721865193830158e-10
9.44286578306591e-10
1.0221008172975082e-09
1.106642516615304e-09
1.199158572918086e-09
1.3011189563306023e-09
1.4142059652516816e-09
1.540276617896091e-09
1.6812798430572024e-09
1.8392272727872154e-09
2.0160095162410397e-09
2.2133615548787774e-09
2.4326627185467444e-09
2.674831643317731e-09
2.9401927159269578e-09
3.2283338957164793e-09
3.538026640357327e-09
3.8671214430080365e-09
4.212522669246575e-09
4.5701156854893555e-09
4.9348300216844955e-09
5.300603813770847e-09
5.660492733240477e-09
6.006725394182474e-09
6.330832396644892e-09
6.623783772149906e-09
6.876161749504578e-09
7.078383755621951e-09
7.220840201537384e-09
7.294297387024605e-09
7.289898853916344e-09
7.199655668578291e-09
7.016731089871455e-09
6.73557978055904e-09
6.353443717599066e-09
5.870352738898517e-09
5.291865115803495e-09
4.6305743460840494e-09
3.907915363094843e-09
3.156375705028635e-09
2.4167318073848923e-09
1.7348132596696377e-09
1.1524448004171617e-09
6.978929620634142e-10
3.7877747716109525e-10
1.8065887622421557e-10
7.407012908643588e-11
