3.4058799053653647e-13
5.141737710396658e-13
7.759321055393581e-13
1.1704300165640663e-12
1.7646002110682975e-12
2.658845345882364e-12
4.003565818927832e-12
6.0237097735011445e-12
9.055083972609101e-12
1.3597940808117077e-11
2.039564094326093e-11
3.054954507046927e-11
4.56860513985746e-11
6.819699555408092e-11
1.0158382701025216e-10
1.5094382979236544e-10
2.2364790267311922e-10
3.302738530424917e-10
4.858530357005208e-10
7.11507936671939e-10
1.0365027698272696e-09
1.5006643781758295e-09
2.1570536321797176e-09
3.074282800156488e-09
4.337841992488483e-09
6.048673122682934e-09
8.316509851809326e-09
1.124566795700295e-08
1.4907245821092085e-08
1.9298620651760854e-08
2.4287660545077917e-08
2.9551383857363325e-08
3.453947302857272e-08
3.848132808238007e-08
4.0508786391362925e-08
3.9883856335914654e-08
3.6306389868081474e-08
3.0174281213729636e-08
2.2584228313172968e-08
1.5019745649658375e-08
8.787758814656307e-09
4.542138114503041e-09
2.1847244785728512e-09
1.147852878350249e-09
8.114268167728495e-10
7.557159228688478e-10
7.830741698201425e-10
8.270764261218603e-10
8.715091559254301e-10
9.128488687208186e-10
9.496789076985745e-10
9.808340980259666e-10
1.0052383098580513e-09
1.0219726855274166e-09
1.030339020537899e-09
1.0299357371010203e-09
1.020736704817153e-09
1.0031007589617232e-09
9.778499904855693e-10
9.462062767590089e-10
9.097740622026307e-10
8.704770544598652e-10
8.303674926918248e-10
7.915869665436294e-10
7.560922007664273e-10
7.256117945784852e-10
7.014153488380361e-10
6.843721752993935e-10
6.747463849085103e-10
6.723736481329417e-10
6.765570503353197e-10
6.861763271454821e-10
6.997656174999875e-10
7.155778071850348e-10
7.317374384583962e-10
7.463338785376932e-10
7.575557393221919e-10
7.637370571808709e-10
7.634810509845124e-10
7.556613170589458e-10
7.395061990339641e-10
7.146056506736164e-10
6.809572419717501e-10
6.389631682935962e-10
5.894484861592805e-10
5.336410642172074e-10
4.731191459950889e-10
4.097840135424472e-10
3.457153999088872e-10
2.830991744296978e-10
2.240617163135905e-10
1.7049886015512562e-10
1.2395920098342933e-10
8.54342603424582e-11
5.5298904664092106e-11
3.323652008011598e-11
1.8298033122356132e-11
9.082657738075051e-12
3.988626678990961e-12
1.516532627611703e-12

