4.838437216385649e-13
7.304442251901851e-13
1.1023065762833915e-12
1.662745781925978e-12
2.5068518516090176e-12
3.777266170328356e-12
5.687663665895099e-12
8.557633211518443e-12
1.2864268609458074e-11
1.931830707476498e-11
2.8975898271525542e-11
4.340185329607397e-11
6.490699223704934e-11
9.68897415674006e-11
1.4432520430108713e-10
2.1445608885891658e-10
3.177558683230068e-10
4.692550660649621e-10
6.90312858148458e-10
1.0109442808768144e-09
1.4727343865090677e-09
2.1322785766018567e-09
3.064978733424581e-09
4.368335543545626e-09
6.163831356445386e-09
8.594898759645333e-09
1.1817445993411919e-08
1.5979646950471484e-08
2.1182405655100464e-08
2.7421756420111005e-08
3.4509532378011236e-08
4.198614236397102e-08
4.9068714061954493e-08
5.466116270518896e-08
5.7528791178380455e-08
5.662223282768792e-08
5.1515050276482126e-08
4.277377343749199e-08
3.1958805280894564e-08
2.1180540309542392e-08
1.2297870406801374e-08
6.240571405598935e-09
2.8686562299322467e-09
1.3744787926252938e-09
8.760008955364054e-10
7.763896041398e-10
7.948094716606957e-10
8.371394298145972e-10
8.807133210823164e-10
9.209415515434215e-10
9.562415839390291e-10
9.853783468867939e-10
1.0072143689469944e-09
1.0207699381887174e-09
1.0252919690431505e-09
1.0203302377506548e-09
1.0058154527302717e-09
9.82077868770298e-10
9.499155201052795e-10
9.105457296152663e-10
8.655797541475642e-10
8.16973721582974e-10
7.668314799968053e-10
7.173825376000584e-10
6.706929258349492e-10
6.286137473571078e-10
5.92558469909439e-10
5.635048004084382e-10
5.418508857791442e-10
5.275433212530863e-10
5.200435642932218e-10
5.184037764520072e-10
5.213912008678897e-10
5.274903294400721e-10
5.35091516641734e-10
5.425394973184398e-10
5.482841717567024e-10
5.509079931655715e-10
5.492429609660728e-10
5.423543674955457e-10
5.296098108168878e-10
5.106719246027805e-10
4.855249598995222e-10
4.544673520246923e-10
4.181155279133525e-10
3.773850841632025e-10
3.334466397352677e-10
2.877005636371107e-10
2.4166781782005e-10
1.9693141423939236e-10
1.5501152665365283e-10
1.1723901709232705e-10
8.466789066942243e-11
5.7931298461159835e-11
3.7206784048651595e-11
2.218078105580063e-11
1.210910204196703e-11
5.95970060771527e-12
2.595191457323416e-12
9.786413875778597e-13

