1.1433425712117985e-13
1.7260314175290124e-13
2.6046729785300153e-13
3.928841471475517e-13
5.923163359984465e-13
8.924572738688006e-13
1.3437758409129506e-12
2.0217516418009774e-12
3.03905424475434e-12
4.5635152723583196e-12
6.844507473114446e-12
1.0251468571531358e-11
1.532990298567284e-11
2.288196921964305e-11
3.408184045799555e-11
5.063865409276993e-11
7.502363148286265e-11
1.1078277986987478e-10
1.629545431505424e-10
2.3861838549529403e-10
3.47581726451148e-10
5.031910277183407e-10
7.232270609490252e-10
1.0306825320898432e-09
1.4542094540155794e-09
2.027648108432199e-09
2.7878094492726964e-09
3.769737373386295e-09
4.997435677642837e-09
6.470352776423231e-09
8.144761257912439e-09
9.913278179501672e-09
1.1592650399756568e-08
1.2926057361543804e-08
1.3623950646605287e-08
1.343993049015385e-08
1.22733292667453e-08
1.0256019948587175e-08
7.75290958578899e-09
5.258115257388962e-09
3.207343914028665e-09
1.8189513991938993e-09
1.060777663728176e-09
7.439764663145489e-10
6.619866221512872e-10
6.747574407194009e-10
7.161226000630698e-10
7.63568803029201e-10
8.112836594972027e-10
8.576581128049046e-10
9.017820222581601e-10
9.428546374859286e-10
9.801493834864981e-10
1.0130941014483316e-09
1.0413090630577481e-09
1.0646798973542503e-09
1.0834204681032933e-09
1.0980637095697313e-09
1.109535508399265e-09
1.119062109005004e-09
1.128171705056059e-09
1.1385686614391989e-09
1.1520522023878848e-09
1.1703553432539985e-09
1.1950457460620812e-09
1.2273916210052538e-09
1.2681976087132049e-09
1.3178307081308533e-09
1.375971470615335e-09
1.4417609478846943e-09
1.5136567390148458e-09
1.5895806014133857e-09
1.6669331996377035e-09
1.7427683247444614e-09
1.8138649647093127e-09
1.8769047933926904e-09
1.9285952277901074e-09
1.9657899461389985e-09
1.985655511147161e-09
1.9857639442639934e-09
1.9642518381045645e-09
1.9199055190006568e-09
1.8523132677151783e-09
1.761898843984207e-09
1.6500315437828274e-09
1.519030001228946e-09
1.3720933094976173e-09
1.2133319149516339e-09
1.0474764921633425e-09
8.798389552378652e-10
7.160102141534518e-10
5.615123053431721e-10
4.215974734673012e-10
3.0057070790602044e-10
2.0146917561855548e-10
1.2545431545855402e-10
7.154203849123341e-11
3.675177651880626e-11
1.6678852796187144e-11
6.541059918035769e-12

