1.1708657985498998e-14
1.767337524290655e-14
2.666597725786428e-14
4.021566206805701e-14
6.061822664615949e-14
9.131614688786934e-14
1.3746396904850824e-13
2.0676760783502188e-13
3.107248868468031e-13
4.664550221160967e-13
6.99382180448214e-13
1.0471519411359527e-12
1.5653206508046939e-12
2.335536765059621e-12
3.477244005938325e-12
5.16420065891733e-12
7.647489147036162e-12
1.128717553054758e-11
1.6594576089023623e-11
2.4287755608635172e-11
3.5361027981738256e-11
5.116709118038621e-11
7.350785775161987e-11
1.0471396963075055e-10
1.4769193005580514e-10
2.058804769551631e-10
2.830342067835701e-10
3.8275739522811176e-10
5.075887875308211e-10
6.5766496157139e-10
8.288757290864676e-10
1.0108321023644695e-09
1.1856368972777359e-09
1.3280869976027714e-09
1.4096585023965466e-09
1.4059596613715243e-09
1.3068451734825384e-09
1.1250065869153613e-09
8.961508988631942e-10
6.688746545064521e-10
4.862890144032861e-10
3.7031010494541537e-10
3.183033623256693e-10
3.1214466361624767e-10
3.3188393156624026e-10
3.6402388921191976e-10
4.0232443783597443e-10
4.4485789652803723e-10
4.913888592230917e-10
5.421494283916241e-10
5.975142516600742e-10
6.57958850247199e-10
7.240733515229115e-10
7.965994953711994e-10
8.764489182267943e-10
9.647401928714023e-10
1.0628118053348537e-09
1.1722492362314624e-09
1.2948732093295982e-09
1.4327459883642203e-09
1.5881365363215296e-09
1.7634622375742962e-09
1.9612586389612155e-09
2.1840313521667706e-09
2.4342127226981326e-09
2.7139862189130224e-09
3.0251795215071583e-09
3.369114970671017e-09
3.746464606249047e-09
4.157118532960944e-09
4.600047794464227e-09
5.073207116453796e-09
5.5733953105832084e-09
6.096223202163505e-09
6.635985377869285e-09
7.185655635504727e-09
7.736818113890836e-09
8.279675875286928e-09
8.80302637870102e-09
9.294294102756665e-09
9.739585040140908e-09
1.0123596659331055e-08
1.0429931430047042e-08
1.0640752175335244e-08
1.0737282265119307e-08
1.070003493348076e-08
1.0508984532515239e-08
1.0146294056519997e-08
9.596950081144278e-09
8.854667751700398e-09
7.926265213183397e-09
6.837251717348271e-09
5.638036381422721e-09
4.401167328344269e-09
3.216002534635161e-09
2.1711778686155612e-09
1.334008753382648e-09
7.334186616714252e-10
3.5381120042308475e-10
1.4652012945068374e-10

