5.7446933771170984e-15
8.670454562960978e-15
1.3080941180967606e-14
1.9725686639263944e-14
2.972977784347658e-14
4.477993650334e-14
6.740125629838511e-14
1.0136789710155295e-13
1.523099494369066e-13
2.286081457994788e-13
3.4270586058151466e-13
5.130232906598583e-13
7.667372562066998e-13
1.1437773316897807e-12
1.7025403891667432e-12
2.527954405860457e-12
3.7427074670479756e-12
5.5226941751992376e-12
8.117634281883419e-12
1.1878143848316429e-11
1.728964126835459e-11
2.5012438946236997e-11
3.592612677303972e-11
5.1168581970970567e-11
7.215943246299636e-11
1.005797540675999e-10
1.3826840212670577e-10
1.8699765736302283e-10
2.4803200436175634e-10
3.214830509786957e-10
4.0541854333407604e-10
4.948801319453986e-10
5.81285651028343e-10
6.525221132522913e-10
6.948598432159392e-10
6.965427024591058e-10
6.526679206709298e-10
5.693386909644253e-10
4.637780995091251e-10
3.5946931592292056e-10
2.773164446781845e-10
2.2805892884884154e-10
2.1063576380180804e-10
2.1652134813177305e-10
2.3631455828479833e-10
2.6373255648251284e-10
2.9601919786356193e-10
3.325358818586282e-10
3.7350923948387953e-10
4.1944740762498556e-10
4.709942645111977e-10
5.289197769580147e-10
5.941412016824924e-10
6.677552404170882e-10
7.510655376301909e-10
8.456196016143883e-10
9.532340537316093e-10
1.0760339011299687e-09
1.2164609946929062e-09
1.3773054697875744e-09
1.5617003738808342e-09
1.7731094265467145e-09
2.0153225112050614e-09
2.292378379266459e-09
2.6085411096830653e-09
2.96818716060042e-09
3.375723392542279e-09
3.835456600025478e-09
4.35145898175081e-09
4.927405475339455e-09
5.566396352172559e-09
6.270769104806005e-09
7.04185167823382e-09
7.879753945395403e-09
8.78304263592072e-09
9.748462126978121e-09
1.0770520389271152e-08
1.1841108733937071e-08
1.2948910819284204e-08
1.4078838788438668e-08
1.5211301056352377e-08
1.632104257547884e-08
1.7376587181468426e-08
1.8338172791723053e-08
1.9157332380847117e-08
1.9775874653471596e-08
2.0125201721916544e-08
2.0131532229741578e-08
1.9718375688999286e-08
1.882211866559945e-08
1.7407068438315357e-08
1.548596997840603e-08
1.314278887067731e-08
1.0535270453774206e-08
7.886403970395874e-09
5.441343276325061e-09
3.4088762262470756e-09
1.9067569050828573e-09
9.339629794090074e-10
3.919885107195203e-10

