8.529028894398001e-15
1.2873495512368261e-14
1.9423053684630437e-14
2.929116574035558e-14
4.4149359501676467e-14
6.650384213166314e-14
1.0010693475509217e-13
1.5056775794745073e-13
2.2625475688709466e-13
3.3962652867806066e-13
5.091836723231049e-13
7.62316987716193e-13
1.1394444061955252e-12
1.6999591061076634e-12
2.53073691163549e-12
3.758143077202202e-12
5.5647543904811765e-12
8.212364904742916e-12
1.2072697330075217e-11
1.7667726966746637e-11
2.5720182023255257e-11
3.721323786071921e-11
5.345656071808008e-11
7.614422343873977e-11
1.0738925353378939e-10
1.4969256640276295e-10
2.0578697131357896e-10
2.7830043997472736e-10
3.6909454674221266e-10
4.782978363611478e-10
6.029713553558912e-10
7.356381134635145e-10
8.633910445964856e-10
9.68036069387298e-10
1.0289675884345717e-09
1.0285531611236324e-09
9.594461366492706e-10
8.308015949385005e-10
6.684239566612902e-10
5.074626460382973e-10
3.7914449399778933e-10
2.9941116402598115e-10
2.664815937360452e-10
2.6737842707999536e-10
2.878037374297878e-10
3.181232531203165e-10
3.539606081971234e-10
3.940750711888852e-10
4.384740840349306e-10
4.875311407435477e-10
5.417565417394255e-10
6.017722268697258e-10
6.683288585963941e-10
7.423393303916037e-10
8.249007201487125e-10
9.17329797415775e-10
1.0211800230400497e-09
1.138273151976145e-09
1.2706935447756883e-09
1.4208046026635583e-09
1.5912231636183875e-09
1.784779271639106e-09
2.0044923289910376e-09
2.253450793822503e-09
2.5347710332960535e-09
2.851443992202306e-09
3.2062325567797733e-09
3.6015219228845323e-09
4.039173382045147e-09
4.520369494265809e-09
5.0454539115548535e-09
5.613788332073656e-09
6.223563092256824e-09
6.871689704293706e-09
7.553592255549815e-09
8.26309712355807e-09
8.992237774781502e-09
9.731128155633183e-09
1.0467748409820707e-08
1.118778937684036e-08
1.1874468170559677e-08
1.2508117331357171e-08
1.3066277026059116e-08
1.3522852721510308e-08
1.3848433755892735e-08
1.4010250868701827e-08
1.3972204541441279e-08
1.369862493815224e-08
1.3155575575787395e-08
1.2320053898413745e-08
1.1187738276917781e-08
9.783179497580025e-09
8.171000737321254e-09
6.454198295819692e-09
4.767248864377743e-09
3.2498768212530643e-09
2.0142013288236473e-09
1.1159464883979382e-09
5.420217956037082e-10
2.258070145693e-10
