4.383744647813061e-15
6.616128768954182e-15
9.981213614657901e-15
1.505072066349728e-14
2.2682771572109025e-14
3.416375910333622e-14
5.141931451328657e-14
7.732736316017674e-14
1.1618066326560695e-13
1.7436865993474993e-13
2.6137723898680345e-13
3.9124718095947004e-13
5.846919027885735e-13
8.721414990340797e-13
1.2980952940007636e-12
1.9272631085205704e-12
2.8531163293134647e-12
4.209649658679192e-12
6.187080728435837e-12
9.052462640534825e-12
1.3175502745102724e-11
1.9059098922946995e-11
2.7373159823918347e-11
3.898437730845703e-11
5.497423509950234e-11
7.662383845968874e-11
1.0533552216828202e-10
1.424628935086911e-10
1.8897634630499364e-10
2.4497382260610437e-10
3.0900485070397947e-10
3.7732515367213927e-10
4.4344216461716783e-10
4.981844514930554e-10
5.311514108167581e-10
5.334352125153179e-10
5.013224381698229e-10
4.3944658693099266e-10
3.608821648362713e-10
2.8346580296756733e-10
2.2309842561510376e-10
1.8798993658802474e-10
1.774140424616227e-10
1.849885336307401e-10
2.0367384705301934e-10
2.2880390503338167e-10
2.5840274420639344e-10
2.921201554527351e-10
3.3028649024545725e-10
3.734739072501623e-10
4.2239133097201333e-10
4.778830955356025e-10
5.409528818691428e-10
6.127965547191619e-10
6.948338501191515e-10
7.887481967812277e-10
8.965192784496633e-10
1.0204692844118104e-09
1.1632846560062242e-09
1.3280603810421722e-09
1.518314041369203e-09
1.737997527305013e-09
1.9915145388164334e-09
2.2836802264151867e-09
2.6197227589873515e-09
3.005210470456019e-09
3.446000242562005e-09
3.948139838451141e-09
4.517759945781466e-09
5.1609305566840975e-09
5.883492732274141e-09
6.690861712651324e-09
7.587760168014854e-09
8.577951401013659e-09
9.663839790697623e-09
1.0846063759104203e-08
1.2122898793596467e-08
1.3489646384733737e-08
1.4937674606795543e-08
1.645342293235851e-08
1.8017058440555323e-08
1.9600455093186045e-08
2.116577898439296e-08
2.2661931322265794e-08
2.402298654842309e-08
2.516569916032497e-08
2.5987591027653716e-08
2.6373056819887198e-08
2.61967766896226e-08
2.534574017602621e-08
2.3742439439606208e-08
2.1377357273245462e-08
1.8345657732183824e-08
1.4856480699255377e-08
1.122436452872318e-08
7.80904404217093e-09
4.928640436869654e-09
2.7750846657308487e-09
1.3672471040824837e-09
5.768059977514873e-10

