3.1942750296292606e-15
4.82071012223575e-15
7.272250063496683e-15
1.0965273438958784e-14
1.6524689114210212e-14
2.4887203231499847e-14
3.745486400997439e-14
5.632288125311881e-14
8.461618912263906e-14
1.269855316395312e-13
1.903347478088495e-13
2.8488161466847575e-13
4.2569804887010585e-13
6.349237333505851e-13
9.449309284959551e-13
1.4027894250065013e-12
2.0764829855449515e-12
3.0634592446562205e-12
4.502041883722867e-12
6.586414165946105e-12
9.585389022588739e-12
1.3864615150482364e-11
1.991118420631742e-11
2.8355331795562395e-11
3.998364726586475e-11
5.572828174693855e-11
7.661040015475552e-11
1.0361733017511642e-10
1.3746057490646142e-10
1.7822169497027134e-10
2.2486284999705448e-10
2.7468690592786765e-10
3.230076026604269e-10
3.631990619106032e-10
3.877438898417659e-10
3.9020325969784364e-10
3.678975364080682e-10
3.241914238216626e-10
2.6856809705331925e-10
2.139713295391958e-10
1.7196068982393338e-10
1.4854313856183043e-10
1.4326810919346659e-10
1.515970693438778e-10
1.6852453979523318e-10
1.907750784139918e-10
2.1703891547687247e-10
2.4720586402617314e-10
2.816858921097467e-10
3.210962777013806e-10
3.6619207210079735e-10
4.1787254635411435e-10
4.772080665588827e-10
5.454747762921282e-10
6.241912383712047e-10
7.151630296823955e-10
8.205249064897516e-10
9.427968062112573e-10
1.0849238390856972e-09
1.2503385155270242e-09
1.4430026349815168e-09
1.6674525830853804e-09
1.928852316336545e-09
2.233006011144779e-09
2.586405542947823e-09
2.9962224878880275e-09
3.4703161760797586e-09
4.017204489031273e-09
4.646020088006943e-09
5.366431041843996e-09
6.188526838632015e-09
7.122659525220145e-09
8.179204153553419e-09
9.368268168139863e-09
1.0699247008713644e-08
1.2180290200187425e-08
1.3817487640227375e-08
1.5613951214014323e-08
1.7568308207518312e-08
1.967301267105645e-08
2.191195194470777e-08
2.4256887015931158e-08
2.666434179878547e-08
2.906918465063292e-08
3.138051714047324e-08
3.347588846586926e-08
3.5196373800406804e-08
3.635297541459095e-08
3.6730925296356776e-08
3.612209362643032e-08
3.436276974910124e-08
3.138848257836477e-08
2.7297609582825956e-08
2.237629054933526e-08
1.7093054230818093e-08
1.201051227762573e-08
7.647894093749666e-09
4.34029911165194e-09
2.1534430960601943e-09
9.141350414266665e-10

