2.5829871639036004e-15
3.898048665896808e-15
5.880175644264138e-15
8.865947546317217e-15
1.336048165487944e-14
2.0120879483300954e-14
3.0280292178583786e-14
4.5531987127352157e-14
6.840125371986493e-14
1.0264615609053078e-13
1.5384501213796696e-13
2.302532478850526e-13
3.440473440394534e-13
5.13112555157122e-13
7.635986356714265e-13
1.13352528421533e-12
1.6778016875070235e-12
2.475129995578533e-12
3.6372198729593402e-12
5.320886893893661e-12
7.743209640810389e-12
1.1199464945229404e-11
1.6083009379162835e-11
2.290283269242896e-11
3.2294285438826033e-11
4.501048418255366e-11
6.187686883873666e-11
8.369234802554501e-11
1.1103446759129797e-10
1.4397420990204244e-10
1.8168169547093798e-10
2.2199117576198137e-10
2.6113499251647135e-10
2.9378315560764526e-10
3.138870861500413e-10
3.162665905497911e-10
2.9876987293355927e-10
2.6411607079691524e-10
2.1995792331944434e-10
1.767433620619083e-10
1.438143490828009e-10
1.26047973527949e-10
1.2312582622741196e-10
1.314409838536187e-10
1.4701689266825617e-10
1.6727938601802637e-10
1.9125027594094832e-10
2.1893304260049714e-10
2.5076869319780447e-10
2.873871567088114e-10
3.2955587245462466e-10
3.781904110335969e-10
4.3438301477932816e-10
4.994387613395047e-10
5.749152946808622e-10
6.626709730293077e-10
7.649135968868106e-10
8.842634550752632e-10
1.0238063740666442e-09
1.187169255275425e-09
1.3785828793423284e-09
1.6029526587660488e-09
1.8659407861362144e-09
2.1740205665730682e-09
2.534565212029966e-09
2.9558959780539037e-09
3.447347953242383e-09
4.0193097460265045e-09
4.683250559983725e-09
5.451719526548491e-09
6.338309059906018e-09
7.357569347980215e-09
8.524841478936783e-09
9.856006472761743e-09
1.1367070460835661e-08
1.3073597100705973e-08
1.4989786280878314e-08
1.7127364541420233e-08
1.9493667405058033e-08
2.208937891107554e-08
2.4905199943674593e-08
2.7916840393141137e-08
3.108017563150534e-08
3.432191577048638e-08
3.7532611106544987e-08
4.0557089678721435e-08
4.318584634237012e-08
4.51605388218546e-08
4.617828852077733e-08
4.5933073359220286e-08
4.4167561254412994e-08
4.0750425965373427e-08
3.5768072152981214e-08
2.9568097281374728e-08
2.276024751026931e-08
1.6103152144395385e-08
1.0317439284666014e-08
5.88764724305197e-09
2.9355129178938097e-09
1.251558066076252e-09
