bhjet  27  0. 1.e20  c_xspec_jetinterp add 0
mbh       "msun"     1.e6    3.    3.     3e10  3e10   -0.1
incl      "deg"      40.     2.    2.     80.   80.    -0.01
dkpc      "kpc"      3.e3    1.    1.     1e6   1e6    -0.1
redshift  ""         0.      0.    0.     7.    7.     -0.01
jetrat    "L_edd"    5.e-3   1.e-7 1.e-7  1.    1.      0.01
r_0       "r_g"      20      2     2      80    80      0.01
z_diss    "r_g"      1000.   50.   50.    5.e5  5.e5    0.01
z_acc     "r_g"      1000.   3.e2  3.e2   5.e5  5.e5   -0.1
z_max     "r_g"      1.e7    1.e5  1.e5   1.e9  1.e9   -0.1
t_e       "keV"      100.    10.   10.    2.e3  2.e3    0.1
f_nth     ""         0.1     0.05  0.05   0.95  0.95   -0.01
f_pl      ""         0.      0.    0.     10.   10.    -0.01
pspec     ""         2.      1.5   1.5    3.    3.      0.01
f_heat    ""         1.      1.    1.     50.   50.    -0.01
f_b       ""         0.1     0.001 0.001  1.    1.     -0.01
f_sc      ""         1.5e-7  1e-9  1e-9   0.1   0.1     0.001
p_beta    ""         5.e-2   1e-3  1e-3   1.    1.      0.001
sig_acc   ""         0.1     1e-2  1e-2   1.    1.     -0.001
l_disk    "L_edd"    1.e-2   1e-4  1e-4   1.    1.      0.001
r_in      "r_g"      1.      1.    1.     2.e2  2.e2    0.1
r_out     "r_g"      1000.   10.   10.    1.e5  1.e5   -0.1
compar1   ""         1.e3    3.    3.     1.e6  1.e6   -0.1
compar2   ""         0.      0.    0.     1.    1.     -0.01
compar3   ""         3.e-10  0.    0.     1.    1.     -0.001
$compsw              0
velsw     ""         1.      1.    1.     25.   25.    -0.01
$infosw              0
