6.317920043735112e-14
9.537057298476535e-14
1.439071292069376e-13
2.1704604393581282e-13
3.2718510592221044e-13
4.929162416225725e-13
7.420804827022362e-13
1.116303223064106e-12
1.6776978167686518e-12
2.5187518018569027e-12
3.7768277947187754e-12
5.655324574388827e-12
8.454413101549234e-12
1.2615224301333782e-11
1.8783039750932685e-11
2.7896447707113795e-11
4.131145863449307e-11
6.097216174165065e-11
8.963834269838969e-11
1.311840370142248e-10
1.909708500105477e-10
2.762883328672614e-10
3.968397185749809e-10
5.651651532675974e-10
7.968893245209276e-10
1.1104811402566384e-09
1.5260905117220546e-09
2.0630528676340116e-09
2.735013314925065e-09
3.542822011566632e-09
4.4647492967516924e-09
5.445738142795238e-09
6.3908257477550656e-09
7.166123320871204e-09
7.619471326174857e-09
7.619161998522869e-09
7.1068746878704875e-09
6.142296124462857e-09
4.905656130892528e-09
3.64567529144488e-09
2.586149687478467e-09
1.8440257479031695e-09
1.4114728356303582e-09
1.1999324498925895e-09
1.1097453313758265e-09
1.0718365019967334e-09
1.0527347727467503e-09
1.0401324378566246e-09
1.0299362505179665e-09
1.0202320503507646e-09
1.0095948563038704e-09
9.968472319495977e-10
9.810310630611757e-10
9.614900034186272e-10
9.378404194898193e-10
9.100054005407393e-10
8.781879194969292e-10
8.428115482115219e-10
8.04499392149066e-10
7.63972716520284e-10
7.220103636930606e-10
6.793708714606132e-10
6.36746220419495e-10
5.947181658047971e-10
5.537358930873202e-10
5.141080758431461e-10
4.75996590597271e-10
4.394528790177527e-10
4.04412641392986e-10
3.707526434732119e-10
3.383051765509554e-10
3.0689113039632863e-10
2.763634415079046e-10
2.46610973072492e-10
2.176015540006533e-10
1.8938541416627293e-10
1.6210116330181587e-10
1.359904389985191e-10
1.113639174691945e-10
8.859947005905907e-11
6.809482415194507e-11
5.021508997735488e-11
3.5248242328444884e-11
2.3324566433007417e-11
1.4386189918656964e-11
8.160380289870176e-12
4.189993901682374e-12
1.9123381219002352e-12
7.594060037438337e-13
2.5606380974131096e-13
7.127783675299752e-14
1.5865924624331886e-14
2.7241333533659063e-15
3.451731036488063e-16
3.0840356579049676e-17
1.8537546165317143e-18
6.909386721500352e-20
1.4752161481490299e-21
1.8454989582371348e-23
1.1133814482584474e-25
