6.142769474332136e-13
9.273423463927953e-13
1.3994211843343148e-12
2.1108815510806833e-12
3.1824195696058052e-12
4.795078590108701e-12
7.220043778579004e-12
1.0862894389751144e-11
1.6329048271492015e-11
2.452033227169071e-11
3.67767214508786e-11
5.508332375563837e-11
8.237125200407062e-11
1.2295053969874356e-10
1.831297869057942e-10
2.720912803665516e-10
4.031104935610425e-10
5.952347025701882e-10
8.755242472602404e-10
1.2819953585573895e-09
1.867303347870295e-09
2.703089026439163e-09
3.884772505148185e-09
5.5357121959924365e-09
7.809590604582717e-09
1.0887880987323217e-08
1.4967979296749452e-08
2.023787308708676e-08
2.6826635009452552e-08
3.473231643922418e-08
4.3722665865354346e-08
5.322602128575341e-08
6.226591663724657e-08
6.947287913354778e-08
7.330023276826896e-08
7.242556629642244e-08
6.629497964890715e-08
5.5583236081346435e-08
4.2202751892674e-08
2.8758064406937705e-08
1.7560313842709926e-08
9.785854980895423e-09
5.296042150279139e-09
3.123009463870607e-09
2.1979504159229815e-09
1.7933195194218753e-09
1.564887746330745e-09
1.3955320765245093e-09
1.2551439360857911e-09
1.1357832860468302e-09
1.0332692534744707e-09
9.440261113059078e-10
8.648793851962227e-10
7.930486205664271e-10
7.263146232887427e-10
6.63002067413724e-10
6.020386031246748e-10
5.42863558822095e-10
4.85398584139737e-10
4.2988450779204127e-10
3.7678624991014605e-10
3.266599297448315e-10
2.8004119236276834e-10
2.3738300733822753e-10
1.9898935215481915e-10
1.6500342709985455e-10
1.3540417201481204e-10
1.1002362300297784e-10
8.857867938791253e-11
7.070264274845964e-11
5.5982996603002576e-11
4.398998807743526e-11
3.430718354001587e-11
2.6545923564030384e-11
2.0362142545260173e-11
1.545983841726143e-11
1.1591767672526267e-11
8.557751791681332e-12
6.196221650783467e-12
4.379225840857748e-12
3.0039429263324606e-12
1.986280629878554e-12
1.25603962221805e-12
7.523684762547599e-13
4.221803113987228e-13
2.19030333616478e-13
1.0343552392088255e-13
4.3672431487995284e-14
1.6140344044940054e-14
5.095492690206555e-15
1.3355775120460022e-15
2.816270442961526e-16
4.6080599163351847e-17
5.578475154369166e-18
4.786886614626359e-19
2.8071785734907404e-20
1.0065348746729105e-21
2.0103941458649432e-23
2.6902248601421063e-25
1.694487422956086e-27

