2.9125778608875044e-12
4.3970333926954465e-12
6.6355260779843544e-12
1.0009192607170459e-11
1.509044479344658e-11
2.2737937238782827e-11
3.4237919724643495e-11
5.151419985088693e-11
7.743869011421488e-11
1.1628970801446185e-10
1.7442472978019147e-10
2.612629773705967e-10
3.907139458456084e-10
5.832332715122331e-10
8.687659757421794e-10
1.2909041774929603e-09
1.912682438900844e-09
2.824557183447108e-09
4.15506384561474e-09
6.084814204485819e-09
8.864020641645165e-09
1.2833180377574827e-08
1.844589275489651e-08
2.6288642433047374e-08
3.709210754960007e-08
5.1718950580500463e-08
7.110692734851821e-08
9.614755914313717e-08
1.2744891126401e-07
1.649900577597925e-07
2.0764528057294612e-07
2.526610733419973e-07
2.9534450205836483e-07
3.291224828210731e-07
3.4658489409778385e-07
3.414212132428513e-07
3.1103954494054787e-07
2.58781190134349e-07
1.9393875091429472e-07
1.291109005804197e-07
7.542438265302156e-08
3.848197791364275e-08
1.7511000790824612e-08
7.746050521117476e-09
3.961719651770805e-09
2.6163104691148264e-09
2.042480868377767e-09
1.6813259824023514e-09
1.398771596320163e-09
1.168055570665498e-09
9.80324633714623e-10
8.284784790290112e-10
7.059262940894446e-10
6.06468626171981e-10
5.248009507210537e-10
4.564481135922023e-10
3.979021257376243e-10
3.465444585995987e-10
3.005765189998571e-10
2.5887569799603457e-10
2.2084456976890704e-10
1.8624163570231508e-10
1.5501558082856173e-10
1.2719927841272287e-10
1.0280720761944511e-10
8.17951235378306e-11
6.40349006953689e-11
4.9315096818548786e-11
3.7357628216181296e-11
2.7837771551112027e-11
2.040942991517806e-11
1.4727040704963424e-11
1.0463589423518963e-11
7.324065779438521e-12
5.052803180849486e-12
3.4368102657398297e-12
2.3043819787472783e-12
1.5220185451230394e-12
9.884993409503613e-13
6.294602233543356e-13
3.9129579533172716e-13
2.3603126734164047e-13
1.3711449416029037e-13
7.597691112990853e-14
3.9704486248887336e-14
1.9306067572929174e-14
8.596218632813881e-15
3.4413743523715582e-15
1.2121458941629998e-15
3.6650211787752324e-16
9.246441224755836e-17
1.8832865150198292e-17
2.984244325139059e-18
3.52863602157464e-19
2.9637288363474973e-20
1.667037839156367e-21
5.955786513074074e-23
1.2647719580587412e-24
1.3884978023297135e-26
7.58910680396562e-29

