1.7962934819850326e-13
2.711693910546366e-13
4.0919920854304125e-13
6.172115144409963e-13
9.304846416602929e-13
1.4019310500103168e-12
2.1108003085740995e-12
3.1756029274226965e-12
4.773219546447762e-12
7.167092549234354e-12
1.07485935384608e-11
1.609741685619143e-11
2.40693413420995e-11
3.592246629401767e-11
5.3497833223090785e-11
7.947441589393094e-11
1.177243089610591e-10
1.7380141890358128e-10
2.5559366337158085e-10
3.741789355192619e-10
5.448959551856744e-10
7.886076513591972e-10
1.1330944393767033e-09
1.6142647410648575e-09
2.2768543197799607e-09
3.173707242041287e-09
4.362369599184378e-09
5.897806478532033e-09
7.818173199179271e-09
1.0124089926296185e-08
1.2750105104968514e-08
1.55333427920724e-08
1.8194543345651757e-08
2.034121759536313e-08
2.1528893736494796e-08
2.137541749041049e-08
1.9716471465727855e-08
1.67369412951853e-08
1.297566064996309e-08
9.170998357679921e-09
5.98238508958567e-09
3.749939487723222e-09
2.442109157309001e-09
1.7904496912550202e-09
1.495791248416212e-09
1.3530182466521467e-09
1.2641855268123713e-09
1.1950168573865133e-09
1.1356902608218171e-09
1.0827574028647817e-09
1.0339462829626436e-09
9.873544272393984e-10
9.41373069301117e-10
8.947636129247406e-10
8.466746213137169e-10
7.966693571351516e-10
7.447168136204717e-10
6.911121975007533e-10
6.364483947963919e-10
5.81481016271679e-10
5.2706405403348e-10
4.740506562937864e-10
4.232136782912662e-10
3.752041264652803e-10
3.3050329175632945e-10
2.894213181596671e-10
2.520930536611029e-10
2.1850652055581327e-10
1.8852058793387628e-10
1.619076078988413e-10
1.3838248632575765e-10
1.1763166147135663e-10
9.934919598705255e-11
8.324390028643037e-11
6.906533768886937e-11
5.6603470785069245e-11
4.569073084904478e-11
3.620185154678845e-11
2.803931769293803e-11
2.1128571814720676e-11
1.5402813672133127e-11
1.0790485900405456e-11
7.207843079082283e-12
4.547521128238829e-12
2.6800029405757846e-12
1.4560351333914243e-12
7.179303276084595e-13
3.155387389422991e-13
1.2101833050095127e-13
3.952630442453431e-14
1.0687009349600306e-14
2.317512581019505e-15
3.887958521003298e-16
4.8183143034722637e-17
4.2214546403153996e-18
2.5100569970767424e-19
9.175053506717054e-21
1.8893139294791015e-22
2.4646298922814297e-24
1.5282078569354503e-26

