4.740690010709401e-12
7.156896902008104e-12
1.0800440827759745e-11
1.6291701839602147e-11
2.4562406574449932e-11
3.7010215521576724e-11
5.572881792149886e-11
8.384971629871074e-11
1.2604775492563057e-10
1.892871846143819e-10
2.8391686064331574e-10
4.2526986927996633e-10
6.359891998835759e-10
9.493748516296615e-10
1.414175824150826e-09
2.1013597034130702e-09
3.1135490595546995e-09
4.59801475019384e-09
6.764030436180287e-09
9.90566763337141e-09
1.4430336122626677e-08
2.0892472225195072e-08
3.0030702666701926e-08
4.280006382579808e-08
6.039040838775895e-08
8.420648038328839e-08
1.1577514475037836e-07
1.565475653471867e-07
2.0751238541219168e-07
2.68632277556226e-07
3.380680564968014e-07
4.11325797701171e-07
4.807491552748021e-07
5.356168475827357e-07
5.638463016688714e-07
5.551554981507502e-07
5.053370821614489e-07
4.1987227034208314e-07
3.1395292863084315e-07
2.081582774823829e-07
1.2064699804175303e-07
6.054334536438359e-08
2.6552961351883384e-08
1.0864859417383396e-08
4.925622610507009e-09
2.9423171089856065e-09
2.1898676335022786e-09
1.7570552087946565e-09
1.4276927675120568e-09
1.1613589412249956e-09
9.469438848012044e-10
7.762134273213966e-10
6.413908526476979e-10
5.350792873715139e-10
4.508250388028653e-10
3.831412842091699e-10
3.276427939311682e-10
2.8099431692372325e-10
2.4078265766338375e-10
2.0539798304046277e-10
1.7385205384891818e-10
1.4561326541924824e-10
1.2042186048035042e-10
9.817168175891472e-11
7.879287318726836e-11
6.220095812304458e-11
4.826168441552484e-11
3.678417685810846e-11
2.7529562431035494e-11
2.022525538914103e-11
1.458408263426528e-11
1.0321657602421384e-11
7.17055708839865e-12
4.891057858706868e-12
3.2767450096208445e-12
2.1569034276612474e-12
1.395229238417183e-12
8.868166411349099e-13
5.533670045314e-13
3.38363389291598e-13
2.0209030731879732e-13
1.173034937869096e-13
6.572816920785189e-14
3.522953733116334e-14
1.7863043974731318e-14
8.453376108345558e-15
3.674032172997074e-15
1.4396541764777992e-15
4.975480177228779e-16
1.479447820859402e-16
3.679017278391559e-17
7.39678397759542e-18
1.1581271105443957e-18
1.3586983316701495e-19
1.133075488910946e-20
6.257134085008906e-22
2.2392162553823686e-23
4.9302306779538285e-25
4.881320253493904e-27
2.4804164273456304e-29
