7.2621838603437585e-12
1.0963546786832634e-11
1.6545066517028216e-11
2.495711126290803e-11
3.7627011149043946e-11
5.6695879801564536e-11
8.537111374292839e-11
1.2845000252587014e-10
1.930942018036592e-10
2.8997272414701474e-10
4.349398360059568e-10
6.514858049887843e-10
9.74300069555009e-10
1.4543994638322347e-09
2.1664703737793775e-09
3.219241193569776e-09
4.769941334862311e-09
7.044210991605694e-09
1.036269457858252e-08
1.5175972337273148e-08
2.2108297970240855e-08
3.200922681395584e-08
4.601057208152084e-08
6.557578047816884e-08
9.252813039080094e-08
1.2902015658553493e-07
1.7739136383703687e-07
2.3986484101418305e-07
3.17953983942822e-07
4.11598301917325e-07
5.179733769909601e-07
6.301826970672248e-07
7.364795019574602e-07
8.204171533748643e-07
8.634648763908535e-07
8.498612323175785e-07
7.731730541796137e-07
6.418410350823129e-07
4.792059180330218e-07
3.1686733309172776e-07
1.8269125480982766e-07
9.065923131500416e-08
3.8749997986835704e-08
1.4941309779011762e-08
6.0803157620664825e-09
3.2636322157739005e-09
2.3050929263626684e-09
1.807182318688389e-09
1.4406678028706727e-09
1.1467802154388883e-09
9.118603442616919e-10
7.268242506939492e-10
5.829859024574536e-10
4.72036124972483e-10
3.8656688341781103e-10
3.202514884574684e-10
2.6797023640593476e-10
2.2580722767751528e-10
1.9085632622633203e-10
1.611207879129638e-10
1.3529445476800998e-10
1.1260779137283055e-10
9.262931649426934e-11
7.51404534367187e-11
6.000605891721379e-11
4.711453582287553e-11
3.633405321792145e-11
2.7498968784842e-11
2.041152754431285e-11
1.4850712602639857e-11
1.0586027479880903e-11
7.390621583398104e-12
5.05223225631603e-12
3.3813907312065874e-12
2.2157474243165847e-12
1.421712943623359e-12
8.933626582281781e-13
5.497731855907048e-13
3.312224079710483e-13
1.951525048352559e-13
1.1220463608447479e-13
6.271014157522563e-14
3.3877593164684465e-14
1.7544834277266806e-14
8.619570555266005e-15
3.964315409233113e-15
1.6796759588931836e-15
6.435257240389393e-16
2.1803401142936252e-16
6.371506813946328e-17
1.5609161729271006e-17
3.096698073292e-18
4.789738940331965e-19
5.5734772971445e-20
4.6138721132732685e-21
2.5032928586025747e-22
8.967758860534814e-24
2.0408542176799237e-25
1.8356884617558673e-27
8.734816083190455e-30

