1.099853918496376e-12
1.660404975656183e-12
2.5056820781792362e-12
3.77959685163899e-12
5.698279019227072e-12
8.585929257997819e-12
1.2928181241667194e-11
1.9451360988892184e-11
2.9239709463925385e-11
4.390836712588853e-11
6.585728544696866e-11
9.8642046582612e-11
1.4751292938968372e-10
2.201906282539289e-10
3.2797667466793994e-10
4.873218539788098e-10
7.220120939619687e-10
1.0661776938154115e-09
1.568311754672133e-09
2.2965472169399184e-09
3.3452624445659102e-09
4.842877001434886e-09
6.960450465715306e-09
9.919140130930868e-09
1.3994471495382033e-08
1.9511766206437422e-08
2.6824780799576612e-08
3.6270132346385073e-08
4.8078213014317676e-08
6.224343438218939e-08
7.834556429595586e-08
9.535336343994744e-08
1.115072150022621e-07
1.2434082964180325e-07
1.3107114307048075e-07
1.293229725504259e-07
1.1811027651026474e-07
9.866588614096678e-08
7.44533441477528e-08
5.0179974366938195e-08
3.0013835154017526e-08
1.606626559191613e-08
8.069484538236966e-09
4.260276178350779e-09
2.6977428700673466e-09
2.0633840721288602e-09
1.7349193363377778e-09
1.502150270042477e-09
1.3128043572279451e-09
1.1545914074920572e-09
1.0219308594241548e-09
9.100680129382448e-10
8.147149029926164e-10
7.319803614294461e-10
6.586521460917509e-10
5.921410380273439e-10
5.305817933921675e-10
4.727411871937871e-10
4.179887006771112e-10
3.661286264306355e-10
3.1728829607079125e-10
2.7176742901664005e-10
2.2990884365621662e-10
1.9202084655975556e-10
1.5830001899553126e-10
1.288102298680702e-10
1.0347384721495702e-10
8.208395882614797e-11
6.433367484307406e-11
4.984423318298389e-11
3.8200209972221504e-11
2.8977179401969924e-11
2.1767663986961655e-11
1.6197044159295676e-11
1.1936041772051873e-11
8.704967877819166e-12
6.2731659548797534e-12
4.4566955847520624e-12
3.1106513183461053e-12
2.1237051720831973e-12
1.410357394177114e-12
9.048937214933398e-13
5.564570782857235e-13
3.2481412699999955e-13
1.7796396070324057e-13
9.031801933600398e-14
4.1796965644164914e-14
1.7323025772182906e-14
6.294606748436738e-15
1.9568536034765005e-15
5.058637490104654e-16
1.0533824215989764e-16
1.7039293187671584e-17
2.043431892620601e-18
1.7386536218021175e-19
1.0080766415449385e-20
3.598290670665695e-22
7.236169577564723e-24
9.338112390143934e-26
5.727761679799958e-28

