9.490402045154012e-14
1.4326360961329388e-13
2.161803819975273e-13
3.2606182169260634e-13
4.915384829911896e-13
7.405511610399067e-13
1.1149441585812626e-12
1.6772851624998664e-12
2.5209473129400594e-12
3.784980332317586e-12
5.675927206946336e-12
8.499667487255191e-12
1.2707678988558149e-11
1.8963561641503334e-11
2.8238193257467812e-11
4.194402066816992e-11
6.212205851342304e-11
9.169908209358741e-11
1.348307554237486e-10
1.9735180882966606e-10
2.8733906808430606e-10
4.1577564078979386e-10
5.972834282741358e-10
8.507604988750562e-10
1.1997517910223177e-09
1.672079416004873e-09
2.298071643115446e-09
3.1067696201807935e-09
4.118516724324527e-09
5.33416257739732e-09
6.720196469710985e-09
8.192416390655974e-09
9.605985687800125e-09
1.0756987170063195e-08
1.1414030290044703e-08
1.1377385910658034e-08
1.0559664998757031e-08
9.053891394008767e-09
7.1367764464262716e-09
5.1890825790191e-09
3.552362811905412e-09
2.404193517334002e-09
1.730871193761937e-09
1.3957415101875885e-09
1.2456191228569413e-09
1.1748421148332893e-09
1.1325527009283684e-09
1.1004751609212162e-09
1.0729137917223794e-09
1.0474917349163409e-09
1.0225126219518976e-09
9.965725501295838e-10
9.68517303626333e-10
9.375272987788967e-10
9.030997440371021e-10
8.650818619423581e-10
8.236477132451468e-10
7.792297593042988e-10
7.324950631788475e-10
6.842295681524977e-10
6.352889335818098e-10
5.865128729307654e-10
5.386651083946798e-10
4.923927295422086e-10
4.481922832759398e-10
4.064062885110831e-10
3.672170070333633e-10
3.3068051240645724e-10
2.967300924449599e-10
2.652274782533393e-10
2.3598234089386975e-10
2.0878307477007858e-10
1.834352758959169e-10
1.5976577748640083e-10
1.3765554862429958e-10
1.1703905956013804e-10
9.790651071459028e-11
8.03080166709355e-11
6.432869788376515e-11
5.008341984309642e-11
3.7686975511991744e-11
2.722499736230085e-11
1.873306869525592e-11
1.2160511727063722e-11
7.364266681300826e-12
4.105511091478958e-12
2.07400839121493e-12
9.323957256832539e-13
3.65147280860584e-13
1.21567940820508e-13
3.344954827140052e-14
7.368616393961291e-15
1.2535640864773902e-15
1.5744361163804129e-16
1.3958005280407553e-17
8.353788854141619e-19
3.089608729849963e-20
6.502240914836034e-22
8.270891068892082e-24
5.044421882628764e-26

