3.390127994006888e-13
5.117845991218877e-13
7.723073070739328e-13
1.1649288271541598e-12
1.756248419200084e-12
2.646161028173112e-12
3.984293574958795e-12
5.994415239956196e-12
9.010534912829374e-12
1.3530162385080385e-11
2.0292473783636466e-11
3.0392446002847066e-11
4.5446742514721293e-11
6.783236992141356e-11
1.0102822624865323e-10
1.500973896995993e-10
2.2235908693126353e-10
3.283134739649309e-10
4.828761586669202e-10
7.06998850107773e-10
1.0296973608872311e-09
1.4904445272264605e-09
2.141809257577946e-09
3.051747327847474e-09
4.304919031613452e-09
6.001307208568605e-09
8.249715975282056e-09
1.1153885428255479e-08
1.4785359666535337e-08
1.914396893101715e-08
2.4103419244779203e-08
2.9351503862934423e-08
3.435413668408887e-08
3.8361626920317414e-08
4.052632239922338e-08
4.0121749257703696e-08
3.684014177278181e-08
3.104392509221125e-08
2.3772386381152316e-08
1.6444697617378968e-08
1.0323663312780672e-08
6.055856112388177e-09
3.5722618348844663e-09
2.3506474796539236e-09
1.81198784737897e-09
1.5610032590200798e-09
1.4099882005817008e-09
1.294384355987939e-09
1.196831549031122e-09
1.1121149459878172e-09
1.0371328837102092e-09
9.692521469028712e-10
9.061819864613065e-10
8.46019455448269e-10
7.873286588455059e-10
7.291524264326967e-10
6.710319171419664e-10
6.129195400514826e-10
5.551483207503313e-10
4.982807201132778e-10
4.430287012055318e-10
3.901383279936723e-10
3.402936759182471e-10
2.940672075452859e-10
2.518621884497172e-10
2.1390778678666248e-10
1.8025687437074212e-10
1.5080847737256136e-10
1.253360191708315e-10
1.0352315002426885e-10
8.499982000188904e-11
6.937085898313748e-11
5.625011440516995e-11
4.527165619187762e-11
3.611121327156676e-11
2.848793436728157e-11
2.2166249895219267e-11
1.695476380270592e-11
1.2696269002104323e-11
9.263180376823371e-12
6.547514900721551e-12
4.453341496449916e-12
2.8919197790027003e-12
1.776073313393217e-12
1.0202579088704358e-12
5.410591509038868e-13
2.607899166872036e-13
1.1221785631988233e-13
4.220395219620258e-14
1.3538603183796282e-14
3.600723840967741e-15
7.69329862187558e-16
1.273735608192793e-16
1.5587916736942264e-17
1.3505679905152345e-18
7.978436992496614e-20
2.8848691132439762e-21
5.826219751179161e-23
7.762503508049015e-25
4.8794869622321534e-27

