4.820967462478913e-14
7.277216031001377e-14
1.0980516878307165e-13
1.656077316301176e-13
2.496370460103027e-13
3.760744002983011e-13
5.661545208968266e-13
8.516232251508538e-13
1.2798475713861623e-12
1.921351126395523e-12
2.8808649027685423e-12
4.313451405670038e-12
6.4479204777869736e-12
9.620487085027557e-12
1.4322894384723888e-11
2.1270297008326915e-11
3.149574323600827e-11
4.6480058364928245e-11
6.832504662287507e-11
9.998062793471354e-11
1.45528817837462e-10
2.105187154616803e-10
3.023360461922004e-10
4.3052552341214284e-10
6.069803768714883e-10
8.457624869558286e-10
1.1622241546420779e-09
1.571121453896754e-09
2.082927330244587e-09
2.698458373149911e-09
3.4014734472090042e-09
4.150544700110268e-09
4.874062553457275e-09
5.47095370702896e-09
5.826224310154324e-09
5.840143637419663e-09
5.46819539346672e-09
4.7547279292655156e-09
3.835072192584767e-09
2.8963541241316005e-09
2.1073016420829225e-09
1.556370955618445e-09
1.2382270020482688e-09
1.0865671319457022e-09
1.026583313790834e-09
1.0062376404997772e-09
1.000181926622307e-09
9.989256030239045e-10
9.991595666234403e-10
9.992173781213853e-10
9.978270123133905e-10
9.939346937374348e-10
9.866840648830743e-10
9.754947228605035e-10
9.600292379627064e-10
9.402268783580179e-10
9.16275786975736e-10
8.885605886748928e-10
8.57642390483784e-10
8.241678986161242e-10
7.888335309952725e-10
7.523125569611436e-10
7.1521796747641e-10
6.780556444804996e-10
6.412101537253352e-10
6.049326094383907e-10
5.693347090231465e-10
5.344256576185184e-10
5.00101503443533e-10
4.662053388680222e-10
4.3253943055980056e-10
3.989003730184378e-10
3.6512895221525243e-10
3.31115384761775e-10
2.968546505865181e-10
2.6245710331803697e-10
2.28161982531736e-10
1.9436777144001201e-10
1.6159362740447505e-10
1.3048645772486276e-10
1.0175870170607234e-10
7.611217069805247e-11
5.4165728685860115e-11
3.631908365597583e-11
2.2684572393983927e-11
1.3021263254095117e-11
6.760546716717493e-12
3.1175047044781897e-12
1.2497599902875994e-12
4.2506070398516435e-13
1.192533404261548e-13
2.6732491738674246e-14
4.618624169376908e-15
5.887258521120804e-16
5.287937247776715e-17
3.187828860371799e-18
1.1944361131101602e-19
2.575140833168034e-21
3.185817294154632e-23
1.9080626205839078e-25

