1.809810980501175e-14
2.7315769302588002e-14
4.121105507623784e-14
6.214515981295647e-14
9.366207175814644e-14
1.4107435012394654e-13
2.1233402957358033e-13
3.1932465421877597e-13
4.797696256115097e-13
7.200443417827467e-13
1.0792974023802907e-12
1.6154591478708343e-12
2.4139603207068164e-12
3.6002535275911664e-12
5.357700132325228e-12
7.952778559161263e-12
1.1770138227263438e-11
1.7360742563487838e-11
2.5506017712729136e-11
3.730191475835856e-11
5.426396461267218e-11
7.845123591316553e-11
1.1260322360829342e-10
1.602600045358633e-10
2.2583464636020602e-10
3.145521369196469e-10
4.321362343636588e-10
5.841317549888374e-10
7.745780111875706e-10
1.00407315365885e-09
1.2671054023264314e-09
1.5491224696828173e-09
1.8247018969235793e-09
2.0577791024997514e-09
2.207138848288509e-09
2.236796841906284e-09
2.1302818877347652e-09
1.9026304819487595e-09
1.6014020476753492e-09
1.2927792889129313e-09
1.0368665786432586e-09
8.654940207872122e-10
7.774277836698093e-10
7.495598678678013e-10
7.555836284207229e-10
7.769423017519825e-10
8.043977810399316e-10
8.342264534483364e-10
8.648954512054484e-10
8.954449266202484e-10
9.250923882757375e-10
9.531748901552771e-10
9.791438742112063e-10
1.0026203549150653e-09
1.0233630353201398e-09
1.0412957325459564e-09
1.0564805665427088e-09
1.0690917366524211e-09
1.0793921499419646e-09
1.0876824782202568e-09
1.0942715622672527e-09
1.0994200160478154e-09
1.103325176663187e-09
1.1060580256606853e-09
1.1075664445156106e-09
1.1076379590409986e-09
1.1058831259390653e-09
1.101758801610573e-09
1.0945250865784048e-09
1.083302908729034e-09
1.0670701698258213e-09
1.0446933950939735e-09
1.0150257135387995e-09
9.769208376073067e-10
9.294081556918737e-10
8.718022867143781e-10
8.038520317896611e-10
7.260199520793875e-10
6.395449244302949e-10
5.467086642377861e-10
4.50807946446847e-10
3.559895419633971e-10
2.669581210101354e-10
1.881925016331026e-10
1.2325792750370915e-10
7.397756850166018e-11
4.003637495382651e-11
1.9183111698750235e-11
7.964716195275838e-12
2.7967620361900798e-12
8.077330147801496e-13
1.858299575230563e-13
3.2854781009727145e-14
4.281204540867195e-15
3.9211325540445607e-16
2.3902804871804607e-17
9.131784532396017e-19
2.0398575148468472e-20
2.4259996619739006e-22
1.4162859323355263e-24

