3.1394345401465223e-14
4.738752814923075e-14
7.149913132264388e-14
1.07828897370673e-13
1.6253139850796453e-13
2.448344396498403e-13
3.685536591250495e-13
5.543403045011227e-13
8.33002491061127e-13
1.2504013927887632e-12
1.8746298156656634e-12
2.8064831234491294e-12
4.194660608131226e-12
6.257608513109988e-12
9.314739644028548e-12
1.383045609532246e-11
2.047539911240409e-11
3.021061630850933e-11
4.439976282468579e-11
6.495619515946836e-11
9.45268386083761e-11
1.367090923897321e-10
1.9629018962634964e-10
2.7945647748108554e-10
3.939176189284772e-10
5.487937822269719e-10
7.540550095998312e-10
1.0193135817072637e-09
1.3514628827685024e-09
1.7512348870619982e-09
2.2084567268545433e-09
2.6968414426599297e-09
3.1707655315351065e-09
3.565704786796933e-09
3.8081088967496286e-09
3.833993185194933e-09
3.6144473792999694e-09
3.1770931494632748e-09
2.6076457405865863e-09
2.024985329706407e-09
1.536657481464115e-09
1.199312028976076e-09
1.0100976678665225e-09
9.2718145262177e-10
9.031726111235947e-10
9.049010729255003e-10
9.160562822462727e-10
9.303314718755611e-10
9.453499874775065e-10
9.597774288783306e-10
9.72559167500217e-10
9.828132972185624e-10
9.898184605128939e-10
9.93083542071579e-10
9.923127839437308e-10
9.874377955664287e-10
9.785895647383099e-10
9.660577493529311e-10
9.502705617938399e-10
9.31721574672725e-10
9.109388422964506e-10
8.88419799896743e-10
8.646068419989644e-10
8.398342270232492e-10
8.143253017569999e-10
7.881717138297614e-10
7.613267883474551e-10
7.336407414934947e-10
7.048406774458502e-10
6.745944330628773e-10
6.42519718486226e-10
6.082224604827149e-10
5.713638383631529e-10
5.316705015199107e-10
4.890249029125954e-10
4.435011740179261e-10
3.95408854429378e-10
3.4537922410364125e-10
2.943335730988751e-10
2.4353520542260684e-10
1.9450732692181801e-10
1.4890692463114645e-10
1.0837895784749688e-10
7.425251478292876e-11
4.7336464431709396e-11
2.7700325609323824e-11
1.464259797217202e-11
6.865301808193262e-12
2.7944308216917605e-12
9.636997242003487e-13
2.7380221426345674e-13
6.207388988867067e-14
1.0832507711973707e-14
1.3940735449014578e-15
1.2628014999688585e-16
7.649075187300496e-18
2.8902867926153973e-19
6.328909352110274e-21
7.693102505317212e-23
4.555056585047756e-25

