1.2190300795333433e-14
1.83977154041251e-14
2.7754269911797642e-14
4.184899381521199e-14
6.306650814580256e-14
9.498077672203439e-14
1.429403523850959e-13
2.1493635592095322e-13
3.228840654999037e-13
4.845108026906904e-13
7.261215950537922e-13
1.0866298056587968e-12
1.6234033101550539e-12
2.420657007411737e-12
3.6014361959587884e-12
5.344497438075439e-12
7.907772582734631e-12
1.1660580351517541e-11
1.7126532685257087e-11
2.5039743761887265e-11
3.6415069077463667e-11
5.263100653385227e-11
7.552131425160153e-11
1.0745571360557134e-10
1.513891724253832e-10
2.108230386701624e-10
2.8959971070641675e-10
3.914563426246513e-10
5.19150155950287e-10
6.731811397942704e-10
8.500299551864288e-10
1.0402230586341727e-09
1.2271166247912582e-09
1.3870399744782916e-09
1.4928925429326708e-09
1.5209657711192518e-09
1.4603423906507412e-09
1.3207834526739558e-09
1.1334520954548964e-09
9.417887956025151e-10
7.85337001122782e-10
6.851147887457301e-10
6.40475223972722e-10
6.363520471745947e-10
6.555378180735709e-10
6.858433462506033e-10
7.211656306948856e-10
7.589954094712426e-10
7.982641167640906e-10
8.382746576234148e-10
8.7845807761064e-10
9.183352996126719e-10
9.575153001861892e-10
9.957391413828764e-10
1.032852778454628e-09
1.0688299705678345e-09
1.1037472717803577e-09
1.13776660979177e-09
1.171108845771443e-09
1.2040165672735845e-09
1.2367226384329843e-09
1.2693983160136286e-09
1.3021384821120647e-09
1.3348896151648771e-09
1.3674473837771877e-09
1.3994010924296477e-09
1.4300963962406876e-09
1.4586362384733427e-09
1.4838004517592036e-09
1.5040779746516112e-09
1.5176282352649509e-09
1.5222784752325597e-09
1.5156315792301797e-09
1.4950560052273325e-09
1.4579442342243703e-09
1.4019058486171863e-09
1.3250661184075091e-09
1.2266457736852034e-09
1.107240361071469e-09
9.69511867887311e-10
8.184062976147495e-10
6.611115970766436e-10
5.066962609237578e-10
3.6468277719453005e-10
2.435688669617081e-10
1.488829103175999e-10
8.195165101073533e-11
3.988329525183052e-11
1.6796745833183237e-11
5.974892040408563e-12
1.7460017140211712e-12
4.059493913491028e-13
7.244977836770816e-14
9.525491182962139e-15
8.794004071873194e-16
5.386983444169536e-17
2.0741681492904063e-18
4.696246511018194e-20
5.510929468605946e-22
3.190037325742673e-24
