7.433584719432603e-15
1.1217569030728134e-14
1.6920380472692646e-14
2.55096696021848e-14
3.843719345023372e-14
5.787816822088337e-14
8.708687984079341e-14
1.309238543789122e-13
1.9663386435101296e-13
2.949914178214088e-13
4.419779459001399e-13
6.612247536984255e-13
9.875542995381105e-13
1.4720609217210694e-12
2.1893610501366876e-12
3.247800445754192e-12
4.803634106734251e-12
7.080481807934859e-12
1.0395232855630094e-11
1.5191971047504506e-11
2.2084366413560476e-11
3.1905735685277756e-11
4.576443540944561e-11
6.509291237409894e-11
9.167823087683085e-11
1.2764032809157385e-10
1.753115206924448e-10
2.3697286715194454e-10
3.143363422481024e-10
4.077877328298274e-10
5.153412420930987e-10
6.314916293633395e-10
7.46487129368331e-10
8.464105596237776e-10
9.152947630739417e-10
9.391512672573138e-10
9.115276141164888e-10
8.381685784141646e-10
7.37474159541764e-10
6.351191459615326e-10
5.545316611801855e-10
5.082325121929299e-10
4.959840645622008e-10
5.090109421088363e-10
5.372531750468979e-10
5.73578543322366e-10
6.14433229783092e-10
6.583732859583087e-10
7.048145294914553e-10
7.533948174126977e-10
8.038443252074812e-10
8.559623737890035e-10
9.096192748828293e-10
9.647880294059057e-10
1.0215253168232508e-09
1.0799892272287508e-09
1.1404188451121936e-09
1.2031261993141103e-09
1.2684686745254771e-09
1.336826116347369e-09
1.408567575386619e-09
1.48400403518584e-09
1.563368800849606e-09
1.6467333484733133e-09
1.7339860156222454e-09
1.8247440868915606e-09
1.9182682965420568e-09
2.013409861851507e-09
2.108438394185544e-09
2.200990978672671e-09
2.2879181271893865e-09
2.3651472076703596e-09
2.42772487670244e-09
2.4696609587722068e-09
2.48425297947735e-09
2.4643626784727966e-09
2.4029824533310632e-09
2.2944816852581987e-09
2.1355043828720207e-09
1.9268787952099756e-09
1.6748116211856148e-09
1.391637371462254e-09
1.0957774901623188e-09
8.091079082119178e-10
5.535556785037405e-10
3.4603717234496045e-10
1.9446626566705596e-10
9.646151687193348e-11
4.1337619259567704e-11
1.493898065425594e-11
4.428673764671495e-12
1.0430810671657919e-12
1.8833043479293118e-13
2.5032818908817173e-14
2.3336988177786938e-15
1.439184713863888e-16
5.592863937610656e-18
1.2846546847798044e-19
1.4913217520327003e-21
8.577518058673651e-24

