5.177739699192419e-15
7.812617976658641e-15
1.1783090018174904e-14
1.7762337667680915e-14
2.676010573172988e-14
4.028896568153571e-14
6.061125180512707e-14
9.1104994227928e-14
1.3680375898242016e-13
2.051911517974277e-13
3.073636067613179e-13
4.5972333374176e-13
6.86431274549583e-13
1.0229248043063176e-12
1.520935174463108e-12
2.255548189060013e-12
3.3350088614529417e-12
4.9141685416502376e-12
7.212384827956085e-12
1.0536958584162831e-11
1.5312421980128103e-11
2.2115142740795334e-11
3.171165742350579e-11
4.5092763028870434e-11
6.349505825908197e-11
8.838688056521938e-11
1.213869405142706e-10
1.640852806044219e-10
2.1769090252436012e-10
2.825160231671467e-10
3.5726341341357494e-10
4.382439096842081e-10
5.188782788594733e-10
5.897513770735961e-10
6.400470643599757e-10
6.602889147943396e-10
6.461219808935488e-10
6.014855935799302e-10
5.389343046638928e-10
4.759834222515224e-10
4.28640737643533e-10
4.0551023678590123e-10
4.065324510355121e-10
4.258381237280342e-10
4.566819656010483e-10
4.9430592586789e-10
5.363885646301862e-10
5.820477294737767e-10
6.31000369832507e-10
6.831259463946175e-10
7.383865482516516e-10
7.968117617042225e-10
8.585036766544454e-10
9.236623552687569e-10
9.925744086423991e-10
1.0656290635541167e-09
1.1433039199218118e-09
1.2261641246232853e-09
1.3148385956644864e-09
1.4100075765582557e-09
1.5123723891803832e-09
1.622614029106225e-09
1.741371507954878e-09
1.869152437868325e-09
2.0062952327350665e-09
2.152855022409554e-09
2.3084702342867415e-09
2.472251683594854e-09
2.6425052393143836e-09
2.81656897627946e-09
2.9904952065115084e-09
3.158705124294088e-09
3.3138633598492096e-09
3.4464404416281378e-09
3.5449579538102308e-09
3.596201366279905e-09
3.585957178216143e-09
3.5009509728953054e-09
3.330533381802835e-09
3.0702571461720902e-09
2.724692095875838e-09
2.3097555068180924e-09
1.8537331215141403e-09
1.3936821726323148e-09
9.697532521429107e-10
6.158185528051675e-10
3.5114294007220646e-10
1.7651710934346238e-10
7.657190729392617e-11
2.7980742182159965e-11
8.378846833725663e-12
1.991503494446003e-12
3.6253666878884294e-13
4.855723575677369e-14
4.557911613860382e-15
2.825795334846327e-16
1.1050025534097384e-17
2.559264487432873e-19
2.962294502845254e-21
1.7017885818324672e-23
