4.1593643414168866e-14
6.278552227930613e-14
9.47368345657856e-14
1.428824815858911e-13
2.1538241766570215e-13
3.2447293912466674e-13
4.884768467438249e-13
7.347874626972995e-13
1.1042790728632843e-12
1.6578108977787047e-12
2.485766413860164e-12
3.721973251426476e-12
5.563920426294048e-12
8.301822404834265e-12
1.2360180378154647e-11
1.8356419660391096e-11
2.7182519004078026e-11
4.0117250109824436e-11
5.897588844965111e-11
8.630659672011526e-11
1.2563603091698993e-10
1.8175914697825899e-10
2.6105900822569946e-10
3.7178578818129745e-10
5.242206725012292e-10
7.305193912862195e-10
1.003949170768411e-09
1.3572496607526932e-09
1.7994272540767954e-09
2.3310814682784112e-09
2.9379652979435294e-09
3.583907522217035e-09
4.206485921083909e-09
4.717678745094704e-09
5.017502684028371e-09
5.019582160552849e-09
4.68604005518809e-09
4.056957071925801e-09
3.2517890850833334e-09
2.4349088347105564e-09
1.753648701711874e-09
1.2843129825272143e-09
1.0205257639507084e-09
9.028472776009913e-10
8.649523872480416e-10
8.613123114451736e-10
8.702552520198663e-10
8.842238196035303e-10
9.010223108488595e-10
9.197579107513046e-10
9.39670652219743e-10
9.599538680675819e-10
9.797409864192268e-10
9.981473401614341e-10
1.0142991206488948e-09
1.0273841993518894e-09
1.0367055161822326e-09
1.0416988364852002e-09
1.041996462756749e-09
1.0374076445929283e-09
1.0279425775369709e-09
1.0137879754630514e-09
9.9527163445517e-10
9.728383804558875e-10
9.469887836734036e-10
9.182478580349488e-10
8.871071026949479e-10
8.540053817731644e-10
8.192777006806123e-10
7.831585870348333e-10
7.457655607222171e-10
7.070962438981889e-10
6.670778584764259e-10
6.255513355370627e-10
5.823566668888739e-10
5.373560588352178e-10
4.904854655145317e-10
4.4184531184257694e-10
3.917036297140989e-10
3.4059193362424194e-10
2.893095272616432e-10
2.389128774907039e-10
1.9072210592267728e-10
1.4615877927854073e-10
1.0664855274033864e-10
7.337408801895594e-11
4.704468445523748e-11
2.773331779139342e-11
1.4792683928106363e-11
7.009450997455475e-12
2.8887309432639727e-12
1.010462152495995e-12
2.918686947768031e-13
6.741446540638853e-14
1.201509408362041e-14
1.5872933578132563e-15
1.4787603635584543e-16
9.202468633100027e-18
3.649256628595e-19
8.475985752853043e-21

