2.5022010721952282e-12
3.777503597145975e-12
5.700605839821945e-12
8.598947746028583e-12
1.2964298040595797e-11
1.9534344278168335e-11
2.941413451238793e-11
4.425646632484462e-11
6.652869547047467e-11
9.99064918776558e-11
1.4985185471879372e-10
2.2445734251841223e-10
3.356734730108476e-10
5.010751771730122e-10
7.463907700078962e-10
1.1090745557496582e-09
1.6432867759564454e-09
2.4267506046370255e-09
3.569910654394359e-09
5.227962580360887e-09
7.615914771076941e-09
1.1026367105832499e-08
1.5849124704019052e-08
2.2588204479677804e-08
3.187155575500658e-08
4.444055853642114e-08
6.110108794789977e-08
8.261915011198195e-08
1.0951679022566638e-07
1.4177479003228364e-07
1.7842325107008485e-07
2.170915200382184e-07
2.537402595746542e-07
2.827128624912161e-07
2.9763450117062194e-07
2.9308079694721297e-07
2.6683331048471657e-07
2.2178661210465528e-07
1.659588492951281e-07
1.1020901924705951e-07
6.411525617647346e-08
3.2484241220641716e-08
1.4623122553637733e-08
6.4011998404279004e-09
3.299864043474683e-09
2.2615012616587034e-09
1.8506489084859527e-09
1.5907020553720802e-09
1.3723785242288002e-09
1.1791680801515243e-09
1.0096778723363115e-09
8.635229402670191e-10
7.396426555775495e-10
6.36275162090453e-10
5.510650388104515e-10
4.813305648974465e-10
4.2423263395380346e-10
3.7710575779876055e-10
3.3746857903024e-10
3.03261598437927e-10
2.7280627138667435e-10
2.4488942006481624e-10
2.1869843444921803e-10
1.9380497651613495e-10
1.7005205728984366e-10
1.4748637903363304e-10
1.2626467132657522e-10
1.0658375345685898e-10
8.863282710928567e-11
7.255362036284912e-11
5.84246058584808e-11
4.6253190364253514e-11
3.597925878568299e-11
2.748522004699889e-11
2.0609381198475547e-11
1.5161473298552993e-11
1.0937531080711847e-11
7.733506484313198e-12
5.356012937190944e-12
3.63033762922548e-12
2.405276875014197e-12
1.5547331885962098e-12
9.777463638553587e-13
5.957118675675472e-13
3.4959792927497897e-13
1.9606524882149063e-13
1.0399674875568652e-13
5.151179129369316e-14
2.345016748740888e-14
9.631272938669162e-15
3.4920694759710902e-15
1.089553029791762e-15
2.8427499753566176e-16
6.008329589924516e-17
9.90048564602298e-18
1.2139005638622896e-18
1.0678475122353768e-19
6.419799492136176e-21
2.320668384446635e-22
5.0091543544615256e-24

