6.36259511602324e-13
9.605320024862714e-13
1.4495130040287921e-12
2.1864509842770265e-12
3.2963692443441215e-12
4.966804371600582e-12
7.478672064470433e-12
1.1252111723139789e-11
1.6914288088627204e-11
2.5399443495747445e-11
3.8095753873468296e-11
5.705979616958368e-11
8.532831456084434e-11
1.2736684163045106e-10
1.897118704970076e-10
2.818778676472246e-10
4.176213395929544e-10
6.166809863432368e-10
9.071014272675663e-10
1.3282847251129876e-09
1.934810241817353e-09
2.8009430179144356e-09
4.025607089169908e-09
5.736700392677173e-09
8.093568790687809e-09
1.1284370762075826e-08
1.551373884816378e-08
2.0976445577467675e-08
2.780591475273124e-08
3.599921497016042e-08
4.531376729719845e-08
5.515380007905388e-08
6.450247239870051e-08
7.193441134286858e-08
7.584119652993605e-08
7.485049989961181e-08
6.83935005082616e-08
5.7184702390729916e-08
4.322800854075978e-08
2.9245211013807252e-08
1.764391951999084e-08
9.639844366103013e-09
5.071848836102006e-09
2.914666934498282e-09
2.042723108181049e-09
1.693085975349016e-09
1.5075238800864775e-09
1.3671111154034221e-09
1.2446198445895944e-09
1.135775470909653e-09
1.039868191038491e-09
9.56134971512493e-10
8.835081178600025e-10
8.205080775004904e-10
7.654928048258506e-10
7.166752003702399e-10
6.722996794187991e-10
6.307592816572498e-10
5.906857028779946e-10
5.510460152149015e-10
5.111694108833103e-10
4.707643592370992e-10
4.298536209556248e-10
3.887422031944587e-10
3.479060864648e-10
3.07930371970702e-10
2.6942476567592874e-10
2.3295835176286357e-10
1.9901819364933948e-10
1.6797144465013033e-10
1.40054826990548e-10
1.1537136778431943e-10
9.390056993900395e-11
7.551678358385553e-11
6.001153298777153e-11
4.7119939421671194e-11
3.654311077862021e-11
2.7974312108653175e-11
2.1112651272471272e-11
1.56806411499327e-11
1.1430484383946689e-11
8.147353600630457e-12
5.651179836323516e-12
3.790415829319764e-12
2.4395659688891236e-12
1.492478691620101e-12
8.579996964324079e-13
4.573403632093181e-13
2.2242169458817417e-13
9.689291725624931e-14
3.7008517540655566e-14
1.2088185019015598e-14
3.2831846090554158e-15
7.184629938602448e-16
1.2202908750021284e-16
1.5382152976433438e-17
1.3833277041413808e-18
8.444409285632379e-20
3.1404414565361303e-21
6.935145569828299e-23
