2.0798507980869816e-13
3.1397874105428197e-13
4.738051029773902e-13
7.146692816347293e-13
1.07742571047394e-12
1.6233524175209903e-12
2.4442322699997555e-12
3.677324592630643e-12
5.52750410253395e-12
8.299925296379355e-12
1.2447958306509413e-11
1.8643180195893546e-11
2.7877097490426942e-11
4.160748589294442e-11
6.196781200906388e-11
9.206293844255514e-11
1.3638111292118534e-10
2.0136094152556943e-10
2.961482569461332e-10
4.335897202527897e-10
6.31476230360179e-10
9.14010247560913e-10
1.3134243831952863e-09
1.8713873483559195e-09
2.6398145416850014e-09
3.680025757412988e-09
5.058767106048423e-09
6.839708890484583e-09
9.066824523194951e-09
1.1740174875841402e-08
1.4782558421131479e-08
1.8002853129799033e-08
2.107396390905682e-08
2.353666772487371e-08
2.4871780235676325e-08
2.4634613348354023e-08
2.2637421357642653e-08
1.9103659716511494e-08
1.4671555963118815e-08
1.0211537875605295e-08
6.496686126468546e-09
3.920625455114021e-09
2.437380765806044e-09
1.723402379104891e-09
1.4216834804980154e-09
1.2895314816426148e-09
1.2127631949752602e-09
1.1532485769616757e-09
1.101929364008473e-09
1.0569938064512025e-09
1.0176610580634514e-09
9.830637464537769e-10
9.521978835782733e-10
9.238828183092231e-10
8.969019678597905e-10
8.70022077663485e-10
8.421224735924995e-10
8.122479108757887e-10
7.7970830295162e-10
7.440955536656093e-10
7.053156965114233e-10
6.635728038168854e-10
6.193115484011982e-10
5.731866247746272e-10
5.259668106256198e-10
4.784841865755584e-10
4.3156185313386885e-10
3.859575865311582e-10
3.423282313986438e-10
3.0119530113218005e-10
2.629379476283281e-10
2.2778632547346088e-10
1.958403013170538e-10
1.6707870288152697e-10
1.4139255509177134e-10
1.1860833253672357e-10
9.85113734399604e-11
8.088099012650877e-11
6.549540407169705e-11
5.215890588015361e-11
4.0701387218957905e-11
3.0978615265466855e-11
2.287243680393339e-11
1.627115018659201e-11
1.1063739531719136e-11
7.121887043568768e-12
4.290381947000989e-12
2.386784095469396e-12
1.2067292217959549e-12
5.444266505643092e-13
2.1457953930644544e-13
7.208538020500907e-14
2.0075503092609004e-14
4.490054006120927e-15
7.775041900001743e-16
9.986864467826612e-17
9.107192481098671e-18
5.599285297086763e-19
2.1377189061408218e-20
4.818555500143363e-22

