6.137097894908328e-14
9.264202606042135e-14
1.397917145324934e-13
2.10842096663209e-13
3.178383516076289e-13
4.788443483480709e-13
7.209116078260847e-13
1.0844872492192663e-12
1.6299300562360994e-12
2.4471211723710537e-12
3.669562642603901e-12
5.494954242700431e-12
8.215085588143082e-12
1.2258818427458394e-11
1.8253565440611216e-11
2.7112050396798816e-11
4.015311761313654e-11
5.926788756624527e-11
8.714143621128789e-11
1.275436489124355e-10
1.8569303390837322e-10
2.686860036920029e-10
3.8597050477529653e-10
5.497585950669184e-10
7.752672967063995e-10
1.0804819795538197e-09
1.4850152702659881e-09
2.0076601992723947e-09
2.6616059145808204e-09
3.4474644271065992e-09
4.343664210814379e-09
5.295891723410676e-09
6.210667303364415e-09
6.956355051144678e-09
7.383634645433021e-09
7.363809741462982e-09
6.840998740899559e-09
5.876223384000235e-09
4.649219030254881e-09
3.406713255953151e-09
2.3692952344321108e-09
1.6506944267619826e-09
1.24038311339689e-09
1.0484768979526696e-09
9.749874966160773e-10
9.514921659474994e-10
9.45552544131791e-10
9.46035054163393e-10
9.499113234309685e-10
9.561500796574624e-10
9.63950934785804e-10
9.72461545614068e-10
9.807597641833396e-10
9.878854842317815e-10
9.92887891919478e-10
9.948742705577351e-10
9.930786584517895e-10
9.868854407128655e-10
9.759025234694023e-10
9.599456603936063e-10
9.390646833503648e-10
9.135200923363197e-10
8.83740855760596e-10
8.503012579061307e-10
8.138493627119243e-10
7.75073009351313e-10
7.346393329911725e-10
6.931649015540648e-10
6.511723815923418e-10
6.090809506223149e-10
5.671947900556723e-10
5.256968161438345e-10
4.846885856887441e-10
4.4417837095053655e-10
4.041471231745013e-10
3.645648023443807e-10
3.254265995300924e-10
2.868134546756714e-10
2.488872556806297e-10
2.1194797775281218e-10
1.7642456860802885e-10
1.4285921663609e-10
1.1190135415430711e-10
8.420657793519575e-11
6.038309097169695e-11
4.086286536245303e-11
2.579532424116429e-11
1.49872977933346e-11
7.887213810421226e-12
3.691392438854876e-12
1.5042468006368448e-12
5.208231202639908e-13
1.490534981395176e-13
3.414678107901289e-14
6.041299456045653e-15
7.924670388724427e-16
7.342102458126333e-17
4.553438042752152e-18
1.789487607852859e-19
4.126611803226792e-21

