3.740295662143704e-12
5.6466308612586824e-12
8.521311058695821e-12
1.2853805885079947e-11
1.9379233670789072e-11
2.920032996104291e-11
4.3968991911832096e-11
6.615594686564687e-11
9.944961754934685e-11
1.4934477585084526e-10
2.2400667369462367e-10
3.355331891816187e-10
5.017898611336728e-10
7.490509067219312e-10
1.115780374661793e-09
1.6579738351386243e-09
2.4566045404892032e-09
3.6278765637442616e-09
5.336919847572805e-09
7.815779185009761e-09
1.1385938203150756e-08
1.6484907208069486e-08
2.369555574353303e-08
3.377154369057396e-08
4.7651850104528234e-08
6.644504193341489e-08
9.13560236790864e-08
1.2352983557974382e-07
1.6374617730902067e-07
2.1197441879273837e-07
2.6676080207457123e-07
3.245547831263447e-07
3.7930828822931703e-07
4.225531150569428e-07
4.4474795839988734e-07
4.3777790337886186e-07
3.983320301843689e-07
3.307591459173365e-07
2.4708012232873e-07
1.6356656013854321e-07
9.456358737093781e-08
4.726219474015751e-08
2.0610907510368948e-08
8.409269929235054e-09
3.878815882809737e-09
2.4340040260322053e-09
1.9219575746271123e-09
1.6276534294076014e-09
1.3867663818310488e-09
1.1742729000877573e-09
9.880195628738562e-10
8.277160177412088e-10
6.92347725620673e-10
5.801729534199492e-10
4.887014040945974e-10
4.150498275672892e-10
3.560898609574591e-10
3.088576270336774e-10
2.7057329932987177e-10
2.3891198964051726e-10
2.1194652164312567e-10
1.882288320818255e-10
1.6672850414572076e-10
1.4681459451563762e-10
1.2815380930315977e-10
1.1064155655273439e-10
9.430930987923301e-11
7.925332689588603e-11
6.558630729100674e-11
5.3396618845807554e-11
4.273132541725817e-11
3.358635573820529e-11
2.5907773449701355e-11
1.9598436553741418e-11
1.4528224264732052e-11
1.054580240664669e-11
7.49023852432243e-12
5.20145919015213e-12
3.5286347367172193e-12
2.3362635403533115e-12
1.5078366935746327e-12
9.470438180595548e-13
5.775227321772956e-13
3.4073748979845006e-13
1.9354100989333438e-13
1.051033380275231e-13
5.4052053451620473e-14
2.6011051548809583e-14
1.1532893658287484e-14
4.625982760748629e-15
1.6425399471338984e-15
5.032026455290595e-16
1.2922828819289097e-16
2.6936309769204458e-17
4.385707599811595e-18
5.326926723517061e-19
4.641975010861168e-20
2.7608594364228833e-21
9.988077778358189e-23
2.154879370238762e-24
