1.1316245267762203e-13
1.7082888142399053e-13
2.5778073244032063e-13
3.8881600999667437e-13
5.861559057130582e-13
8.831281340539564e-13
1.3296477682117264e-12
2.000355866778468e-12
3.006652696767904e-12
4.5144493756688576e-12
6.770214729414528e-12
1.0138999842013756e-11
1.5159691016789972e-11
2.2624481199064637e-11
3.3692573981061346e-11
5.005069624997076e-11
7.413667671046469e-11
1.0944705056972094e-10
1.609475861282028e-10
2.356120819894874e-10
3.4309648325571027e-10
4.965343352372875e-10
7.134142795581559e-10
1.016343129855779e-09
1.433488053083392e-09
1.998127421160468e-09
2.7465118769765816e-09
3.713286898686213e-09
4.922544160061662e-09
6.374782098356969e-09
8.028946160979546e-09
9.782688251102507e-09
1.146043196527742e-08
1.2815360765804441e-08
1.3568018040255665e-08
1.3478360285164379e-08
1.2443702969536437e-08
1.0581508314713552e-08
8.23196796487095e-09
5.860435931376576e-09
3.881468937659583e-09
2.5073820463137456e-09
1.7157589367520016e-09
1.3352366734793128e-09
1.1760270995348538e-09
1.1087623178252197e-09
1.072402388632655e-09
1.0463650044282798e-09
1.025497502596618e-09
1.0084845434199462e-09
9.945143231173504e-10
9.827088835170181e-10
9.720957413880968e-10
9.616105775946083e-10
9.501842043334975e-10
9.367802585936944e-10
9.204924131075977e-10
9.005798866677997e-10
8.765550115220374e-10
8.481789082098126e-10
8.154907361231819e-10
7.787861661944838e-10
7.38566291677582e-10
6.955114746850981e-10
6.503960997350198e-10
6.040464498640957e-10
5.572747513207374e-10
5.10833528962558e-10
4.6537893557211793e-10
4.2144483664193865e-10
3.79435228388341e-10
3.3961577813441095e-10
3.0214133400757435e-10
2.6705402378769347e-10
2.3432883156205104e-10
2.038910189646383e-10
1.7564222622612032e-10
1.495019534035457e-10
1.2540547235250047e-10
1.0333855510040908e-10
8.333036713973286e-11
6.544634772417514e-11
4.9784314672987895e-11
3.642983160532649e-11
2.5438045325012282e-11
1.678767766673271e-11
1.0350588096575818e-11
5.883120906356128e-12
3.0337762504502656e-12
1.393640356460162e-12
5.583491784092378e-13
1.9036563284564155e-13
5.3727404467607243e-14
1.2158143000183074e-14
2.127472066801519e-15
2.760871329249367e-16
2.5370850104458577e-17
1.566209360736659e-18
6.066046411998504e-20
1.382828234843937e-21

