3.6659715053316086e-13
5.534301726999778e-13
8.351582615759912e-13
1.2597416576148583e-12
1.899205730935635e-12
2.8615865070493933e-12
4.308708801648354e-12
6.482590457102694e-12
9.744490387702922e-12
1.4632526499535402e-11
2.194624051210534e-11
3.287008562684152e-11
4.915292134097513e-11
7.336627415081966e-11
1.0927398094251956e-10
1.623542150356709e-10
2.4052692043886877e-10
3.5515508227889964e-10
5.223815952677521e-10
7.648845993276679e-10
1.114074498169731e-09
1.6126868116137746e-09
2.317642345306141e-09
3.3025298645704264e-09
4.659032779997358e-09
6.4954247377019544e-09
8.929501253680327e-09
1.207348537338549e-08
1.600451743695201e-08
2.0721664173176495e-08
2.6086714237629997e-08
3.175909872415572e-08
3.715688177261988e-08
4.146379003825596e-08
4.3757966836596115e-08
4.325154187571794e-08
3.961527515475834e-08
3.325307740757275e-08
2.5306730799812994e-08
1.7329847112363408e-08
1.0699141231371845e-08
6.112358475028885e-09
3.4818914037857206e-09
2.2259606985572285e-09
1.7044484218836981e-09
1.4829579393332169e-09
1.357397240293832e-09
1.2599026084730476e-09
1.1747679232873821e-09
1.0993065052754028e-09
1.0327827722946771e-09
9.743648188113629e-10
9.230183682320874e-10
8.774249474377992e-10
8.361813980647054e-10
7.978058844542116e-10
7.608950271685644e-10
7.24201845828121e-10
6.867388054116061e-10
6.478276713049107e-10
6.071322513354234e-10
5.646542965420676e-10
5.206717390774646e-10
4.757057050299385e-10
4.3041625339545993e-10
3.855450599740022e-10
3.418368454489983e-10
2.9997732297582303e-10
2.6055527568868847e-10
2.2402536641904014e-10
1.906997198692314e-10
1.6074369749620258e-10
1.3418929695131766e-10
1.1095142558957663e-10
9.085429286988805e-11
7.365812506402004e-11
5.908212883847371e-11
4.683540589691774e-11
3.662747669343162e-11
2.8190569706236707e-11
2.1283663112368972e-11
1.5695514450703748e-11
1.1246429640987716e-11
7.778209028600306e-12
5.151427626589576e-12
3.23595722673288e-12
1.9059164434312348e-12
1.0385573632429114e-12
5.152595707857361e-13
2.2851845724537443e-13
8.869051932666001e-14
2.9384942702785796e-14
8.082757758546793e-15
1.788304359844256e-15
3.0669899345473835e-16
3.902565759129337e-17
3.534080296589885e-18
2.1650667328627554e-19
8.157047851213543e-21
1.8196965059859873e-22
