1.5858325298888834e-12
2.394080717406529e-12
3.6128799361539326e-12
5.449745782377666e-12
8.21633498800194e-12
1.2380150236501732e-11
1.8641498292292524e-11
2.804780128320403e-11
4.216266792270693e-11
6.331540300362354e-11
9.49672657150307e-11
1.42246398924277e-10
2.1272552080769921e-10
3.175411241726546e-10
4.729957312509941e-10
7.028212503640399e-10
1.0413337764514426e-09
1.537777271955519e-09
2.2621248621149633e-09
3.3126983529233347e-09
4.825707739707464e-09
6.986511221802561e-09
1.0042037098380887e-08
1.4311556028452287e-08
2.0192842859002023e-08
2.8155542320431006e-08
3.8710219669371725e-08
5.2342343676182286e-08
6.938319231915895e-08
8.982179905137446e-08
1.1304598351999248e-07
1.375576679740867e-07
1.608032257792701e-07
1.7920572352588604e-07
1.887327427425273e-07
1.859506793431162e-07
1.694503658027013e-07
1.4105252560395038e-07
1.0581663870132333e-07
7.05999187459341e-08
4.145519959378188e-08
2.142494070958462e-08
1.00798266157575e-08
4.818076761534411e-09
2.790942581396343e-09
2.069958998537998e-09
1.7497995625388253e-09
1.5299708924301939e-09
1.3417431196429665e-09
1.1747712333278326e-09
1.0281166731975324e-09
9.012477608169201e-10
7.930745257006552e-10
7.018771606114913e-10
6.255242819716718e-10
5.616247801967501e-10
5.077104827770684e-10
4.614756067882339e-10
4.208081618940264e-10
3.8398327774468093e-10
3.496512110474798e-10
3.1690552901306857e-10
2.852162655964681e-10
2.544080612994219e-10
2.245429512584063e-10
1.958540885989556e-10
1.6865364876484854e-10
1.432643219752486e-10
1.1997298042906222e-10
9.89917561374364e-11
8.044386113447272e-11
6.435800923466851e-11
5.067438706993186e-11
3.9258576066278855e-11
2.991828024086255e-11
2.2423252262130604e-11
1.6523621692101894e-11
1.196749555117372e-11
8.514010781801088e-12
5.943994752074874e-12
4.0660103589122444e-12
2.71848960818389e-12
1.770315217051779e-12
1.1171716662525674e-12
6.78633887253814e-13
3.9338336594692377e-13
2.1521516337093278e-13
1.0967039856412418e-13
5.122276809388087e-14
2.152388639224374e-14
7.962931734876441e-15
2.528761930337037e-15
6.700175030549668e-16
1.4351807670275354e-16
2.392460802901477e-17
2.9632156892544067e-18
2.6293292213534933e-19
1.5922818197965988e-20
5.796904175059685e-22
1.2588551234471931e-23

