1.2797798022385676e-14
1.9315391042270023e-14
2.9140088966744186e-14
4.394106561120767e-14
6.622352329555094e-14
9.974267532496026e-14
1.501192120145969e-13
2.257523441713302e-13
3.3916834547727556e-13
5.090077209947697e-13
7.629374012850878e-13
1.1418966291234676e-12
1.7062580681696792e-12
2.5446766170149877e-12
3.786730717960815e-12
5.620739704520952e-12
8.318543188420516e-12
1.2269538514200383e-11
1.8026044186210585e-11
2.6362760761270177e-11
3.835110711909649e-11
5.544697213251615e-11
7.958768181126761e-11
1.132772141347276e-10
1.5963771411136125e-10
2.2236659252942356e-10
3.055150184628626e-10
4.130079864933708e-10
5.477036921767462e-10
7.100201412217428e-10
8.960407396847762e-10
1.095432299962713e-09
1.2901508552450848e-09
1.454610382031867e-09
1.559612279427579e-09
1.5797669786737193e-09
1.5036695914790631e-09
1.3424769649956736e-09
1.1305072091389983e-09
9.152883304191109e-10
7.397606327596354e-10
6.264914024595815e-10
5.742803081542196e-10
5.664153039270959e-10
5.840648237282502e-10
6.141823805646191e-10
6.505055020836431e-10
6.907599765412887e-10
7.341843645943264e-10
7.803510175492853e-10
8.288481332893972e-10
8.792342219620336e-10
9.310332829769374e-10
9.837765496900538e-10
1.0370014422495024e-09
1.0902917837608027e-09
1.1432972261029865e-09
1.1957398937276956e-09
1.2474463657845532e-09
1.2983263979243736e-09
1.3483832720429245e-09
1.3976817393715369e-09
1.4463290753644087e-09
1.4944261901568801e-09
1.5420305608731922e-09
1.5891023727954216e-09
1.6354323451068436e-09
1.6806209944531477e-09
1.7239631296579958e-09
1.7644498118192396e-09
1.8006863870491649e-09
1.8308489830883346e-09
1.8527282143988478e-09
1.8636521877760123e-09
1.8606409239922694e-09
1.8404769764048169e-09
1.7998716274836317e-09
1.7358812037509179e-09
1.6461145937723427e-09
1.5294267032270073e-09
1.3864108007370026e-09
1.219913893147396e-09
1.0357182216276226e-09
8.42276965081586e-10
6.505159560859888e-10
4.723366295575864e-10
3.1858899206077743e-10
1.968961713916155e-10
1.0970999689116409e-10
5.4109566739402186e-11
2.3127716191641865e-11
8.361664600925119e-12
2.4883135098126032e-12
5.902790166814397e-13
1.0775549554028975e-13
1.455252916770428e-14
1.381423326218737e-15
8.727191864633794e-17
3.532417940433334e-18
8.347290452875701e-20

