2.1426650933366882e-14
3.234123045785048e-14
4.879573618457365e-14
7.358747126043904e-14
1.1091558124172776e-13
1.670757173768828e-13
2.5149310453421455e-13
3.782556019902553e-13
5.683788020368216e-13
8.531450637848923e-13
1.2789988455070559e-12
1.9146869571198505e-12
2.86162426006033e-12
4.268788093636164e-12
6.35400639463418e-12
9.433976720823291e-12
1.3966034370452982e-11
2.0605552694023977e-11
3.028247186931614e-11
4.430164341764846e-11
6.446829435059444e-11
9.323609245504855e-11
1.3387063558719025e-10
1.9059258766396052e-10
2.6866296995464535e-10
3.7430697470820283e-10
5.143322472610006e-10
6.953055247871695e-10
9.219408958846601e-10
1.1947483981092431e-09
1.5067924490162654e-09
1.8401292282731987e-09
2.163608729279697e-09
2.4331798445982836e-09
2.598675791290007e-09
2.6165854538575028e-09
2.467529738205259e-09
2.171002509921192e-09
1.7862658351361554e-09
1.3951893402122258e-09
1.0714881560862556e-09
8.536470511839031e-10
7.390817070005326e-10
6.986001010995351e-10
6.994483337822052e-10
7.190103420583643e-10
7.464437992280794e-10
7.778516681619022e-10
8.119697974665472e-10
8.481452157587929e-10
8.857676773895705e-10
9.241871958518097e-10
9.627063100656856e-10
1.0006259790831004e-09
1.0372534538846986e-09
1.0719491990367167e-09
1.1041589240658154e-09
1.1334237204779876e-09
1.1594263481563131e-09
1.181968909172436e-09
1.2009906433301396e-09
1.2165399619361112e-09
1.2287500762754099e-09
1.2378050511261706e-09
1.2438954165107781e-09
1.2471813544686278e-09
1.2477333890969754e-09
1.245523225902984e-09
1.2403479622440523e-09
1.2318480047661353e-09
1.219470405598211e-09
1.2024637368743073e-09
1.179940466848487e-09
1.1508499497088328e-09
1.1141094867097944e-09
1.068658063616653e-09
1.013562920034606e-09
9.482352708626816e-10
8.724985789293141e-10
7.868772377665177e-10
6.927285024587591e-10
5.923479333372674e-10
4.891275201182434e-10
3.872599818466734e-10
2.915308261246975e-10
2.0660490414541804e-10
1.3621479114357154e-10
8.241791110509073e-11
4.503289308801735e-11
2.181577811848034e-11
9.173648988981312e-12
3.2680304994838377e-12
9.596531566814965e-13
2.2493894512610458e-13
4.0622979073080625e-14
5.433345890247889e-15
5.113630177451236e-16
3.206210105590498e-17
1.2881829282052843e-18
3.024364884691728e-20

