3.2152803262899977e-14
4.853344979914321e-14
7.322999716697335e-14
1.1044249843161426e-13
1.6647653683929942e-13
2.507870611276497e-13
3.7753102389387453e-13
5.678719618672168e-13
8.53385795713892e-13
1.281082619843518e-12
1.9207710599241183e-12
2.875802798163354e-12
4.298675343053852e-12
6.413458527588206e-12
9.547858347718481e-12
1.4178446219874605e-11
2.0993611011198895e-11
3.098010065017656e-11
4.5538436185850495e-11
6.663428224482634e-11
9.698773831779424e-11
1.402967037386133e-10
2.0148341064495722e-10
2.8690976326532515e-10
4.04504469790064e-10
5.636444270288692e-10
7.745709512124276e-10
1.0471340296072853e-09
1.3883356896770356e-09
1.7987476198841967e-09
2.2675742862119154e-09
2.76722698238635e-09
3.249995439907896e-09
3.6485337918753704e-09
3.886269887367636e-09
3.896949039914619e-09
3.6513318164212815e-09
3.1797272450773945e-09
2.573186826219867e-09
1.957197547919743e-09
1.4444337429826709e-09
1.0934294679225476e-09
8.996575200598602e-10
8.179743136215713e-10
7.979001502687236e-10
8.047046380749692e-10
8.218078119807945e-10
8.433585874841744e-10
8.675777495252271e-10
8.936616244845469e-10
9.20895107418425e-10
9.48518998178003e-10
9.757192545862657e-10
1.0016720787649191e-09
1.0255633030621545e-09
1.0466386354378913e-09
1.064248103563984e-09
1.077860513268305e-09
1.0871206343502975e-09
1.0918280236240365e-09
1.0919590835577388e-09
1.0876415993890778e-09
1.0791238790069647e-09
1.0667482368506422e-09
1.0508966873426778e-09
1.031959372653721e-09
1.0102773152889748e-09
9.861291846200724e-10
9.596727103816927e-10
9.309559573035207e-10
8.998955334152232e-10
8.662753344112595e-10
8.298024546822679e-10
7.900889557962526e-10
7.467534671908004e-10
6.994535911069424e-10
6.479538733351741e-10
5.922509926603118e-10
5.325915842069628e-10
4.696165054944821e-10
4.0439123153605334e-10
3.384148349087584e-10
2.736543405380012e-10
2.1233109697095343e-10
1.5678346085339633e-10
1.0909024875104115e-10
7.069159864263588e-11
4.20889187451019e-11
2.2657051441498346e-11
1.0826935891931664e-11
4.496435610357746e-12
1.5838382845926517e-12
4.603788785643064e-13
1.0693364575591506e-13
1.9154606148560703e-14
2.54259616713322e-15
2.3778433421548665e-16
1.4836293162490168e-17
5.916076622830665e-19
1.3802839081780802e-20

