5.661927651261324e-15
8.543876175253718e-15
1.288713255795401e-14
1.942857648057629e-14
2.9273727475501614e-14
4.407901193269544e-14
6.632257159169283e-14
9.97057423926963e-14
1.4974561346072478e-13
2.2464756000484998e-13
3.365829479210629e-13
5.035505003854277e-13
7.520750261378791e-13
1.1210802084491094e-12
1.6674164943687141e-12
2.473645912363839e-12
3.658860324977887e-12
5.3935302752337295e-12
7.919284078027534e-12
1.1574822298358905e-11
1.6828315541317806e-11
2.4315680709888942e-11
3.488295622735923e-11
4.9623830016976635e-11
6.990297282572167e-11
9.733925721669802e-11
1.3371304822875842e-10
1.8076340830708636e-10
2.3978938300873437e-10
3.110668151254312e-10
3.9304291513080417e-10
4.814511141017778e-10
5.687548879260913e-10
6.442153390065173e-10
6.955425091100298e-10
7.120317828339074e-10
6.888719842891472e-10
6.307761989888771e-10
5.522733129374688e-10
4.735173877690032e-10
4.128047934768457e-10
3.798796728895542e-10
3.7449972600931623e-10
3.898501950499523e-10
4.18205798755627e-10
4.5424534069341313e-10
4.954996531629943e-10
5.411729753571891e-10
5.911188405189883e-10
6.45335816777072e-10
7.038471809437453e-10
7.666846552746588e-10
8.33889611275231e-10
9.05545822653755e-10
9.817775706767866e-10
1.062781432931794e-09
1.1488374850860452e-09
1.2403193866195398e-09
1.337712053251279e-09
1.4416027864083165e-09
1.5526852978766982e-09
1.6717304717316958e-09
1.7995753946899669e-09
1.937055823181293e-09
2.0849700971015526e-09
2.2439862314719453e-09
2.414522502284106e-09
2.5966598320445145e-09
2.7898967226009788e-09
2.9930189750760693e-09
3.203807008740162e-09
3.4187271832826713e-09
3.6327270185266847e-09
3.838748326947243e-09
4.027635597856392e-09
4.187898901814812e-09
4.305694900854547e-09
4.365599298726472e-09
4.351107567005384e-09
4.2468703399011884e-09
4.041007191289758e-09
3.728209498996806e-09
3.3140156593729162e-09
2.816645609225769e-09
2.268754926400773e-09
1.7139843610117958e-09
1.1997777021573134e-09
7.674597247497379e-10
4.4139586911664674e-10
2.2410195170936272e-10
9.834690437450515e-11
3.641613518652605e-11
1.1072990404088193e-11
2.678490089772738e-12
4.976352268679334e-13
6.825819759530577e-14
6.5730524367033875e-15
4.2097482130768835e-16
1.720252386324595e-17
4.1012896861240266e-19

