8.884780456756559e-15
1.3408619974309546e-14
2.022726351115597e-14
3.049852295482642e-14
4.595983622190728e-14
6.921510664292988e-14
1.0416103625925915e-13
1.5661941625980683e-13
2.352707287557471e-13
3.530294445792439e-13
5.290588566739563e-13
7.917076418944854e-13
1.1827695087662884e-12
1.7635988557636358e-12
2.623844275767594e-12
3.8937535137051194e-12
5.761280578273272e-12
8.49557633110315e-12
1.247828757451556e-11
1.8244574072304446e-11
2.6534385071601664e-11
3.83530083527563e-11
5.503802737796456e-11
7.831835236158731e-11
1.103503335862999e-10
1.5368944669922466e-10
2.1114008768635858e-10
2.8542885572555437e-10
3.785634359326867e-10
4.908958424664597e-10
6.198296244873807e-10
7.583990784817862e-10
8.943815281258909e-10
1.0104087448041678e-09
1.0866329091849878e-09
1.1057746724542305e-09
1.060051790546827e-09
9.570177802958245e-10
8.200017663638104e-10
6.813497879517264e-10
5.703511555035609e-10
5.024805433917272e-10
4.77089381356173e-10
4.829592888948599e-10
5.07412882480796e-10
5.416676046340312e-10
5.81535748296884e-10
6.255253308348776e-10
6.731716890522669e-10
7.242313970621226e-10
7.784742833633082e-10
8.356536454572682e-10
8.955036184840585e-10
9.577765473199405e-10
1.022239470699853e-09
1.0887095691013948e-09
1.157067630998967e-09
1.2272644039927126e-09
1.2993438403909271e-09
1.3734250942941435e-09
1.4497078613209598e-09
1.5284387497414103e-09
1.6098946693674077e-09
1.694322520543352e-09
1.7819027682013797e-09
1.8726775492437086e-09
1.9664600930903534e-09
2.062790322194045e-09
2.1607720015336094e-09
2.2590343384499315e-09
2.3555827694239477e-09
2.4476790057150306e-09
2.5318229023649852e-09
2.6035684385043326e-09
2.6576421629536647e-09
2.687967839825675e-09
2.687836941008617e-09
2.6505137271144376e-09
2.569592544651688e-09
2.440224176370938e-09
2.2601701421951358e-09
2.0310451549757197e-09
1.759963791014858e-09
1.4596730991039871e-09
1.1486928962738173e-09
8.489785019212383e-10
5.822217442856989e-10
3.6542042425719584e-10
2.0652544723884318e-10
1.031926430566988e-10
4.4631963071366424e-11
1.63101149177342e-11
4.900752816497301e-12
1.1727480716274798e-12
2.157737536579926e-13
2.934373814229757e-14
2.803296283353783e-15
1.781655502348657e-16
7.243248906752651e-18
1.7185699114843007e-19

