4.092216396102974e-15
6.174609175224215e-15
9.312517527901628e-15
1.4037955475347802e-14
2.1148936743387885e-14
3.184089996231673e-14
4.790192228590642e-14
7.200204050457016e-14
1.0812013807211014e-13
1.6217232319015975e-13
2.4293179015752944e-13
3.633684162274561e-13
5.425903018295813e-13
8.086289955436524e-13
1.202413628069505e-12
1.7833657416840914e-12
2.6371718477917893e-12
3.886448785742305e-12
5.7049477787373104e-12
8.336162253846917e-12
1.2116593126857539e-11
1.750324820032472e-11
2.5104115487694648e-11
3.570524646714803e-11
5.0287804298399435e-11
7.001662724185218e-11
9.617484390416654e-11
1.300201966944808e-10
1.72502089820914e-10
2.238473742571527e-10
2.829879521335221e-10
3.4693175238307343e-10
4.10366155867706e-10
4.657056900598546e-10
5.042621392742244e-10
5.18471517875838e-10
5.049534154767554e-10
4.670905483145129e-10
4.1524182782469654e-10
3.6377214798737976e-10
3.2574589173791146e-10
3.081718172690846e-10
3.1098456900152174e-10
3.2945661863438654e-10
3.5821885296927123e-10
3.9361151425773586e-10
4.340078439871829e-10
4.789785121959093e-10
5.285717224093083e-10
5.829544313820134e-10
6.423335834830211e-10
7.069476278845671e-10
7.770715639351454e-10
8.530479531306201e-10
9.352893177386171e-10
1.02430989166503e-09
1.120739503630388e-09
1.2253400371205959e-09
1.3390248764294358e-09
1.4628616546822833e-09
1.5980821228489718e-09
1.7460641309029876e-09
1.9083314743161837e-09
2.086492698650404e-09
2.2822122096997523e-09
2.4971129207879094e-09
2.732641990656886e-09
2.9899538543313514e-09
3.2695997305118463e-09
3.5713096923422163e-09
3.8935557942532585e-09
4.233031447587477e-09
4.584208234817091e-09
4.938457011017706e-09
5.283605334059838e-09
5.603243663008463e-09
5.876274044819685e-09
6.077583004599905e-09
6.178441147399776e-09
6.149629026902027e-09
5.965102696400274e-09
5.607396772844239e-09
5.075389957182056e-09
4.388986102747161e-09
3.593763979491997e-09
2.7572250017843275e-09
1.9580204811501432e-09
1.2692787563482708e-09
7.390075115659964e-10
3.7942861102145366e-10
1.6821885578955527e-10
6.28673237958756e-11
1.9276539694378493e-11
4.6984823611398555e-12
8.789609660497292e-13
1.212983949926863e-13
1.174712153269458e-14
7.565062505220319e-16
3.102611779841835e-17
7.422511451805907e-19

