5.552999303274744e-15
8.379200140601775e-15
1.2638222438653904e-14
1.9052429009912e-14
2.8705460436248185e-14
4.322080220445853e-14
6.502706722818661e-14
9.775124104591093e-14
1.4679904729397904e-13
2.2020948107775497e-13
3.2990615567051127e-13
4.935203905289098e-13
7.370347360832929e-13
1.0985775238712235e-12
1.633840746151132e-12
2.4237137341101227e-12
3.584898157409943e-12
5.284489173151226e-12
7.75941909802218e-12
1.1341961786069223e-11
1.6491668270350302e-11
2.3833160719422284e-11
3.419806373619591e-11
4.86622344308634e-11
6.856899050807324e-11
9.551251885373676e-11
1.312453268270608e-10
1.7747558042638687e-10
2.3546679754423433e-10
3.0545164672587844e-10
3.858218199638812e-10
4.722353236588598e-10
5.570729210436448e-10
6.295242164753535e-10
6.773248775220426e-10
6.900145323869469e-10
6.633516825509166e-10
6.030595193416966e-10
5.248848169439855e-10
4.5015829211874405e-10
3.977486637955413e-10
3.7719501896917574e-10
3.8724300536764026e-10
4.1978823577848847e-10
4.658273841325082e-10
5.190490248871948e-10
5.761732799790485e-10
6.356642901474794e-10
6.966044067602962e-10
7.581798885317786e-10
8.195731418098058e-10
8.799909091641036e-10
9.387045291921272e-10
9.9513689194861e-10
1.0488977574726478e-09
1.0998538232984972e-09
1.1481681298413918e-09
1.194298390550803e-09
1.2390224740604954e-09
1.283363790126558e-09
1.3285627110198712e-09
1.3759430332011896e-09
1.4268605739443481e-09
1.4825061951542464e-09
1.5438703867945e-09
1.6115855712269536e-09
1.6858545510639873e-09
1.7664530548231195e-09
1.8526363420576653e-09
1.943251298412918e-09
2.036717535973169e-09
2.131150214761294e-09
2.2243901787550973e-09
2.314124164274128e-09
2.397895446466195e-09
2.4731827557762187e-09
2.537386943477895e-09
2.587861245662861e-09
2.6218676209079497e-09
2.636593418170444e-09
2.629156659012031e-09
2.5965629740190636e-09
2.5359558128126574e-09
2.4445410356879195e-09
2.3201110208814467e-09
2.1613991539954368e-09
1.9686060113130674e-09
1.7445948942782004e-09
1.4951883100167734e-09
1.2302771953860165e-09
9.633979388659297e-10
7.104931367200938e-10
4.875800262039982e-10
3.069801708839169e-10
1.744966117406797e-10
8.792201432933925e-11
3.844949765109513e-11
1.4253426475317646e-11
4.3589438363468704e-12
1.0664345198662141e-12

