7.203923636337865e-14
1.0875109737521221e-13
1.641078481948648e-13
2.4753163317056504e-13
3.731717131594446e-13
5.622505354507537e-13
8.465551079593962e-13
1.2736221080349693e-12
1.914405521954342e-12
2.874590196201226e-12
4.311195976396013e-12
6.456823836940842e-12
9.654898472065872e-12
1.4410377738976875e-11
2.146233535919406e-11
3.1886475390251496e-11
4.7238004048469864e-11
6.974831976323639e-11
1.0258769925989217e-10
1.5021031395840399e-10
2.187862506160491e-10
3.167116305551304e-10
4.5517173319288624e-10
6.486303723611649e-10
9.151119958160208e-10
1.2759071194021248e-09
1.7541809799509565e-09
2.371999679470255e-09
3.144508327279857e-09
4.071445844607996e-09
5.125455594855529e-09
6.2392313467306925e-09
7.297861321180894e-09
8.140293803467372e-09
8.585011285905588e-09
8.4777009923766e-09
7.755659261368408e-09
6.50225632848679e-09
4.947092094401627e-09
3.400685268621292e-09
2.136519774730444e-09
1.2912738469322038e-09
8.441055547220455e-10
6.757230740795131e-10
6.556597562117815e-10
6.951711367567135e-10
7.517786900522607e-10
8.102696985886825e-10
8.657843212792715e-10
9.160191985657228e-10
9.590846182484306e-10
9.932058778834113e-10
1.0167870668529977e-09
1.028529149105714e-09
1.0275397174493697e-09
1.0134298748028583e-09
9.863926987772242e-10
9.472159485850256e-10
8.972948438661952e-10
8.385416624725489e-10
7.732789757632806e-10
7.04109751733494e-10
6.336711531989053e-10
5.645328486334755e-10
4.989266948914711e-10
4.386566255269464e-10
3.849781536811185e-10
3.385450771074109e-10
2.994464284229839e-10
2.672608623039804e-10
2.411975990051806e-10
2.2018289479216307e-10
2.030826806392665e-10
1.8873264214844962e-10
1.761244141950535e-10
1.6441180470147605e-10
1.5298259750876978e-10
1.4143151377938954e-10
1.2956651255283324e-10
1.173520873487972e-10
1.048847243531869e-10
9.234368406943502e-11
7.995811709072229e-11
6.79734525234246e-11
5.662708177943462e-11
4.6129388999298476e-11
3.664711560563934e-11
2.8301408520911556e-11
2.1156812933894356e-11
1.522895569452921e-11
1.0484271289140982e-11
6.843803908994366e-12
4.191787035532984e-12
2.3776031868385072e-12
1.2297235616811732e-12
5.694439805019205e-13
2.311072302828578e-13
8.024284297129328e-14
2.3170003448380028e-14
5.3926842720169784e-15

