3.5303339624276724e-14
5.3291721937252424e-14
8.0414111240974e-14
1.212851316556247e-13
1.8283375201114843e-13
2.7545135054491984e-13
4.146998957631871e-13
6.238482434326229e-13
9.376218744855749e-13
1.4077342268230906e-12
2.111002484582176e-12
3.161195351798728e-12
4.726249163936439e-12
7.053032342844979e-12
1.0502781143392556e-11
1.5601133557471034e-11
2.3107840824336845e-11
3.4112711749223506e-11
5.016372382306212e-11
7.343525702498464e-11
1.0693874611177087e-10
1.54771472304193e-10
2.2239135807992838e-10
3.168563731817167e-10
4.46963885803522e-10
6.231110149869119e-10
8.566242093294585e-10
1.1583225904465172e-09
1.5357028189951622e-09
1.9888339835127403e-09
2.504700311008388e-09
3.050978602513988e-09
3.5723214390183746e-09
3.991051741798704e-09
4.219548818159068e-09
4.183274335540238e-09
3.851893782830411e-09
3.2656046009577265e-09
2.5352531621076396e-09
1.8108057262472274e-09
1.2243851530652169e-09
8.42033074986058e-10
6.536627489219517e-10
6.01509981550952e-10
6.222801945696056e-10
6.726798761588625e-10
7.316380395432361e-10
7.911442394810702e-10
8.481044351263443e-10
9.006006344411259e-10
9.468916617421937e-10
9.85314732452575e-10
1.0143602213845857e-09
1.0327899394123552e-09
1.0397325444851549e-09
1.0347770731463769e-09
1.0180513319582315e-09
9.902199052836601e-10
9.525186186980789e-10
9.066480475612151e-10
8.54690255786762e-10
7.989826223872582e-10
7.418840518615775e-10
6.856892974446756e-10
6.323608928131415e-10
5.834751697815612e-10
5.40050359364341e-10
5.025956949168606e-10
4.710227208158228e-10
4.448276205411298e-10
4.231198951724319e-10
4.047910227915012e-10
3.8866108318715516e-10
3.7357512397523475e-10
3.585325722796243e-10
3.427349903694854e-10
3.256379226414304e-10
3.069332619226423e-10
2.8655584698956783e-10
2.6462451415503016e-10
2.4141789129007563e-10
2.1731781688732725e-10
1.927770445997317e-10
1.6827261027913261e-10
1.44282391305101e-10
1.2125985058244e-10
9.960891911217725e-11
7.969396000892526e-11
6.180871421671702e-11
4.619537748139389e-11
3.3022153801357625e-11
2.2364620130049393e-11
1.4189734416644189e-11
8.318706388801952e-12
4.434891749961942e-12
2.1105057180512345e-12
8.775429964355747e-13
3.11220108626203e-13
9.153979808831874e-14
2.164704290959432e-14

