3.695125441704636e-15
5.574805284146067e-15
8.406796172606603e-15
1.2670782890373689e-14
1.9086080383112516e-14
2.872989988957696e-14
4.321294095852037e-14
6.493951408684355e-14
9.749117526613537e-14
1.4619118492994619e-13
2.1893045358719337e-13
3.2736992952773667e-13
4.886826768347167e-13
7.280524790252585e-13
1.0822384374966928e-12
1.6045934641060076e-12
2.372037694254342e-12
3.494630682575933e-12
5.128329914389099e-12
7.49172015109175e-12
1.0886963572660512e-11
1.5724615748174227e-11
2.255121114350974e-11
3.207394229984383e-11
4.5176462320207753e-11
6.290921075304758e-11
8.643107128185636e-11
1.1688034966231837e-10
1.5511897645324072e-10
2.013572362591419e-10
2.5463452667327236e-10
3.1224680951972776e-10
3.6939570298691394e-10
4.1924106290436323e-10
4.5400704929467597e-10
4.670630977570741e-10
4.557463135545216e-10
4.2375913715579224e-10
3.8121743071324913e-10
3.4182147123321607e-10
3.177215707426219e-10
3.151233780253755e-10
3.33343412267934e-10
3.6730877181380297e-10
4.1135496031222005e-10
4.6151441780812977e-10
5.157399710628356e-10
5.730840998256246e-10
6.329874976171524e-10
6.949528606579878e-10
7.584851044732681e-10
8.231190708103284e-10
8.884522235694849e-10
9.542181806574977e-10
1.020313859235595e-09
1.0868613181919354e-09
1.1542363317189375e-09
1.2230774279150385e-09
1.2942967525750699e-09
1.3690329071181936e-09
1.448621249700079e-09
1.5344815607671724e-09
1.6280878970179383e-09
1.7307789382771845e-09
1.84374570146753e-09
1.9678676315852116e-09
2.1036543166955248e-09
2.2512104948740555e-09
2.4101475182795984e-09
2.579629956537233e-09
2.7583336462579266e-09
2.944499193360286e-09
3.1359096364501484e-09
3.3299364156729814e-09
3.523482966288964e-09
3.712987900212153e-09
3.894317344455258e-09
4.062742783950663e-09
4.2127634592894485e-09
4.338086157624857e-09
4.431543040516144e-09
4.484963493477424e-09
4.489576430279624e-09
4.435877494253116e-09
4.314682126241473e-09
4.118008814651418e-09
3.840492692528275e-09
3.4823189429070637e-09
3.050667984503576e-09
2.562856324993951e-09
2.046342395825706e-09
1.536616355331461e-09
1.072105248726915e-09
6.852292739533364e-10
3.9482714277981024e-10
2.013735862189967e-10
8.902358617675686e-11
3.332047422141005e-11
1.0277603607364525e-11
2.5335677726294825e-12

