5.104563797198981e-14
7.705750168115218e-14
1.16279008141457e-13
1.7538490380625249e-13
2.6439819349669823e-13
3.983515640848914e-13
5.997596796725078e-13
9.022905108102349e-13
1.3561939052376644e-12
2.036310599266241e-12
3.0538252315460753e-12
4.573426715736628e-12
6.838248483042556e-12
1.0205749943076057e-11
1.5199068929947608e-11
2.25795422009202e-11
3.344776396567522e-11
4.938269630014892e-11
7.262744054093072e-11
1.0633321513367817e-10
1.5486485477221608e-10
2.241615702040541e-10
3.221352816645403e-10
4.590171360842321e-10
6.475580432550911e-10
9.02822706957519e-10
1.2412104315391593e-09
1.6783600348043857e-09
2.2250468102976195e-09
2.8812012164887275e-09
3.627667729918839e-09
4.417141642030041e-09
5.168764681897977e-09
5.769149520236051e-09
6.090456924704927e-09
6.023977200134244e-09
5.525507293345249e-09
4.653730481518894e-09
3.5703507941679172e-09
2.494095188337663e-09
1.617627791134556e-09
1.0372390377022539e-09
7.382288764424655e-10
6.364706553691141e-10
6.398868837444668e-10
6.857013580416818e-10
7.436559237149588e-10
8.026354449987917e-10
8.587684054547421e-10
9.099503953275463e-10
9.54355976522381e-10
9.90255499300994e-10
1.0160870529472394e-09
1.0305750689048819e-09
1.0328340626971789e-09
1.0224641157189116e-09
9.996297663275267e-10
9.6506577740759e-10
9.201001899225314e-10
8.665562386101011e-10
8.066553036709758e-10
7.428906547396038e-10
6.777818675635333e-10
6.137863646648755e-10
5.530229070142656e-10
4.972031059324419e-10
4.4748319927986506e-10
4.0446109207517454e-10
3.6815120420326466e-10
3.381035976315748e-10
3.134883991103025e-10
2.932237691189704e-10
2.761616274581105e-10
2.611495318982846e-10
2.471895926344955e-10
2.334648849445211e-10
2.194010948850513e-10
2.046435902969217e-10
1.8906370464542304e-10
1.727003091420367e-10
1.5573508171190376e-10
1.3843977379301307e-10
1.211424240454276e-10
1.0418827691826617e-10
8.791432884157279e-11
7.262713300126806e-11
5.858211054402004e-11
4.5984777097397535e-11
3.497256979962069e-11
2.562646398928485e-11
1.79642932336832e-11
1.1938764257312043e-11
7.44059363376292e-12
4.290342782538195e-12
2.253074379281687e-12
1.0578536815165536e-12
4.346571184116896e-13
1.5256301262084486e-13
4.447165506932078e-14
1.0435450696827338e-14

