1.2224199323047769e-14
1.8449994024846393e-14
2.7835064216332163e-14
4.197414443385824e-14
6.326084775485476e-14
9.528335998010008e-14
1.4341280708450603e-13
2.1567625492718377e-13
3.2404641614370764e-13
4.863426370252281e-13
7.290177644708726e-13
1.0912230232265926e-12
1.630709347973912e-12
2.432308420588368e-12
3.6200569151542663e-12
5.3742997758921625e-12
7.955499561504938e-12
1.1736977520255099e-11
1.7248605418797878e-11
2.5234151495321853e-11
3.67230828366777e-11
5.311543571451491e-11
7.627572731090469e-11
1.086154273795389e-10
1.531424251802939e-10
2.1341774948834384e-10
2.9333567403220484e-10
3.9664842309266134e-10
5.260318894096197e-10
6.817209075455159e-10
8.596263374929817e-10
1.0492623521703162e-09
1.2324977285397576e-09
1.383772647133668e-09
1.4741824085615217e-09
1.479097969192058e-09
1.3884780674850362e-09
1.215603471787737e-09
9.97158271232385e-10
7.828146295268987e-10
6.163925965450365e-10
5.198499544161316e-10
4.899140717464017e-10
5.074145344663744e-10
5.5122097931291e-10
6.066718365674482e-10
6.663355754048427e-10
7.269900523150656e-10
7.869530807448181e-10
8.448642013780349e-10
8.993884921841473e-10
9.492288425733593e-10
9.931856584478411e-10
1.030264874594166e-09
1.0597391321571445e-09
1.0812315243749938e-09
1.0947794090833014e-09
1.1008207619259883e-09
1.1002429592225001e-09
1.094271932864651e-09
1.084434165844066e-09
1.0724130083501165e-09
1.0599201333275823e-09
1.0485403871853003e-09
1.0395962139143337e-09
1.0340433110494361e-09
1.0323371927163686e-09
1.0345060311714245e-09
1.0400180912377607e-09
1.0479903364861776e-09
1.057168439086928e-09
1.0661191940153466e-09
1.0733088497878411e-09
1.0772563736383322e-09
1.0765989008631543e-09
1.0701863804870208e-09
1.0571145049242183e-09
1.036735615087019e-09
1.008666961877098e-09
9.727565114349613e-10
9.290768681730697e-10
8.778696915091551e-10
8.195801867519158e-10
7.547836956701011e-10
6.842644564371846e-10
6.090287997381146e-10
5.303299128997674e-10
4.498534216740767e-10
3.6963272536990275e-10
2.9219482029124643e-10
2.2035700597207766e-10
1.5692977845205734e-10
1.0429525822011363e-10
6.377858642647213e-11
3.531474853096746e-11
1.7381040197497493e-11
7.44418503703243e-12
2.7092437394328388e-12
8.15114406335712e-13
1.9657715345101443e-13

