1.7922905329809272e-14
2.7053029375415055e-14
4.081759628955984e-14
6.155690410848333e-14
9.278423801989434e-14
1.3976726955242238e-13
2.103928065992305e-13
3.164502857195528e-13
4.755285552483888e-13
7.138126716471053e-13
1.0701855941021976e-12
1.602213191564062e-12
2.3948367836173714e-12
3.572870676780202e-12
5.31887585906389e-12
7.898384278389751e-12
1.16950269283722e-11
1.7258858198874692e-11
2.5370860270379675e-11
3.712762506393753e-11
5.4047384736778385e-11
7.819529262267651e-11
1.1232193356725528e-10
1.5998451904157123e-10
2.2561860084335115e-10
3.144712403303559e-10
4.3227047685485574e-10
5.845137632623675e-10
7.750713164312142e-10
1.0041476154009255e-09
1.2654703761186006e-09
1.5431972932756629e-09
1.8100596217806657e-09
2.027695303553291e-09
2.1527711974540727e-09
2.148388095063839e-09
1.9995058182690326e-09
1.7260009161486944e-09
1.3827595206403698e-09
1.0440761313779862e-09
7.754486516225096e-10
6.096477061713813e-10
5.417049930257589e-10
5.429370108017437e-10
5.818125163281424e-10
6.365816931293735e-10
6.963981243044121e-10
7.567913131451734e-10
8.15653975957317e-10
8.714071893860665e-10
9.225342395403723e-10
9.67569327850515e-10
1.0051656075978256e-09
1.034209041221805e-09
1.0538932584957013e-09
1.0638077750379475e-09
1.0640099949594454e-09
1.0550125215212357e-09
1.0378323588297118e-09
1.0138756613265273e-09
9.84885165085506e-10
9.52803196663528e-10
9.195966184943875e-10
8.871355985227921e-10
8.569967231514843e-10
8.303900725122911e-10
8.079946119188249e-10
7.900465662252025e-10
7.76197780052153e-10
7.657429090864491e-10
7.575996554337221e-10
7.505093653757299e-10
7.431335726959889e-10
7.341958377915778e-10
7.225669342185338e-10
7.073459495581315e-10
6.878993594455135e-10
6.638581967874326e-10
6.351267335501697e-10
6.018320218069448e-10
5.643071490075091e-10
5.230310635282822e-10
4.786205933582395e-10
4.3176579910831786e-10
3.8324155586121295e-10
3.338889202744001e-10
2.845973236100806e-10
2.3637653779960125e-10
1.902865226901653e-10
1.4749970871963898e-10
1.0919693113271004e-10
7.643972386041889e-11
5.000699065832669e-11
3.014666511534148e-11
1.6480260998256733e-11
8.019489149874311e-12
3.400444019445797e-12
1.2267380312209462e-12
3.6624175372026814e-13
8.773177610117215e-14
