8.336194675731034e-15
1.25806003856968e-14
1.8977984127846776e-14
2.8614553769963084e-14
4.312027403119674e-14
6.493795235953779e-14
9.77231982100539e-14
1.4693762764860662e-13
2.207248392355197e-13
3.3120098353671233e-13
4.963458311812335e-13
7.427596742694413e-13
1.1096636515514506e-12
1.6546457700149221e-12
2.461870834223662e-12
3.653655873396746e-12
5.406576380788769e-12
7.973603968708259e-12
1.1713638590673834e-11
1.7130259167831916e-11
2.4920243376534687e-11
3.603094708796454e-11
5.1723867629770986e-11
7.363072764565487e-11
1.0378769722828569e-10
1.446078783630049e-10
1.9873614425285045e-10
2.6873367585389363e-10
3.5645661223798236e-10
4.6214747609129977e-10
5.831807300292443e-10
7.126812596725469e-10
8.386881350288487e-10
9.442939732030476e-10
1.0103517549894927e-09
1.0205369046397195e-09
9.682017288862775e-10
8.621852564461999e-10
7.268834825819669e-10
5.953391061317886e-10
4.967318297830583e-10
4.457269988396818e-10
4.4022191111654306e-10
4.675135995548982e-10
5.135524218456647e-10
5.685325476560232e-10
6.274071934573127e-10
6.878850262530794e-10
7.486670389187126e-10
8.086424164784044e-10
8.667044062660856e-10
9.217743856142349e-10
9.728519067854577e-10
1.0191138640781886e-09
1.0599620940062627e-09
1.0951012035231275e-09
1.1245911207813287e-09
1.1488372254669479e-09
1.1686307158994562e-09
1.1850512910018037e-09
1.1994372225472921e-09
1.2132414308651153e-09
1.2279462895295254e-09
1.244880046458227e-09
1.2651385165544487e-09
1.2894494603871013e-09
1.3180738381001631e-09
1.350847482675571e-09
1.3870693453267516e-09
1.4256703070933051e-09
1.4651979022698953e-09
1.5039842599016705e-09
1.5402059173193974e-09
1.5720338291692986e-09
1.5976779493170863e-09
1.6154861955674673e-09
1.6239656666796286e-09
1.621809057415246e-09
1.6078933792313535e-09
1.58127189912322e-09
1.5411812106725943e-09
1.4869962102958072e-09
1.4183447122105926e-09
1.335031561444423e-09
1.2372616610881613e-09
1.125747269831384e-09
1.0018644848277821e-09
8.681201122350101e-10
7.281216718673487e-10
5.869623476502167e-10
4.5088210717116177e-10
3.266414732298036e-10
2.205208466190643e-10
1.367897485035684e-10
7.671984670332023e-11
3.819491287170786e-11
1.652579172806588e-11
6.0685953494502835e-12
1.8403753436807727e-12
4.469388430667387e-13

