2.8544125044037664e-15
4.305878155620149e-15
6.492338426913399e-15
9.783773390504063e-15
1.4734834989742096e-14
2.2175892540287752e-14
3.3348151540584343e-14
5.010372708705467e-14
7.52005731595739e-14
1.1273620495147506e-13
1.6878200561099352e-13
2.5230612957155456e-13
3.7650989117176095e-13
5.607434358320828e-13
8.332371516417521e-13
1.2349450545079401e-12
1.8248826904136804e-12
2.687450804215167e-12
3.942193919163098e-12
5.75659312897044e-12
8.36208825129554e-12
1.2073069517112347e-11
1.7308018575934055e-11
2.4608524676934063e-11
3.465168136805751e-11
4.824335056410387e-11
6.627483465024322e-11
8.962633638938224e-11
1.1897501612455453e-10
1.5451301657262832e-10
1.9555696882321664e-10
2.4011721880331193e-10
2.8463267852901683e-10
3.2400920940229516e-10
3.524480045927256e-10
3.6500755252953507e-10
3.5972323250052397e-10
3.3940963487565764e-10
3.117022636195352e-10
2.869382564406035e-10
2.743058330206526e-10
2.785423615181547e-10
2.992209533996802e-10
3.326171055132612e-10
3.745576234153911e-10
4.2213603034854615e-10
4.738841729591434e-10
5.29157552187555e-10
5.876061709254158e-10
6.489313721905834e-10
7.128467287677896e-10
7.791046117082581e-10
8.475257847557784e-10
9.180649762572432e-10
9.908355514564724e-10
1.06616684043158e-09
1.1446287143054272e-09
1.2270482009695246e-09
1.314514612192189e-09
1.4083507852867127e-09
1.5100850322383095e-09
1.6213572765103075e-09
1.7438995645538893e-09
1.8793616967445386e-09
2.0293079948680975e-09
2.195058995171567e-09
2.3776377141197602e-09
2.5777160547968064e-09
2.795523355116133e-09
3.0308514057907616e-09
3.2829874046440476e-09
3.5507109998188064e-09
3.832222840395505e-09
4.125112517804643e-09
4.426229865310884e-09
4.731591049178997e-09
5.036151679589234e-09
5.333684404773634e-09
5.616415786315647e-09
5.8748879392152435e-09
6.097698068448223e-09
6.271175957912318e-09
6.379816498997483e-09
6.405981795859965e-09
6.331410414815471e-09
6.138639304325573e-09
5.813457724211178e-09
5.349938943262359e-09
4.753582746960849e-09
4.047237655335033e-09
3.272222895508947e-09
2.485735584259008e-09
1.7527972790275852e-09
1.131136262617297e-09
6.574475793236295e-10
3.3794272341345984e-10
1.5044123643463692e-10
5.665749846688282e-11
1.7572386283569917e-11
4.353036314279996e-12

