1.3400179513576894e-15
2.0205066294617555e-15
3.0449836486697823e-15
4.586220425251578e-15
6.902983541335761e-15
1.0382282738069198e-14
1.560198249854382e-14
2.342337434967032e-14
3.5127425124834203e-14
5.2614817012363684e-14
7.869800432729407e-14
1.1752541808053392e-13
1.7519462645226862e-13
2.6062975134277584e-13
3.8683029283166266e-13
5.726254134275859e-13
8.451066973138983e-13
1.2429611113921948e-12
1.8209083068220154e-12
2.6555140788996386e-12
3.852475175183476e-12
5.555275180123997e-12
7.954866399910594e-12
1.1298532965956028e-11
1.5895997034698735e-11
2.2117345043778397e-11
3.037523739269386e-11
4.1084158090464535e-11
5.457854335063942e-11
7.099193497589145e-11
9.008912809933892e-11
1.110807800554859e-10
1.325079629534552e-10
1.5225765799391056e-10
1.679154069338012e-10
1.7743457347891723e-10
1.8004571766582145e-10
1.7703243084236132e-10
1.7175724076155362e-10
1.6876101545133215e-10
1.7211993046394632e-10
1.8402924199321177e-10
2.044934288321292e-10
2.3211460349467863e-10
2.6531179408297756e-10
3.030545070386483e-10
3.4494399089066997e-10
3.909548329180562e-10
4.412188577733374e-10
4.959272811399002e-10
5.553273920254226e-10
6.197474045211858e-10
6.896245134537419e-10
7.655550285670831e-10
8.483233332340881e-10
9.389543971434092e-10
1.038744087142528e-09
1.1493026384912183e-09
1.2725711952228385e-09
1.410851806016723e-09
1.5668141195932261e-09
1.743481712112998e-09
1.9442654573513834e-09
2.172889277219463e-09
2.433441192311946e-09
2.7303028681442395e-09
3.068155044628406e-09
3.451954884460318e-09
3.8868854775832675e-09
4.3783251897939965e-09
4.931749089613059e-09
5.552596388428587e-09
6.246059930314264e-09
7.016743490465635e-09
7.868192835483343e-09
8.802232053364933e-09
9.81793196098044e-09
1.0910555905474867e-08
1.2069591692823932e-08
1.3276973437192722e-08
1.4504472309735393e-08
1.571042163732308e-08
1.6838057380663446e-08
1.7811669872412282e-08
1.8538429547564798e-08
1.8911396308527463e-08
1.881866302637503e-08
1.8164660783579133e-08
1.6891177918008127e-08
1.5011884180945245e-08
1.2633218894159931e-08
9.958740829160482e-09
7.2645736731312354e-09
4.834884689303724e-09
2.8895589857365324e-09
1.5229680050405468e-09
6.933476264033756e-10
2.663974095897656e-10
8.41132611955078e-11
2.1171171568103e-11
