1.8500819883249516e-15
2.7901604189911107e-15
4.205822543626515e-15
6.336172819076283e-15
9.539476309598755e-15
1.4351791291359227e-14
2.1573916338290265e-14
3.240002704982273e-14
4.860713334793971e-14
7.28334390632206e-14
1.0898504478209037e-13
1.6282711520664444e-13
2.428390369756843e-13
3.614390482079821e-13
5.367285842974917e-13
7.949444092036035e-13
1.1738613160376796e-12
1.7274567983694024e-12
2.5321234851878172e-12
3.694810215193896e-12
5.3632209057898874e-12
7.73791969953468e-12
1.108584192559952e-11
1.5752567598260358e-11
2.2170579244590022e-11
3.085574878951839e-11
4.2381257297694465e-11
5.7318614685862825e-11
7.611973272327491e-11
9.894323182283893e-11
1.2541350613498086e-10
1.5435474275394967e-10
1.836260598473116e-10
2.1014420444614266e-10
2.3039152080275779e-10
2.4137737323034287e-10
2.4194386518224096e-10
2.3387812856553344e-10
2.2194438962345847e-10
2.125850157296888e-10
2.115552145709503e-10
2.2188849851267038e-10
2.4345352880470063e-10
2.7409325803330047e-10
3.1137701183680116e-10
3.5365456825156477e-10
4.0016719126191285e-10
4.5067217777346605e-10
5.051243452846379e-10
5.635299460562504e-10
6.259314483987873e-10
6.924326048725182e-10
7.632259691831397e-10
8.386479320985723e-10
9.192040310408645e-10
1.0056217164926151e-09
1.0988750426376414e-09
1.2002156814672495e-09
1.3111790319384347e-09
1.4335879470394256e-09
1.5695379970471879e-09
1.7213442193370842e-09
1.89154505564166e-09
2.0827739713593236e-09
2.2977770360797214e-09
2.5392879477168305e-09
2.8099921642682195e-09
3.112467209266837e-09
3.4490942488458426e-09
3.822014026213393e-09
4.23301849006333e-09
4.683449811536985e-09
5.174030642915412e-09
5.704651411002508e-09
6.2740566801960234e-09
6.879470121174999e-09
7.515997924744303e-09
8.176116326543331e-09
8.848649189515184e-09
9.518032890257768e-09
1.0163217592202428e-08
1.0756342273022717e-08
1.1262669891963919e-08
1.163922305932451e-08
1.1836986254060464e-08
1.1803489211949968e-08
1.1488350420291e-08
1.0855118139489887e-08
9.891106627979457e-09
8.623966869173193e-09
7.1290749818310875e-09
5.527909578348835e-09
3.9719671441294944e-09
2.607436511633575e-09
1.5390881534631142e-09
8.021702673477087e-10
3.615537479757315e-10
1.376760891599481e-10
4.312323652478628e-11
1.0776551349265296e-11

