2.408686049235828e-15
3.633166473257279e-15
5.477478608762716e-15
8.253487766986819e-15
1.2428631936004969e-14
1.8702563953921465e-14
2.8120860522999386e-14
4.2243339841098924e-14
6.339209599544973e-14
9.50161294703005e-14
1.4222441288145557e-13
2.1256120020949726e-13
3.1712825721206274e-13
4.721929303346634e-13
7.014800789365848e-13
1.0393958729728934e-12
1.5355036722614913e-12
2.2606630034655567e-12
3.3152079529578117e-12
4.8396668645797315e-12
7.0281892999552246e-12
1.014446942162415e-11
1.4539489206437257e-11
2.0667538529216387e-11
2.909678709284153e-11
4.0504027609855405e-11
5.563911916356979e-11
7.524532674356262e-11
9.990060975021521e-11
1.2978423827968796e-10
1.6435339094602864e-10
2.0198629026247367e-10
2.397619322659048e-10
2.734913031750893e-10
2.9840167500626387e-10
3.104287927119315e-10
3.079709677823896e-10
2.933816174745264e-10
2.7300701885839685e-10
2.554357023010442e-10
2.4831516152936666e-10
2.5561877882921077e-10
2.77053334963942e-10
3.0959799694025346e-10
3.498603131355758e-10
3.954942211828833e-10
4.453445280986964e-10
4.989395442591538e-10
5.560565838159074e-10
6.165221950658535e-10
6.801837473642738e-10
7.469352806839124e-10
8.167458373453605e-10
8.897204076265209e-10
9.661241695766102e-10
1.046437499367993e-09
1.1313795312493586e-09
1.2219301272575616e-09
1.3193336513844573e-09
1.4250826510326868e-09
1.5408931545541227e-09
1.6686251917180594e-09
1.810271045079885e-09
1.967795690909427e-09
2.1431398967050407e-09
2.3380708107290618e-09
2.554132464542074e-09
2.7925847981876615e-09
3.0543106483371682e-09
3.339796682698295e-09
3.649048166582511e-09
3.981546169878294e-09
4.3361382285263575e-09
4.710941677135231e-09
5.103151509987624e-09
5.508854995077871e-09
5.922688562604823e-09
6.337601797956565e-09
6.7442993976625276e-09
7.130944655686688e-09
7.482675274357914e-09
7.781021780747097e-09
8.004263452633447e-09
8.126876805851349e-09
8.12135857814836e-09
7.960082521929835e-09
7.618737160046117e-09
7.08343356747077e-09
6.355737204222165e-09
5.461616781653725e-09
4.4541258453208305e-09
3.410770159661207e-09
2.422801988397052e-09
1.5739864252081759e-09
9.203763904748447e-10
4.756621593278842e-10
2.1277609415447696e-10
8.047901893184431e-11
2.5056678312892024e-11
6.228252493288425e-12

