1.0815857119342604e-15
1.6306050795043106e-15
2.4570042333809524e-15
3.700004456410939e-15
5.568063928835828e-15
8.372856953201549e-15
1.2579610436758467e-14
1.8881494748913418e-14
2.8309062670078348e-14
4.239085192153543e-14
6.338774873305976e-14
9.463322604119376e-14
1.4102488426421846e-13
2.097274855338423e-13
3.1117307850606504e-13
4.604652631249703e-13
6.793257436100942e-13
9.987601201286649e-13
1.4626061942055818e-12
2.132182075159791e-12
3.0921118490607236e-12
4.4572529551040646e-12
6.380456056223819e-12
9.059705293293153e-12
1.2743113799218434e-11
1.7727499668830478e-11
2.4344608096989845e-11
3.292926033543687e-11
4.375514061248556e-11
5.693987247805274e-11
7.231305325614831e-11
8.927045909016415e-11
1.066830084615679e-10
1.2290886771548894e-10
1.3607025155948958e-10
1.4457961123599194e-10
1.4785478144085516e-10
1.4692975775853714e-10
1.444770020361544e-10
1.4410156015661868e-10
1.4905152239257656e-10
1.6110512997240682e-10
1.8032684018260852e-10
2.0568516112436716e-10
2.3601133195001344e-10
2.705763665698312e-10
3.0915759728600134e-10
3.518378352610133e-10
3.988393666120764e-10
4.5045016041067477e-10
5.070264991296149e-10
5.690180537699546e-10
6.369968734489714e-10
7.11705521958332e-10
7.940893517601854e-10
8.853501727131418e-10
9.869822910556021e-10
1.100824944341195e-09
1.2290897632469373e-09
1.374409327018339e-09
1.5398636269708155e-09
1.728997454971324e-09
1.9458811468230225e-09
2.1950832185266347e-09
2.4817574762163322e-09
2.8116283716454663e-09
3.191047553806722e-09
3.6270281938250705e-09
4.127256177406209e-09
4.7001157376337115e-09
5.354648982055325e-09
6.100461248740994e-09
6.947545544447513e-09
7.905909727973656e-09
8.985051671785189e-09
1.0193119996630952e-08
1.1535552778044962e-08
1.3013552321400156e-08
1.4621206722262956e-08
1.6342585553010612e-08
1.8147398485019835e-08
1.9985346834980596e-08
2.1782133456954256e-08
2.3432175358036136e-08
2.4798792509172762e-08
2.5716373835147566e-08
2.600224161928736e-08
2.548726874560851e-08
2.404961294276779e-08
2.1670285675761323e-08
1.847224423560407e-08
1.4735425224489894e-08
1.0866551443371933e-08
7.304156188333324e-09
4.404666137317174e-09
2.340391715839489e-09
1.0732750770789213e-09
4.150759378075059e-10
1.3182764956492952e-10
3.3355751093828097e-11

