8.502943909392947e-16
1.2816990098362136e-15
1.930925975706324e-15
2.9072187595251067e-15
4.3740970723038355e-15
6.575962538881636e-15
9.877493978064873e-15
1.4821840330863508e-14
2.2216187158486388e-14
3.325726046075461e-14
4.971437265667671e-14
7.419501545114918e-14
1.1052834511849559e-13
1.6431337172857112e-13
2.4369837669864046e-13
3.604747264255454e-13
5.315923993799692e-13
7.812346116022794e-13
1.143578629792513e-12
1.6664118054490248e-12
2.415664799468536e-12
3.4808067648954247e-12
4.9808989041424184e-12
7.070196470476274e-12
9.942133887524282e-12
1.382841996519732e-11
1.898870509938302e-11
2.5686433251043264e-11
3.4139960718857725e-11
4.445017315259689e-11
5.64997538913459e-11
6.984186787074549e-11
8.363047315523856e-11
9.662956790212931e-11
1.0742424093022447e-10
1.1482255586504684e-10
1.1840186060347676e-10
1.1897593709144418e-10
1.186137236892179e-10
1.2010226156989822e-10
1.2596403852097987e-10
1.3760794227967097e-10
1.551430268121692e-10
1.778489824546334e-10
2.0490861517068032e-10
2.3584918341777126e-10
2.7059598222512614e-10
3.093216236265179e-10
3.5232342604117817e-10
3.99970773724199e-10
4.5271290564633303e-10
5.111043807477442e-10
5.758352684274996e-10
6.477778705445873e-10
7.280229550527968e-10
8.179354960447518e-10
9.19198165371059e-10
1.0338739707432577e-09
1.164448531767373e-09
1.3138999986027184e-09
1.4857518283634247e-09
1.6841288635840476e-09
1.91385613659333e-09
2.180494449085774e-09
2.490483127087405e-09
2.851209660426332e-09
3.271153097840049e-09
3.760022968252561e-09
4.32889200769544e-09
4.990353584737507e-09
5.75863136873852e-09
6.6496312107420295e-09
7.680927236132666e-09
8.87149017234352e-09
1.0241241336488492e-08
1.1810142509104971e-08
1.3596532980408905e-08
1.5615065526993442e-08
1.787255626109087e-08
2.0363329563681253e-08
2.3061946647683876e-08
2.5913283545590775e-08
2.8823786734912257e-08
3.164718690717228e-08
3.417989059954537e-08
3.6159352227012254e-08
3.7278201698259206e-08
3.722867014180955e-08
3.575835673928e-08
3.2764042896584866e-08
2.8367830637523085e-08
2.295798998656337e-08
1.715595301127831e-08
1.1671964215703756e-08
7.116344560353457e-09
3.819004705361049e-09
1.7671359371876054e-09
6.889658189494291e-10
2.204131082653452e-10
5.613729075621499e-11
