7.296841720882329e-16
1.0997805554667359e-15
1.6566698762319508e-15
2.4939873236646705e-15
3.751861310283303e-15
5.639687145454498e-15
8.469838570031076e-15
1.2707449862547134e-14
1.9043592199396197e-14
2.850256949111523e-14
4.259835589495142e-14
6.3561504274686e-14
9.466666199456697e-14
1.4070059614629353e-13
2.086274094516368e-13
3.0852179464728347e-13
4.548617423403153e-13
6.682976917553794e-13
9.780065216999518e-13
1.4247745049326868e-12
2.0648628616607313e-12
2.974610850089475e-12
4.255605961003323e-12
6.039485395364721e-12
8.491386525606544e-12
1.1809283660715591e-11
1.6215383454973264e-11
2.1935871542331393e-11
2.915980634227929e-11
3.797818265658834e-11
4.829907512468594e-11
5.975385357884221e-11
7.163838827912941e-11
8.292087699992919e-11
9.241958054109136e-11
9.91415983216465e-11
1.0274342359792958e-10
1.0392507171976046e-10
1.044467676072741e-10
1.0667742059351787e-10
1.1276762585164834e-10
1.239346644178084e-10
1.403057277614982e-10
1.6131392659805258e-10
1.863160105126883e-10
2.149649047188965e-10
2.472565968296505e-10
2.834048611766166e-10
3.2374055702048465e-10
3.6866977915015183e-10
4.186841816342005e-10
4.743866559862092e-10
5.365221996736543e-10
6.060239880726761e-10
6.840519822751241e-10
7.720501229236913e-10
8.717946692838574e-10
9.854630546520666e-10
1.1156862601001844e-09
1.265632138426167e-09
1.4390763189213756e-09
1.6404842481348504e-09
1.8751374914979414e-09
2.149214288102846e-09
2.4699758874558665e-09
2.8459020349111413e-09
3.2869078125652245e-09
3.80457495438128e-09
4.412398417587956e-09
5.126076856757148e-09
5.963783989560578e-09
6.94639931929621e-09
8.097704957077583e-09
9.444309350791887e-09
1.101540203737132e-08
1.284196010004457e-08
1.4955032569491664e-08
1.738343778727503e-08
2.014873928379477e-08
2.3259232330118354e-08
2.6700141301117565e-08
3.041975373454459e-08
3.4315845348077577e-08
3.82141474458832e-08
4.185771115264354e-08
4.489970574747044e-08
4.691730131417908e-08
4.746655363806458e-08
4.615807952786222e-08
4.278754631881479e-08
3.7450789597453946e-08
3.061520657392399e-08
2.3090779816347386e-08
1.5843404767018924e-08
9.73456859733676e-09
5.260878598619997e-09
2.4498564371588504e-09
9.60655530482254e-10
3.089348663752154e-10
7.905462444653179e-11

