2.868733391012865e-13
4.330367490289869e-13
6.534099468731565e-13
9.854778331715269e-13
1.4855189627670478e-12
2.2379233048024767e-12
3.3690515145406745e-12
5.0678054572617004e-12
7.616025044617368e-12
1.1433302231989945e-11
1.7142685998609533e-11
2.5666517018383006e-11
3.836554403511379e-11
5.723876956069647e-11
8.520899385353953e-11
1.2652524118949192e-10
1.8732225382071912e-10
2.763886089159244e-10
4.061892398705776e-10
5.942038090612143e-10
8.645957111150856e-10
1.2501752956991138e-09
1.7945571906143933e-09
2.5540329397032572e-09
3.5986610022420035e-09
5.011207313494068e-09
6.88207190609901e-09
9.298431578111476e-09
1.2323193931357303e-08
1.5964424860118398e-08
2.0133390069105727e-08
2.4598587775631145e-08
2.8956731572169316e-08
3.263527018212666e-08
3.497550259130727e-08
3.539049782724254e-08
3.358389541772315e-08
2.9736927295174353e-08
2.4533157177863104e-08
1.896155911223864e-08
1.3951644456436034e-08
1.0043002586307167e-08
7.295638125671928e-09
5.445564204281968e-09
4.162030395802004e-09
3.2085453651887345e-09
2.4655850647062295e-09
1.8810779224141826e-09
1.4263677001508207e-09
1.077639655663986e-09
8.128821811365488e-10
6.128400759234504e-10
4.6187569675627413e-10
3.4782557533483973e-10
2.6156071575578594e-10
1.9627486078794612e-10
1.4689335838915346e-10
1.0959541975028833e-10
8.14815174675782e-11
6.033975867074389e-11
4.448146703776801e-11
3.26190222279744e-11
2.3773945444353336e-11
1.7203113210013096e-11
1.2343793981048561e-11
8.769780661065295e-12
6.15835959067513e-12
4.2657106183996124e-12
2.907281515092823e-12
1.9439253563773427e-12
1.2706995202148603e-12
8.085868825843511e-13
4.983819105272747e-13
2.957269887274845e-13
1.6771851899435172e-13
9.013282242106399e-14
4.542394646624275e-14
2.120982298433461e-14
9.042358649280855e-15
3.4607122552691295e-15
1.1656339620293942e-15
3.374306373633091e-16
8.17235721052392e-17
1.6063080211534737e-17
2.468880774106129e-18
2.834772791276276e-19
2.3435277988283717e-20
1.3283739891018393e-21
4.560767626189037e-23
9.371311451976739e-25
1.31697954630252e-26
6.498534106286274e-29
7.876464295459596e-32
6.551063976006503e-34
2.399039322608058e-34
2.506618947201396e-34
2.9674625524903987e-34
3.431922306409892e-34
3.906603146711962e-34
4.489189734637915e-34
