8.610330590604842e-12
1.2998728052565445e-11
1.9616209214226103e-11
2.958947033257762e-11
4.461063062487635e-11
6.721795265280075e-11
1.0121366581738263e-10
1.5228458116881463e-10
2.28919991735541e-10
3.437662529443626e-10
5.156151405356124e-10
7.723078073582683e-10
1.154956467063186e-09
1.7240196451614294e-09
2.567999074264823e-09
3.81572407295999e-09
5.65347265784731e-09
8.348542124759647e-09
1.2280724454874231e-08
1.798363965913011e-08
2.6196472075451372e-08
3.7925020359677086e-08
5.4509020468801543e-08
7.768049123311877e-08
1.0959705809453388e-07
1.5280591535333072e-07
2.1007615739288286e-07
2.840413199371805e-07
3.765010012017093e-07
4.874039578100786e-07
6.13448368427949e-07
7.465438402125054e-07
8.728928879526791e-07
9.731615243834586e-07
1.0255335623009747e-06
1.0113859134822565e-06
9.229712024642333e-07
7.699216528764945e-07
5.793440452542397e-07
3.881159133073331e-07
2.2893208861516374e-07
1.1843390103692574e-07
5.466094851455452e-08
2.3941485838712018e-08
1.1161702329253569e-08
6.021124241489711e-09
3.6103191631408432e-09
2.2082309452958696e-09
1.3172346853008655e-09
7.581262303983729e-10
4.2191820414767785e-10
2.2863595976603234e-10
1.2176079547415585e-10
6.44248158772119e-11
3.419259889939981e-11
1.8317280323892144e-11
9.910208349755958e-12
5.395171998373286e-12
2.937353734786157e-12
1.590239280459495e-12
8.528805313688535e-13
4.5244019070744593e-13
2.3740868858079356e-13
1.2333532248849198e-13
6.348404246843133e-14
3.237915079552889e-14
1.634690226796723e-14
8.15279263176402e-15
4.004867227474994e-15
1.9309919088787907e-15
9.103528830407227e-16
4.1790104503018887e-16
1.8596220244306142e-16
7.98046488369499e-17
3.283111967211224e-17
1.2855166299101742e-17
4.748564047417476e-18
1.6375228149768654e-18
5.203780843664932e-19
1.5007493824621574e-19
3.8565353653189444e-20
8.638642211850811e-21
1.6443580187519742e-21
2.5796192485396704e-22
3.2196670697209574e-23
3.0682438310489064e-24
2.127289820594407e-25
1.0159967640108931e-26
3.139064846688567e-28
5.836797039845634e-30
7.00034210017265e-32
4.632254283252864e-33
4.131333196911944e-33
5.943168238224671e-33
6.652741180297433e-33
7.308178491897046e-33
8.535175538418244e-33
9.839028603710789e-33
1.1243161210996986e-32
1.2914937996140153e-32

