3.780564252819142e-12
5.707333788572919e-12
8.612762564171211e-12
1.2991485728365558e-11
1.9586344552000008e-11
2.951159922702696e-11
4.443630673742665e-11
6.685668195317462e-11
1.0049888954820735e-10
1.5091340318623044e-10
2.2634735309811403e-10
3.390184078454942e-10
5.06966436418787e-10
7.567176928643604e-10
1.1270979508055824e-09
1.674617335949052e-09
2.480973428653199e-09
3.663377792418295e-09
5.388341085832972e-09
7.889769196503464e-09
1.1491604387538705e-08
1.663453197879843e-08
2.3905417573802474e-08
3.40628161530645e-08
4.8051557608800464e-08
6.698709027658854e-08
9.208254173786183e-08
1.244932008217947e-07
1.6501299112270357e-07
2.1363267847084355e-07
2.68932024458949e-07
3.2741221293008476e-07
3.8309486777868125e-07
4.275922879691706e-07
4.514207001024089e-07
4.4644551896901403e-07
4.0919945553713363e-07
3.4369531646398584e-07
2.6150405873692444e-07
1.7846730489259906e-07
1.0872456266825956e-07
5.959702771914984e-08
3.045167013772695e-08
1.5602561002168388e-08
8.68376116594669e-09
5.3239391535549905e-09
3.4125494574020083e-09
2.1758816761661715e-09
1.3534239325751729e-09
8.200876356516605e-10
4.867517425451359e-10
2.851684034706843e-10
1.6624036931842867e-10
9.704015389971267e-11
5.692807020614335e-11
3.355965749764648e-11
1.9830474407133186e-11
1.1701394054787015e-11
6.873137011336691e-12
4.009926860083375e-12
2.321826883287679e-12
1.3340986073617327e-12
7.608478299981325e-13
4.306267738913827e-13
2.4172744190072733e-13
1.3440056761938497e-13
7.387698516737388e-14
4.00542157592597e-14
2.1362785383174645e-14
1.1175202535486973e-14
5.714897223604024e-15
2.8461305894247656e-15
1.3743173260679651e-15
6.399919329726633e-16
2.8560117119324366e-16
1.2120440951246813e-16
4.846194701562541e-17
1.8057761959775095e-17
6.187851048184184e-18
1.919551185322787e-18
5.289788324409069e-19
1.2671697627452889e-19
2.5722168013976725e-20
4.274974943061655e-21
5.632905941820491e-22
5.714936181780347e-23
4.118604901031896e-24
1.9668080997877349e-25
6.985889184764565e-27
1.4423684506825056e-28
8.53634506007619e-31
8.839681724938826e-33
2.4211334364735442e-33
2.4643876028623363e-33
2.841675049135175e-33
3.288390353284066e-33
3.763979566793128e-33
4.318542350244797e-33
4.962553113761121e-33
5.697295191530064e-33

