1.5979108789760584e-12
2.412243241258021e-12
3.6401645013121955e-12
5.490687254392875e-12
8.277688438030465e-12
1.2471952739468016e-11
1.877861978086312e-11
2.825219700128688e-11
4.246662385206962e-11
6.376617475472031e-11
9.563363572623486e-11
1.4322782275842324e-10
2.1416468957925626e-10
3.1964083343687214e-10
4.760409681872896e-10
7.07207030176888e-10
1.047598455218737e-09
1.5466394232997916e-09
2.2745186435188473e-09
3.3297981284214205e-09
4.848925998625613e-09
7.017450009823669e-09
1.0082368013653963e-08
1.4362830055164941e-08
2.0256272979913742e-08
2.8231936481794194e-08
3.880055591500172e-08
5.24497194170985e-08
6.951792112434843e-08
9.001135241856606e-08
1.1335200920700974e-07
1.3810125133554952e-07
1.6179203344477696e-07
1.8095513161282198e-07
1.9165371645263347e-07
1.904825700302281e-07
1.7592986306711118e-07
1.495340785556053e-07
1.1594275170345508e-07
8.159145532985881e-08
5.229147159140572e-08
3.11384573408937e-08
1.8022355121230166e-08
1.0766041353512172e-08
6.875610105306839e-09
4.617957805839858e-09
3.1405028326470624e-09
2.110084501228345e-09
1.3920596611564777e-09
9.041987580928616e-10
5.815906070319638e-10
3.7246934941909267e-10
2.3855387961312435e-10
1.5307130766853493e-10
9.841039006713365e-11
6.328369100201768e-11
4.062395950965415e-11
2.5982982026762427e-11
1.6539604988533044e-11
1.0471388099676374e-11
6.5920146367255515e-12
4.125060965189638e-12
2.5646705981170334e-12
1.582821356740938e-12
9.685116607624775e-13
5.866381902461472e-13
3.510954617534921e-13
2.0718490365969006e-13
1.2025686404550275e-13
6.846469994932392e-14
3.810696998426539e-14
2.065430301348673e-14
1.0851378913511525e-14
5.495115186064003e-15
2.6643919815553445e-15
1.2271208451103391e-15
5.3168834992413e-16
2.1429705385437745e-16
7.925248642574066e-17
2.646422019349199e-17
7.827557464199919e-18
2.0051238466275813e-18
4.333851770007669e-19
7.650802967158205e-20
1.0657267773421664e-20
1.1288196003389938e-21
8.560116728205348e-23
4.3768223667866584e-24
1.5137984213472445e-25
3.0889434548632797e-27
2.705652117724583e-29
1.7426795797338895e-31
3.110546345885078e-33
9.065453618176987e-34
1.116192038772978e-33
1.4831868801295769e-33
1.6041391425857374e-33
1.8172593956725805e-33
2.120011701450022e-33
2.4302337577512515e-33

