9.419001965974537e-13
1.4218900062115037e-12
2.1456426732726187e-12
3.2363340100480526e-12
4.878929349007566e-12
7.35084242889368e-12
1.106755480122659e-11
1.6650354752123688e-11
2.5026485172433715e-11
3.757687270245808e-11
5.6352865659637755e-11
8.439259247952113e-11
1.2618057570661221e-10
1.883086284795712e-10
2.804211505124742e-10
4.1654901522252475e-10
6.16966576680778e-10
9.107449804993908e-10
1.339156840923768e-09
1.960140416235679e-09
2.8538774013948797e-09
4.129364323453118e-09
5.93164569148375e-09
8.448082684858296e-09
1.1911956399472519e-08
1.6598719586304604e-08
2.2808407184805432e-08
3.08281007695919e-08
4.0858897777345594e-08
5.2909724545074675e-08
6.665141897198447e-08
8.125668028363384e-08
9.530204387486086e-08
1.0678159050240722e-07
1.1341174091556992e-07
1.1320300559536267e-07
1.0524218436103626e-07
9.035803661937562e-08
7.11682321004764e-08
5.1334226098215245e-08
3.4195035849835036e-08
2.157045177490123e-08
1.346866118827781e-08
8.715463663845235e-09
5.9380938549076536e-09
4.173980692418011e-09
2.9437630613909242e-09
2.0520650336454043e-09
1.4109012726437586e-09
9.600559326308094e-10
6.496124493573424e-10
4.3871942442258966e-10
2.9644439221769617e-10
2.004894908070093e-10
1.3562754343021882e-10
9.163738838696277e-11
6.175582120239893e-11
4.1464988017623324e-11
2.7721161232678462e-11
1.8444935478517718e-11
1.2210288733420534e-11
8.037615595401422e-12
5.2573086970862704e-12
3.41334966230879e-12
2.196979184115991e-12
1.399696721192704e-12
8.811046548855553e-13
5.469165360764377e-13
3.3393492489785424e-13
1.9999797695883066e-13
1.1710026753617483e-13
6.675797733785122e-14
3.6881521678467496e-14
1.9631942264350443e-14
1.0000210514991614e-14
4.8350914655392385e-15
2.197216349176105e-15
9.277279473657538e-16
3.588975885756591e-16
1.2514939052924354e-16
3.858264181876744e-17
1.0277012676752406e-17
2.3034500735560874e-18
4.210882482550516e-19
6.056226683292315e-20
6.5700117155488856e-21
5.131450126237705e-22
2.7349426166376707e-23
9.257578425713843e-25
1.867885932416618e-26
2.1322044165279357e-28
1.1578916050332413e-30
4.5667702540486586e-33
5.11484065833539e-34
6.370867124148129e-34
9.082485681122801e-34
9.524665137524829e-34
1.0719316163927694e-33
1.260347230328608e-33
1.443633917097421e-33
