9.607192634835631e-14
1.4500672448382416e-13
2.1877618247492352e-13
3.299172605522857e-13
4.972471103970389e-13
7.489728763694694e-13
1.1273144869819338e-12
1.6953614694714093e-12
2.547197255086931e-12
3.8228127753096615e-12
5.729950566016861e-12
8.57593035755512e-12
1.2813790911126385e-11
1.91084796012032e-11
2.8431280492586428e-11
4.219265921928915e-11
6.242660904603171e-11
9.204320395942975e-11
1.3516405709896333e-10
1.975604004165649e-10
2.871981172861689e-10
4.14877846096173e-10
5.949374430624483e-10
8.458647269061199e-10
1.1906633078609554e-09
1.6565420388919652e-09
2.273353045457206e-09
3.0702249217895864e-09
4.069056462278704e-09
5.275065416089982e-09
6.6638248789188006e-09
8.167067024282282e-09
9.663340925560205e-09
1.097817712831006e-08
1.1907894098858023e-08
1.2265771916193522e-08
1.1947147830288725e-08
1.0985256275706487e-08
9.562960859613218e-09
7.958172949119952e-09
6.441959149065815e-09
5.1819810672564304e-09
4.213974024719509e-09
3.4810826896319835e-09
2.904454241057576e-09
2.427517754141152e-09
2.0229280208202034e-09
1.6796151883456656e-09
1.3908869076679272e-09
1.1501417623634485e-09
9.503227988312487e-10
7.847246858439698e-10
6.474513730236339e-10
5.335659429626675e-10
4.3903305233505386e-10
3.605650688961519e-10
2.954627205378243e-10
2.414942260029194e-10
1.9679844894213384e-10
1.5982351020321565e-10
1.2927400654373253e-10
1.0406990873387162e-10
8.331453380724788e-11
6.626064990793441e-11
5.2288766404794e-11
4.088391472049792e-11
3.1617291188809374e-11
2.4133794343244348e-11
1.8136056826636847e-11
1.3376847023363715e-11
9.648459321821757e-12
6.774868325668488e-12
4.606607363956912e-12
3.0134838876124493e-12
1.8820521165951184e-12
1.111955266595287e-12
6.147075313948122e-13
3.139490834263504e-13
1.4589639692794794e-13
6.06205538045223e-14
2.2065988482016963e-14
6.870027752155926e-15
1.7805176875119102e-15
3.72302612037654e-16
6.055871488181608e-17
7.34004779718348e-18
6.3472800428841e-19
3.718692937546019e-20
1.3546578878568622e-21
2.922857233274956e-23
3.735662106800702e-25
2.0746296324801582e-27
4.08083772531612e-30
8.729620836630615e-33
1.3607196339625344e-34
7.103549876055e-35
1.0294058274569299e-34
1.260680487885401e-34
1.3413604244038305e-34
1.5513546015893297e-34

