5.376346484010426e-13
8.115921030515654e-13
1.2246644759922382e-12
1.8471374452367676e-12
2.784546985538725e-12
4.195164468688087e-12
6.3160099734316836e-12
9.501472147309036e-12
1.4280393690510905e-11
2.14402601112075e-11
3.215068308235562e-11
4.814358753989293e-11
7.197490507019971e-11
1.0740072373933242e-10
1.599150743998797e-10
2.3750840548560074e-10
3.517229295442228e-10
5.191027775269887e-10
7.63126337834048e-10
1.1167380637640408e-09
1.6255092513298753e-09
2.3513592855508883e-09
3.3766485114594767e-09
4.807726967823161e-09
6.776983508300443e-09
9.440767073005644e-09
1.2969563570746959e-08
1.7527013713518128e-08
2.322915827353143e-08
3.008520907120854e-08
3.791620892953174e-08
4.626586684581272e-08
5.434526298314183e-08
6.103935831873635e-08
6.507324628298723e-08
6.532560383612962e-08
6.125976368000609e-08
5.329131070193395e-08
4.282359463111253e-08
3.1846828132456384e-08
2.219943024734502e-08
1.491193334713122e-08
1.0038693076700237e-08
6.9872211068365106e-09
5.0450658124041334e-09
3.7077045563310218e-09
2.7211735927150757e-09
1.9777664220138205e-09
1.4236854628379828e-09
1.0182703356166154e-09
7.261063759616531e-10
5.173417991114083e-10
3.6867311585076105e-10
2.6270740275614446e-10
1.8703725861420734e-10
1.3290804751381515e-10
9.418230278550048e-11
6.651143740034094e-11
4.678853302018132e-11
3.277300566919572e-11
2.2846343267094874e-11
1.583983943922932e-11
1.0913206834610419e-11
7.463682841454537e-12
5.060614436825988e-12
3.3966809045937202e-12
2.252905389394865e-12
1.4736260396258348e-12
9.482535252278403e-13
5.985614405070159e-13
3.6936193303127196e-13
2.218990877872126e-13
1.2915571072110745e-13
7.240184169180683e-14
3.881761862386785e-14
1.9738639856590097e-14
9.42394755531384e-15
4.175096839532275e-15
1.6920225743372905e-15
6.169357704373014e-16
1.984600921636732e-16
5.5020708151506824e-17
1.2799672795824442e-17
2.4239506760299644e-18
3.6007092634380076e-19
4.0079174259317206e-20
3.221864223835202e-21
1.781009934122059e-22
5.9755913927911336e-24
1.2029776835477595e-25
1.664501706090543e-27
8.06906018115982e-30
1.0877258587942553e-32
3.5509939785126055e-34
3.7357917025106906e-34
5.173575542647165e-34
5.488858723145511e-34
6.1924757372182e-34
7.259708909295327e-34
8.317909834501634e-34

