1.4817536662346014e-13
2.2365954581213485e-13
3.374597280217173e-13
5.089238329087261e-13
7.670956459488557e-13
1.155518715195562e-12
1.73937938228321e-12
2.6161049608071403e-12
3.9310178444752824e-12
5.900403631479942e-12
8.845314455927055e-12
1.3240843076263995e-11
1.9787601845030025e-11
2.951432341552451e-11
4.3924334158559967e-11
6.520177989358086e-11
9.649803849284656e-11
1.4232446490075693e-10
2.0907455814880324e-10
3.057065327919731e-10
4.4459335574283897e-10
6.425216604008231e-10
9.217884531511639e-10
1.3111553531833256e-09
1.8464114027152283e-09
2.5698629358076848e-09
3.5278307730634255e-09
4.765275021539899e-09
6.315396734845532e-09
8.184535457506036e-09
1.0331452208186335e-08
1.2644641940210899e-08
1.4927672140682122e-08
1.6899875941257374e-08
1.823569455810287e-08
1.8640265859281575e-08
1.7955185430347735e-08
1.624911554214776e-08
1.3833826447276812e-08
1.1172826137510129e-08
8.711184007702605e-09
6.717424059133414e-09
5.238209356194492e-09
4.166914039463581e-09
3.3622005020162726e-09
2.722490753138533e-09
2.1972232149504824e-09
1.764702393022088e-09
1.4120905664728273e-09
1.12763817184366e-09
8.996181010122556e-10
7.172881333310126e-10
5.715097388479268e-10
4.548499318482078e-10
3.6142858686078065e-10
2.866132745986193e-10
2.2673649436171294e-10
1.7887088820324055e-10
1.406613292395089e-10
1.102093611974445e-10
8.598341827485682e-11
6.67495345048276e-11
5.151672141891847e-11
3.9487822019021846e-11
3.002369132166545e-11
2.2611014852012423e-11
1.6837128178067564e-11
1.2371251337436497e-11
8.946584419228896e-12
6.348878918978992e-12
4.405184272548374e-12
2.9754199954751054e-12
1.946278687898039e-12
1.2251161021237169e-12
7.365758558886118e-13
4.192190440019462e-13
2.2345287967235684e-13
1.1016532967713621e-13
4.9488683464474324e-14
1.9909625674664197e-14
7.029844408268719e-15
2.1271387670858188e-15
5.368669775357251e-16
1.0957547040039079e-16
1.7433249760188193e-17
2.068698467426742e-18
1.7577877567453916e-19
1.0167916727391071e-20
3.617699515540803e-22
7.655641577928076e-24
1.0178275560179547e-25
5.387674401628867e-28
8.654956020971375e-31
2.9861436551015203e-33
1.670288768210992e-34
1.15932838181889e-34
1.5619615926464214e-34
1.8695589489038978e-34
2.0435134388011293e-34
2.3574736477183e-34

