5.836035603951454e-12
8.810432368158397e-12
1.329564622050187e-11
2.0055304775492952e-11
3.0236241975470494e-11
4.5558741856725784e-11
6.859968966472113e-11
1.0321313882471854e-10
1.5515231545622544e-10
2.3298749954883405e-10
3.494533011602025e-10
5.23416229074826e-10
7.82734916832646e-10
1.1683758689608186e-09
1.7403048241452786e-09
2.585807558655929e-09
3.831085667629214e-09
5.657218605184327e-09
8.321476031475753e-09
1.218530110642318e-08
1.7749330827745678e-08
2.5694714321576384e-08
3.6928668108518333e-08
5.2623954648070685e-08
7.424143971828939e-08
1.0350576796531005e-07
1.4229213664846138e-07
1.9238489647517548e-07
2.5500612031451727e-07
3.3012926431264937e-07
4.1553461395496355e-07
5.057716326010367e-07
5.915378318471146e-07
6.597915000842533e-07
6.958046051617318e-07
6.86980499953263e-07
6.280268998870793e-07
5.253375893532004e-07
3.9707957635181074e-07
2.680308658066412e-07
1.6021870928262661e-07
8.493320379711408e-08
4.098903880290622e-08
1.9317936123627378e-08
9.844113456196596e-09
5.679424182750915e-09
3.523069834149351e-09
2.1959833751283527e-09
1.3335642365688178e-09
7.846475144075607e-10
4.4915995770876037e-10
2.520823432674216e-10
1.3998348438988226e-10
7.761111295054846e-11
4.324906867010365e-11
2.428642200233679e-11
1.3721184086469368e-11
7.766042995472919e-12
4.382424447237023e-12
2.456287616513411e-12
1.3647046615912348e-12
7.512163945039113e-13
4.0984149477439135e-13
2.2171614472754642e-13
1.18939845125101e-13
6.322294684454673e-14
3.32453830821783e-14
1.725430442147719e-14
8.812976019696418e-15
4.415887966557466e-15
2.1630291874198475e-15
1.0317168390586759e-15
4.771124981332506e-16
2.12803879013714e-16
9.098418501177234e-17
3.701273461999508e-17
1.4196366326252567e-17
5.079072169604142e-18
1.6729291047729223e-18
4.99470632936514e-19
1.3267046257758144e-19
3.068247847216112e-20
6.023398356296367e-21
9.70562579470859e-22
1.2424606116011016e-22
1.2249287712979179e-23
8.625495625045056e-25
4.056562942084994e-26
1.3892240119796254e-27
2.785182660817376e-29
1.865991974968178e-31
4.267153181214635e-33
2.897228822072865e-33
4.0105788359866584e-33
4.502692864666622e-33
4.971131843887844e-33
5.7946837402739934e-33
6.676869152242595e-33
7.633826134100244e-33
8.768456637282977e-33

