4.530655167301589e-14
6.837645079318002e-14
1.0314919539656611e-13
1.555288112082373e-13
2.343741697117454e-13
3.529602613988458e-13
5.31149093889935e-13
7.986075318177875e-13
1.1995547935210707e-12
1.799749796015913e-12
2.696715497943667e-12
4.034619007439516e-12
6.025819334271247e-12
8.981735263787911e-12
1.335681856840756e-11
1.9810316190256406e-11
2.9291830618509394e-11
4.3158318053326474e-11
6.332920575878544e-11
9.248858101165054e-11
1.3433631055228554e-10
1.9388272202993374e-10
2.7777192901235646e-10
3.9456580236285483e-10
5.549185958560186e-10
7.714516839077298e-10
1.0580770391710078e-09
1.428524289771035e-09
1.8934962787374363e-09
2.45653229603543e-09
3.1083311463556822e-09
3.820530865899003e-09
4.5414626065385105e-09
5.195982926639148e-09
5.69518896202549e-09
5.955672870278724e-09
5.9270811102774785e-09
5.615789913990973e-09
5.091369462724421e-09
4.46472840635774e-09
3.847296695715299e-09
3.3107445382779486e-09
2.8746661620970888e-09
2.5210443077465245e-09
2.222476044786159e-09
1.9596441002439303e-09
1.7242161028743203e-09
1.5137927997956259e-09
1.3270836211906514e-09
1.1624274385038624e-09
1.017586332999116e-09
8.902307230885716e-10
7.78172245567407e-10
6.794899207184547e-10
5.925332616468995e-10
5.158880761117027e-10
4.4832502448551373e-10
3.887708144762651e-10
3.362760181533857e-10
2.900059424701327e-10
2.492252401735211e-10
2.1328669106437976e-10
1.816277299313561e-10
1.537535814721245e-10
1.2923745311955632e-10
1.0771013582183053e-10
8.885234157498362e-11
7.239668377141374e-11
5.811251963108463e-11
4.580981756856176e-11
3.532821653298686e-11
2.6528609226874674e-11
1.9289525899500053e-11
1.3488625443679298e-11
8.99818893799257e-12
5.671727322223677e-12
3.339530523937155e-12
1.8128118511330105e-12
8.931479688313846e-13
3.923067977199436e-13
1.5047028686242576e-13
4.919779183810049e-14
1.3344074648342718e-14
2.9084134836987396e-15
4.914034726430029e-16
6.176574596530861e-17
5.505005137990393e-18
3.2975439639684787e-19
1.2506145532873282e-20
2.7896759285577084e-22
3.3401317906869575e-24
2.0117198233602857e-26
5.563883065220387e-29
5.488525961677326e-32
1.029065750493042e-34
3.1641971911712873e-35
5.044672794335611e-35
6.411735806646566e-35
6.532036676172642e-35
7.584567325748477e-35

