7.18320998878877e-14
1.084162463858558e-13
1.6356417001488004e-13
2.4664511828172613e-13
3.7172024119677663e-13
5.59864863467005e-13
8.426198639264001e-13
1.2671097703294015e-12
1.9035976954128776e-12
2.8566107965515155e-12
4.281230175943272e-12
6.4068151824205205e-12
9.571385023396812e-12
1.4270914550384212e-11
2.1229624574075087e-11
3.1498810537523125e-11
4.659390016913085e-11
6.868209349222585e-11
1.0083142760015778e-10
1.4733580494840353e-10
2.1411910479265185e-10
3.0920961224421527e-10
4.4326057261524874e-10
6.300052752825371e-10
8.865315041985181e-10
1.2330611637808328e-09
1.6918167239636509e-09
2.2845699592325984e-09
3.0279072222024587e-09
3.926349555241217e-09
4.9629153226729575e-09
6.0887842656338135e-09
7.216403819981861e-09
8.219463376698464e-09
8.949791236701698e-09
9.270373598072225e-09
9.102164749561124e-09
8.46426923993121e-09
7.483332999864298e-09
6.3551141602598095e-09
5.272686449046137e-09
4.357389237734288e-09
3.6380950873188383e-09
3.0780708601474458e-09
2.6246096582598364e-09
2.240063725734913e-09
1.9068199222869822e-09
1.6182917352680501e-09
1.370527341096454e-09
1.159357898745499e-09
9.800358924191875e-10
8.279157458800913e-10
6.988143469568998e-10
5.891621447243626e-10
4.959807877470086e-10
4.167925045280786e-10
3.495156396054251e-10
2.923905430786436e-10
2.4391545079185656e-10
2.028110251098068e-10
1.6798593921553317e-10
1.3851028570856746e-10
1.1359637349383132e-10
9.257311624056748e-11
7.487336902597945e-11
6.001627879479784e-11
4.759341780742055e-11
3.7261318983439225e-11
2.872641289724828e-11
2.1740948013381758e-11
1.609258595616365e-11
1.1596737074383849e-11
8.092176431582401e-12
5.431639384618209e-12
3.4796781476140207e-12
2.107842617616821e-12
1.1939530350141667e-12
6.243032062997236e-13
2.9674235099918793e-13
1.2597072177673676e-13
4.678923356664491e-14
1.4845315043321864e-14
3.9156457365280224e-15
8.319636242388774e-16
1.3732432292198787e-16
1.6879519920629394e-17
1.4767086104165168e-18
8.725121807809654e-20
3.2284806436451034e-21
7.056191241690288e-23
8.786705599864003e-25
5.037472091078456e-27
1.1333349237601189e-29
1.7830097202180943e-32
1.202307002321133e-34
5.157430338450128e-35
7.798660622738525e-35
9.696345148307124e-35
1.0135569459397455e-34
1.174145272789818e-34
