2.5415830545693443e-14
3.835311439958938e-14
5.78500733699298e-14
8.721380667607428e-14
1.3140498496183113e-13
1.9785450689938162e-13
2.9767599568403754e-13
4.4746181284614927e-13
6.719307609703031e-13
1.00782167253928e-12
1.509585266101459e-12
2.2576591536456396e-12
3.3704369455143035e-12
5.021392502158157e-12
7.463441359619156e-12
1.1063106268703355e-11
1.6347775182930965e-11
2.4070216502303378e-11
3.529398152265035e-11
5.1504551068182365e-11
7.474720961605587e-11
1.0778879604974337e-10
1.5429528647280768e-10
2.1898902355198545e-10
3.0774845690058786e-10
4.275495434532134e-10
5.86117371361704e-10
7.911581515798651e-10
1.0488744601993186e-09
1.3618016056829778e-09
1.7258348979830317e-09
2.126968806433882e-09
2.5389983145836366e-09
2.9233201805687e-09
3.2336965737995614e-09
3.425908559973506e-09
3.4717551478018136e-09
3.3710844253608225e-09
3.155696880889873e-09
2.878720105468224e-09
2.5948420605042317e-09
2.340082472348068e-09
2.1255643438579536e-09
1.9440023616023817e-09
1.7834989557332548e-09
1.6358843437997264e-09
1.4981729196004068e-09
1.3701245473052435e-09
1.251839997141878e-09
1.1431189555193264e-09
1.0433409652641774e-09
9.5175420751895e-10
8.675975263448837e-10
7.90181697552472e-10
7.188974744115915e-10
6.532076082140071e-10
5.926246889048173e-10
5.36706729600683e-10
4.850414541875281e-10
4.3725169593097696e-10
3.9299035736474935e-10
3.5193721265300956e-10
3.1380825810685647e-10
2.7834204991575323e-10
2.4531395139478313e-10
2.1453245130322671e-10
1.8583814597468344e-10
1.5912431016445525e-10
1.3431999753536373e-10
1.1141567952683546e-10
9.045461441942671e-11
7.152626414925777e-11
5.4768465334087355e-11
4.0319990315794504e-11
2.830039509389897e-11
1.8750828409689926e-11
1.158995856137247e-11
6.59339641977229e-12
3.397607500289366e-12
1.5573338099229313e-12
6.217636703865675e-13
2.1106399619295477e-13
5.927910838013127e-14
1.3339141370569785e-14
2.3207368107580225e-15
2.9992381410405897e-16
2.7369550274867202e-17
1.6696630308462344e-18
6.519136880288781e-20
1.490101135989731e-21
1.7196338644524813e-23
1.092497524674261e-25
3.7416050871054357e-28
2.299652711965159e-31
1.1012877454754005e-34
1.8559302529675623e-35
2.951307860592347e-35
3.783892627030885e-35
3.8159435098217614e-35
4.434825973885953e-35

