1.7150797000869656e-14
2.5878433296461527e-14
3.902948741793798e-14
5.883277181763692e-14
8.863062824497683e-14
1.3342825733241538e-13
2.0070889985024793e-13
3.0164065148922337e-13
4.5285443179604484e-13
6.790567989785745e-13
1.0168465572921128e-12
1.5202588551997017e-12
2.2687769566637596e-12
3.3787834101124363e-12
5.019833742709609e-12
7.437453688308372e-12
1.0984636713276507e-11
1.6164791346327587e-11
2.368853154441162e-11
3.454750828946619e-11
5.0105929166344293e-11
7.220793954158376e-11
1.0329562691724559e-10
1.4651424720267848e-10
2.0578070265860362e-10
2.857502531809744e-10
3.915974432713938e-10
5.285273777290949e-10
7.008290174827406e-10
9.104927360044337e-10
1.1553083640848505e-09
1.4267765825277334e-09
1.7086016891843519e-09
1.976512688285418e-09
2.2011606534368516e-09
2.3541002279289473e-09
2.4165449036135595e-09
2.386891285414201e-09
2.2834257788785198e-09
2.137869172513588e-09
1.983427409438879e-09
1.8422304353637737e-09
1.7214881703739834e-09
1.6171905110450396e-09
1.5225556826450595e-09
1.4330152881929292e-09
1.3471259162251676e-09
1.265084917312246e-09
1.1872381251423672e-09
1.1137176640835852e-09
1.044355800251408e-09
9.788788163059429e-10
9.169813048928352e-10
8.583808935826049e-10
8.028237539292621e-10
7.500813543365595e-10
6.99935889781229e-10
6.521813388311169e-10
6.066105379236432e-10
5.630231531483659e-10
5.21221985038927e-10
4.810096130296608e-10
4.4220296948856113e-10
4.0461683066125117e-10
3.680865586264555e-10
3.32467800461907e-10
2.9763968253303025e-10
2.6354732009496947e-10
2.3018554463372653e-10
1.9765927360964191e-10
1.6619002379761575e-10
1.3612753615642202e-10
1.0797860319828191e-10
8.233328809983514e-11
5.982864037731743e-11
4.101085302520887e-11
2.6200627724731755e-11
1.538778953734817e-11
8.174766784187904e-12
3.856938500289008e-12
1.5823860136411742e-12
5.510199588422837e-13
1.5846975483749582e-13
3.644620659165893e-14
6.469460586978593e-15
8.518603488287125e-16
7.90339043734038e-17
4.890193733956904e-18
1.9413373602634488e-19
4.502112684400785e-21
5.1729026252257944e-23
3.3590609840180726e-25
1.2328277684386596e-27
6.613156004793682e-31
1.8780039340072945e-34
1.490823301038059e-35
2.0685969035648876e-35
2.5788979285403505e-35
2.687226757858456e-35
3.1138871617990907e-35

