1.0915593551866122e-14
1.6467981580051666e-14
2.483285323584703e-14
3.7426187728637714e-14
5.637061370976484e-14
8.484348391309273e-14
1.2759305147866227e-13
1.9170205843470633e-13
2.8771176568800916e-13
4.312722844024409e-13
6.45550835322256e-13
9.647262878308894e-13
1.4390332045813223e-12
2.1419622782293692e-12
3.1804796659309614e-12
4.709322978718906e-12
6.950725963786587e-12
1.0221274282302791e-11
1.4967373978971758e-11
2.1811309157266315e-11
3.1608296726659046e-11
4.551346333272714e-11
6.505557760065009e-11
9.220345708856351e-11
1.294106560915677e-10
1.7959941729423236e-10
2.460339661258616e-10
3.320326400977659e-10
4.4040805189934145e-10
5.726468719985658e-10
7.277789462664768e-10
9.011334046741577e-10
1.0834155116349316e-09
1.2605637743055686e-09
1.4153662652810167e-09
1.5308827546730527e-09
1.5955079505130341e-09
1.6073219579016353e-09
1.5758279131809734e-09
1.518333800849896e-09
1.4533079507173523e-09
1.3931654817918682e-09
1.3420996566878608e-09
1.2979912882995674e-09
1.2572091554805887e-09
1.217341065620114e-09
1.1777290185899528e-09
1.1386309348111273e-09
1.1003627478199932e-09
1.0631113939249475e-09
1.0268754390101843e-09
9.915837195956446e-10
9.571352675206176e-10
9.234315319706964e-10
8.903781425115643e-10
8.578822227978886e-10
8.258407731395867e-10
7.94142382406864e-10
7.626530330271328e-10
7.312219169138638e-10
6.996747146269109e-10
6.678039985773832e-10
6.353847729375077e-10
6.021464912485023e-10
5.678006832737334e-10
5.320390251078538e-10
4.945358285318745e-10
4.5502693379180544e-10
4.1329551439640655e-10
3.693110675424944e-10
3.232909621502896e-10
2.7579021273677895e-10
2.278437966374138e-10
1.8089985096080098e-10
1.3680425504892666e-10
9.750953238089873e-11
6.470272967890147e-11
3.941310992158511e-11
2.1681614578969396e-11
1.0573901842771877e-11
4.4756423233187815e-12
1.604734726595302e-12
4.742466253472018e-13
1.1185983135197539e-13
2.0323784561242483e-14
2.7338207961543754e-15
2.5866751018464697e-16
1.6298179781644034e-17
6.574837634228998e-19
1.5472988858850513e-20
1.8062279658354025e-22
1.1856540529546917e-24
4.3657804044650605e-27
2.413019038955716e-30
5.871134098396833e-34
1.5230364945222962e-35
1.3912378052472327e-35
1.6273832535672898e-35
1.8277102156036395e-35
2.103036155304496e-35

