8.135809320673445e-15
1.2272874577020568e-14
1.8504570643843268e-14
2.788481379923357e-14
4.199303786541244e-14
6.319275179843717e-14
9.501477400565655e-14
1.4272384468302555e-13
2.1415218930961004e-13
3.209225781028727e-13
4.802317959096661e-13
7.174365887345448e-13
1.069783140462749e-12
1.5917263187894755e-12
2.3624721803884518e-12
3.496519286319889e-12
5.158189449826292e-12
7.581392732636937e-12
1.1095710973483645e-11
1.61602445170758e-11
2.3405528452500327e-11
3.368276674414534e-11
4.811811702749145e-11
6.816195185812372e-11
9.562281085270546e-11
1.326581585283369e-10
1.816864996392408e-10
2.451846358676597e-10
3.2529189231079476e-10
4.2322866782918387e-10
5.384933150753986e-10
6.679776636121111e-10
8.05298311553484e-10
9.406782180037136e-10
1.0620447847178323e-09
1.15739896663365e-09
1.2183444556098694e-09
1.243119710321422e-09
1.2378839768604714e-09
1.2142422689609078e-09
1.1847277546461898e-09
1.1577918623067118e-09
1.1363237988625407e-09
1.1188806903822984e-09
1.1030091560321718e-09
1.0870816260008025e-09
1.0706765106132496e-09
1.0540002796817473e-09
1.0372913012230904e-09
1.0206983570808717e-09
1.0042346593780644e-09
9.878627839827182e-10
9.715205075685615e-10
9.551427777166484e-10
9.386612672389696e-10
9.220009865845279e-10
9.050687897228754e-10
8.877534493089982e-10
8.699088999084963e-10
8.513557708451767e-10
8.318696700537548e-10
8.111626132497526e-10
7.888938452988559e-10
7.646256449192528e-10
7.378457888326799e-10
7.079542859316656e-10
6.742527913344155e-10
6.360474746875063e-10
5.926281972025438e-10
5.434864125013182e-10
4.884465766941281e-10
4.278715286619425e-10
3.6298340051829495e-10
2.9588156455392813e-10
2.2963305128309943e-10
1.678703888933045e-10
1.1415655128943467e-10
7.119689164192834e-11
4.005829059858993e-11
1.9957938077237576e-11
8.619671521736448e-12
3.1495808981732444e-12
9.473759240698001e-13
2.2716393808567552e-13
4.1907315945639657e-14
5.716129941903502e-15
5.479469740536281e-16
3.4957036746758805e-17
1.4242067595134259e-18
3.382916477883524e-20
4.0114383234299773e-22
2.6431523794476337e-24
9.57443858656199e-27
5.651312073065773e-30
1.3986560614070685e-33
1.8211487030133658e-35
1.0827657093263313e-35
1.2087243586599246e-35
1.434999118094092e-35
1.642069592031378e-35

