7.976484164091859e-14
1.2041245954274987e-13
1.8170285761712425e-13
2.740670742857679e-13
4.131688751140821e-13
6.22501340699922e-13
9.372507486584735e-13
1.4100343883037757e-12
2.1193846193299407e-12
3.1822656004489246e-12
4.772440751922786e-12
7.147289794926054e-12
1.0686781840954012e-11
1.5949542316375586e-11
2.375308865563991e-11
3.528712988025758e-11
5.227143612520958e-11
7.717312646709496e-11
1.1349680477785649e-10
1.661655510737573e-10
2.419979150559009e-10
3.50271118972836e-10
5.033428238290586e-10
7.171920001912218e-10
1.0117319990088645e-09
1.4104895589903194e-09
1.9390781764776876e-09
2.6219315319040906e-09
3.4759073378558163e-09
4.50096323351237e-09
5.667309915341775e-09
6.901282061906865e-09
8.076898184932659e-09
9.017431169346927e-09
9.523514145816365e-09
9.425385154333721e-09
8.653508860306618e-09
7.298307933238198e-09
5.6104511449741285e-09
3.929327557259825e-09
2.5538686700697608e-09
1.6331663633103238e-09
1.1437616353250604e-09
9.542651531294641e-10
9.210403491044938e-10
9.462018999072682e-10
9.827354994496489e-10
1.0137908321753506e-09
1.0342622295866402e-09
1.042311382486786e-09
1.0370575521390833e-09
1.0182458498051655e-09
9.862444347225158e-10
9.420807551418402e-10
8.873814803842152e-10
8.242870439870985e-10
7.553290456110406e-10
6.831992748564835e-10
6.106233446210051e-10
5.400909492237399e-10
4.737251083817794e-10
4.131481509022525e-10
3.593779399346425e-10
3.1286517432539977e-10
2.7349593359264113e-10
2.4074130351933446e-10
2.1372531655667573e-10
1.9145244776062193e-10
1.7284123993002004e-10
1.569242093217516e-10
1.4285688325810072e-10
1.2999989640561133e-10
1.1789958218786598e-10
1.0629253020204824e-10
9.50555546512386e-11
8.417832148802899e-11
7.37187423939559e-11
6.376988041852241e-11
5.4434944357975507e-11
4.580663144286263e-11
3.7957492071456505e-11
3.093213027217885e-11
2.4749327115925987e-11
1.940048977712931e-11
1.4857114132304934e-11
1.1074326294414166e-11
7.994866238803568e-12
5.555612249910424e-12
3.686124259097285e-12
2.3123806055210003e-12
1.3551143076706507e-12
7.311840479420566e-13
3.5722396197192054e-13
1.5491999792008427e-13
5.831367685296319e-14
1.856738988701303e-14
4.855030742231684e-15
1.008585655873056e-15
1.6028302819268682e-16
1.8658517963915524e-17

