2.7331503202240936e-14
4.125531157436236e-14
6.224735769374574e-14
9.387725471418203e-14
1.4150390047207225e-13
2.1316240281597463e-13
3.2088325338896533e-13
4.82650270207731e-13
7.252939914768286e-13
1.088757770565192e-12
1.6323537940779042e-12
2.443890640268653e-12
3.652928323505613e-12
5.449832216747118e-12
8.113018440063227e-12
1.2047394819690684e-11
1.7837881237320614e-11
2.6323013551627625e-11
3.8693160729717656e-11
5.661942119341209e-11
8.2414956349165e-11
1.1922555612101645e-10
1.712402531478406e-10
2.4387561765049074e-10
3.438849062437263e-10
4.79257016479367e-10
6.587157206969504e-10
8.906413024254097e-10
1.18095479614107e-09
1.5300298358184108e-09
1.928434128722203e-09
2.3522426655821237e-09
2.760211868184999e-09
3.094261307060099e-09
3.2886845002395205e-09
3.2873369590972453e-09
3.066904428582756e-09
2.656599556678736e-09
2.13836668832023e-09
1.6233967292622245e-09
1.2096865345879267e-09
9.459742212822759e-10
8.242084637302871e-10
8.006471856575627e-10
8.273413536669832e-10
8.712043570644804e-10
9.158011516377105e-10
9.546081944128234e-10
9.850505696685548e-10
1.0057722450231084e-09
1.015945253801574e-09
1.0152202540159888e-09
1.0037356985264162e-09
9.821783724154755e-10
9.517108635087102e-10
9.1392389256519e-10
8.70730751988247e-10
8.241770189966867e-10
7.763465909743358e-10
7.291267676706551e-10
6.841303300035098e-10
6.425279405585266e-10
6.050608274950268e-10
5.719471496491914e-10
5.430150517307754e-10
5.177236993647635e-10
4.952984944025277e-10
4.748642744940006e-10
4.5552713440373516e-10
4.3649837084025805e-10
4.171353785717247e-10
3.9699404423521095e-10
3.758115601194445e-10
3.53513601524456e-10
3.301591297688624e-10
3.0592006646386783e-10
2.810317237998073e-10
2.557698412122727e-10
2.3041675371018553e-10
2.0525291696589592e-10
1.8054672877691673e-10
1.5654642683786226e-10
1.3350169075962956e-10
1.1164650657594277e-10
9.122816172652909e-11
7.24988881106766e-11
5.570759358921183e-11
4.1098608496943077e-11
2.885718497117378e-11
1.9084753534772558e-11
1.174200590451232e-11
6.623017621098217e-12
3.3678337913335346e-12
1.5137978436509044e-12
5.882464908675761e-13
1.9266987062533475e-13
5.164428701563087e-14
1.0962439105944412e-14
1.777092181859386e-15
2.1048101060041326e-16

