3.860750785128904e-15
5.824182187587664e-15
8.781984188804834e-15
1.3234750261943292e-14
1.993294472750764e-14
3.000007305099022e-14
4.5115446853042e-14
6.778475320137059e-14
1.0173878174134144e-13
1.5251959236080414e-13
2.2833737514305117e-13
3.4131649382357374e-13
5.092986538606723e-13
7.584257125374427e-13
1.126819276042298e-12
1.6697532345793839e-12
2.4668303514831685e-12
3.6318173285323296e-12
5.325734919631281e-12
7.773997735302054e-12
1.1287857087811351e-11
1.628980000065523e-11
2.3341807295426386e-11
3.317083135666817e-11
4.6685564138646884e-11
6.496803959409627e-11
8.921722464977041e-11
1.206227328597557e-10
1.6011373770106626e-10
2.0798981941396732e-10
2.6340947688438264e-10
3.238254342784881e-10
3.846308715319081e-10
4.3919936127524903e-10
4.79940939716614e-10
5.003083495224897e-10
4.975280418924191e-10
4.749216969528538e-10
4.4198336288514987e-10
4.1166286522773197e-10
3.9543903884136356e-10
3.9907158324915346e-10
4.2168858141261707e-10
4.581669790044184e-10
5.028042208019734e-10
5.515340849617849e-10
6.021849989956337e-10
6.53719740613997e-10
7.055925069949165e-10
7.574478262550951e-10
8.090815116840925e-10
8.604589186689195e-10
9.117282334234457e-10
9.632503796300819e-10
1.01557190821305e-09
1.0694216809917108e-09
1.1256471933016023e-09
1.1851905226392045e-09
1.2489838500992893e-09
1.3179259673060912e-09
1.3927922663735313e-09
1.4741850014243419e-09
1.5625271631242392e-09
1.6579921943939903e-09
1.7605545977857137e-09
1.8699548812285634e-09
1.98574071938786e-09
2.1072577667851715e-09
2.233665471077334e-09
2.3639048025002613e-09
2.496677019631519e-09
2.630363736349589e-09
2.762977714935455e-09
2.8920275799010638e-09
3.0144555564240238e-09
3.126525757000698e-09
3.223702959193196e-09
3.300720570068777e-09
3.3514248960215536e-09
3.3690512313709828e-09
3.3464036728696678e-09
3.276189057900738e-09
3.1520835785770975e-09
2.9692726645702596e-09
2.726361734461128e-09
2.4267453190145412e-09
2.0800231898027e-09
1.7033695751489715e-09
1.3201210523223845e-09
9.576549180533732e-10
6.419787188900549e-10
3.918129089029443e-10
2.140814155617561e-10
1.0269065399214119e-10
4.2305671257013665e-11
1.4599009404821826e-11
4.099820523903037e-12
9.071811447944985e-13
1.5248095444500816e-13
1.8649391167533635e-14

