5.483624036916723e-14
8.277833559143157e-14
1.249092705103377e-13
1.8839779474675769e-13
2.8400814202043234e-13
4.2788369631927125e-13
6.442008753285959e-13
9.691095917864736e-13
1.4565588480152033e-12
2.186890030104397e-12
3.279444821638646e-12
4.910969803169034e-12
7.342358581135015e-12
1.095711542564716e-11
1.631638788572372e-11
2.4236660814352314e-11
3.589799141678277e-11
5.299294965411298e-11
7.792545885346482e-11
1.1407186156248074e-10
1.6610774500883113e-10
2.403938707706375e-10
3.454023513930264e-10
4.920879351742676e-10
6.941041898633906e-10
9.675874528144843e-10
1.3301189018748452e-09
1.7985001353034597e-09
2.384395466618221e-09
3.087977411683957e-09
3.889169483912415e-09
4.7380132495779e-09
5.5488999889011455e-09
6.201620255278663e-09
6.560465467032537e-09
6.509770422828882e-09
6.00197659955384e-09
5.0982925704513195e-09
3.968949718472475e-09
2.8445678075334816e-09
1.9283061882160156e-09
1.3214081732863474e-09
1.0077195335941772e-09
8.975639296807164e-10
8.928403679623989e-10
9.264745142680377e-10
9.659585440645665e-10
9.993052281093956e-10
1.0225680552016694e-09
1.0341085736973076e-09
1.0330613092961332e-09
1.0191396192126734e-09
9.926415584056771e-10
9.544956911320647e-10
9.061958304823794e-10
8.497264065144533e-10
7.87447519467726e-10
7.218686842004968e-10
6.555409996892386e-10
5.907868315586453e-10
5.29592619841409e-10
4.734579132425912e-10
4.23332194397336e-10
3.796058378554823e-10
3.421600551861128e-10
3.1047281380086847e-10
2.837094964106659e-10
2.6092384548809817e-10
2.411040171031898e-10
2.2335150541308476e-10
2.0689937684469733e-10
1.9118562144415154e-10
1.7583286793832216e-10
1.606544482058492e-10
1.4560053339770514e-10
1.3073255195142653e-10
1.1617619480786454e-10
1.0208910987440985e-10
8.863372242589635e-11
7.595740009906548e-11
6.418237134215183e-11
5.3397006841265794e-11
4.3661291366057926e-11
3.500223593312674e-11
2.7425396185942667e-11
2.0916715217782423e-11
1.5445312385074102e-11
1.0970057554965972e-11
7.431425456460902e-12
4.753340820806074e-12
2.83584190367805e-12
1.555201326196808e-12
7.709608206213039e-13
3.3870914964886773e-13
1.2896127277908227e-13
4.1478685490341184e-14
1.094150457035616e-14
2.2901945078441558e-15
3.665368016347651e-16
4.2929800187631677e-17

