5.110355777672523e-15
7.710286185041746e-15
1.1627615931166677e-14
1.752601080064422e-14
2.640069917383053e-14
3.9742099509892367e-14
5.977873377625448e-14
8.983702738635716e-14
1.3487182608735984e-13
2.02246762654338e-13
3.02875708107286e-13
4.528837356444833e-13
6.760123604991029e-13
1.0070670918154683e-12
1.4968324367460679e-12
2.2189858678362456e-12
3.2796967419820123e-12
4.8307894599210455e-12
7.087270980271034e-12
1.0350289482743674e-11
1.5035856890570015e-11
2.1708847860332466e-11
3.112077024221686e-11
4.424361235239746e-11
6.229167429883578e-11
8.67089471294286e-11
1.190908288549316e-10
1.6101042245796743e-10
2.1367425803233654e-10
2.7741693983146234e-10
3.510016633076102e-10
4.3084842100064024e-10
5.105537336744375e-10
5.809492371207358e-10
6.315574467979306e-10
6.533479265311789e-10
6.424858008347815e-10
6.035154173076073e-10
5.494529750026028e-10
4.980472744057694e-10
4.650039257149265e-10
4.5815784963217986e-10
4.762282692729818e-10
5.12109883004669e-10
5.579186521392566e-10
6.080388463071273e-10
6.5946563860565e-10
7.107544143906382e-10
7.611233628244317e-10
8.100360713511836e-10
8.57135729318046e-10
9.022650872683671e-10
9.454777455198306e-10
9.870758304399721e-10
1.0275718717341584e-09
1.0676840906528552e-09
1.1082608231208478e-09
1.1502416121533615e-09
1.1945434162694593e-09
1.2420184751972128e-09
1.2933589770894595e-09
1.349032008923065e-09
1.4092823949333478e-09
1.4740516297991464e-09
1.543052246553526e-09
1.615737114347473e-09
1.6913685154425454e-09
1.7690297724765517e-09
1.8476742007717882e-09
1.9261226660325325e-09
2.00307999808094e-09
2.077100261695178e-09
2.1465714083397404e-09
2.209648115785884e-09
2.2642268183409967e-09
2.307902102821257e-09
2.3379117287381867e-09
2.351227750371907e-09
2.3444851782653564e-09
2.3142137825738865e-09
2.2569810619046445e-09
2.169619511961423e-09
2.0498846389678068e-09
1.8967038559406985e-09
1.7112185490167783e-09
1.4973843367923325e-09
1.2625235841265844e-09
1.0178330665945717e-09
7.772534523974047e-10
5.561150210060224e-10
3.6807364115070644e-10
2.2203145792633014e-10
1.2003234194642356e-10
5.702691275279535e-11
2.3291730676022388e-11
7.97589063782997e-12
2.2244728776503482e-12
4.891894428778219e-13
8.178310067987645e-14
9.954758762954315e-15
