7.933127426360197e-15
1.1971178241822337e-14
1.805671322694508e-14
2.7222123195523924e-14
4.1016188835708726e-14
6.175931991617148e-14
9.292272076891808e-14
1.3969040456012455e-13
2.097885089134353e-13
3.147061725547133e-13
4.714828838308548e-13
7.053116636421617e-13
1.0533123457038634e-12
1.5699452478027876e-12
2.3347368986060597e-12
3.4631586545532613e-12
5.121743987531939e-12
7.548838474446761e-12
1.1082248215258641e-11
1.6195476686585098e-11
2.3543062372434216e-11
3.401420005741597e-11
4.879219566410342e-11
6.940730203088501e-11
9.776983340999225e-11
1.3614727577118167e-10
1.8703477371803179e-10
2.528709977589462e-10
3.3547720236639525e-10
4.3523556106419516e-10
5.499534087829868e-10
6.736111345250807e-10
7.95590839854762e-10
9.007816728724678e-10
9.719724917261789e-10
9.94359863244652e-10
9.616705191331789e-10
8.813551522469293e-10
7.747082911712218e-10
6.707371621933432e-10
5.950631524704959e-10
5.604131282065552e-10
5.646038308453778e-10
5.959746022958713e-10
6.416433487125606e-10
6.924970978530315e-10
7.437233700999535e-10
7.930774173748347e-10
8.393822033351113e-10
8.818372448990487e-10
9.198850243749688e-10
9.532311708306451e-10
9.818533471436845e-10
1.0060519502310864e-09
1.0263958951400978e-09
1.0437140073119906e-09
1.059005008512498e-09
1.0733671474809386e-09
1.0878802507770084e-09
1.103522901453158e-09
1.1210781061686757e-09
1.141039019019349e-09
1.1636296029345418e-09
1.1887056527291815e-09
1.2158676116922262e-09
1.2444351649660334e-09
1.2735548574116492e-09
1.302242023991328e-09
1.3294643423488366e-09
1.3541761461131918e-09
1.3753661751296622e-09
1.3920638955954531e-09
1.4033399794676273e-09
1.4082907041385913e-09
1.4060178313845853e-09
1.3956190484858024e-09
1.3761550693629424e-09
1.3467101988276934e-09
1.3063520326616462e-09
1.2542599769633597e-09
1.1897866327722222e-09
1.1125508123011484e-09
1.0227186331251523e-09
9.210394243441359e-10
8.092279360368041e-10
6.900832846101538e-10
5.675596086005666e-10
4.4682538139543285e-10
3.33637655976878e-10
2.337510282292598e-10
1.517296189334182e-10
8.990633724826193e-11
4.782024744607882e-11
2.2387722005271838e-11
9.023992488701953e-12
3.0539151348843984e-12
8.428160693371497e-13
1.8361073953243112e-13
3.0446428839818825e-14
3.679156250098683e-15

