1.1300899456519069e-13
1.7060045954171934e-13
2.5744162172702034e-13
3.883141262050385e-13
5.854158172380105e-13
8.820414868746461e-13
1.3280605015111776e-12
1.998051732168636e-12
3.0033332383007946e-12
4.509711811081073e-12
6.76353227813085e-12
1.0129714919649037e-11
1.514704236820437e-11
2.2607706566085625e-11
3.367116224713419e-11
5.002492115689575e-11
7.410863126125939e-11
1.0942253879909641e-10
1.6093941321236563e-10
2.3564552443801156e-10
3.4321797049573646e-10
4.968243742079979e-10
7.140055741386179e-10
1.0174426981738524e-09
1.435399391155312e-09
2.001260578826228e-09
2.751353346999541e-09
3.7202891417025653e-09
4.9318464798380365e-09
6.385682829584551e-09
8.03902869454612e-09
9.786557062358114e-09
1.1448378167287307e-08
1.2772307513382744e-08
1.3473996519148625e-08
1.3311478994994043e-08
1.2185912379673162e-08
1.0226771498329909e-08
7.792173780459084e-09
5.366784606133e-09
3.377450230531489e-09
2.037183177794779e-09
1.3127995019652137e-09
1.0172477716545992e-09
9.461312174235572e-10
9.604715860781621e-10
9.93932853308009e-10
1.023213848863532e-09
1.041694536290227e-09
1.047288323024266e-09
1.0390951012889616e-09
1.016884051218001e-09
9.810753743919764e-10
9.327679332060164e-10
8.736836149079862e-10
8.060743766970705e-10
7.325920421751467e-10
6.560586192389302e-10
5.793203381063118e-10
5.049846262130711e-10
4.3526904646641677e-10
3.7187907326794354e-10
3.1587903711602633e-10
2.6775733691426627e-10
2.2740100148950893e-10
1.942688250844036e-10
1.6745310774421883e-10
1.4591331328038438e-10
1.285137797903156e-10
1.1422917471979834e-10
1.0215279668483369e-10
9.158173181548563e-11
8.200061002352553e-11
7.308346420666097e-11
6.464835159763882e-11
5.662823893373524e-11
4.9028692555392546e-11
4.18948462190634e-11
3.5287761811152394e-11
2.926398205144853e-11
2.3866166638383036e-11
1.9115916747799255e-11
1.5014093885037983e-11
1.1540455344937725e-11
8.65867987647603e-12
6.3200708119772136e-12
4.467441632269182e-12
3.0406644877771126e-12
1.977549095574035e-12
1.2174008384971227e-12
7.011177043769566e-13
3.7237707290475075e-13
1.7937985154990398e-13
7.683286511257247e-14
2.860904395816924e-14
9.023699524066152e-15
2.3405506489887265e-15
4.829211098902654e-16
7.625759993285425e-17
8.829100589816328e-18

