1.8341589733820652e-14
2.7683720075600464e-14
4.1766965773719173e-14
6.298479506201527e-14
9.492980087956118e-14
1.4298768131362993e-13
2.1522043412444317e-13
3.236767810679173e-13
4.863279765727737e-13
7.299209223280807e-13
1.0941603669567129e-12
1.6378080812618877e-12
2.447535930268553e-12
3.650645889833414e-12
5.433249409178872e-12
8.06590393723793e-12
1.1939288653911736e-11
1.761324318206518e-11
2.5882179734885845e-11
3.7860897153859827e-11
5.509197595337736e-11
7.96726675957217e-11
1.1439523807945866e-10
1.62870237024569e-10
2.2960055132952767e-10
3.1991732955215197e-10
4.3965318482878323e-10
5.944354474593439e-10
7.882975928973596e-10
1.021650807179665e-09
1.288485230676572e-09
1.5732884175320089e-09
1.849176912269672e-09
2.078197646189934e-09
2.2173398150578905e-09
2.2297806223774515e-09
2.1001223925463507e-09
1.8472976419444823e-09
1.5247461322839313e-09
1.205067133608666e-09
9.522731808792402e-10
7.981617785021218e-10
7.373634349589361e-10
7.41081717040906e-10
7.776930111075697e-10
8.252174248205595e-10
8.725302942590763e-10
9.149776805038298e-10
9.505151281156416e-10
9.779411785150705e-10
9.964743564699904e-10
1.005744351116388e-09
1.0058002816351272e-09
9.971742279467963e-10
9.808091359298184e-10
9.580275755012995e-10
9.304291063423959e-10
8.997367006186028e-10
8.676964396581023e-10
8.358871335402558e-10
8.056427569813892e-10
7.778975939995395e-10
7.532197101849498e-10
7.316960427025932e-10
7.130825902140262e-10
6.96797174641586e-10
6.820620245952929e-10
6.680028433469505e-10
6.537437016075944e-10
6.385001306197651e-10
6.216300479950729e-10
6.026741319538003e-10
5.813439200817293e-10
5.575282120413642e-10
5.31243940233125e-10
5.02621014213219e-10
4.718550107948062e-10
4.3919946387056887e-10
4.0492808596911484e-10
3.6934661596422235e-10
3.327874847851709e-10
2.956095830773048e-10
2.5824650095102406e-10
2.211808802491303e-10
1.8500303820528202e-10
1.5039598315547687e-10
1.1811460485650317e-10
8.897319387592746e-11
6.371302465675568e-11
4.291946379114426e-11
2.686093156979776e-11
1.539024084445965e-11
7.938645304854754e-12
3.6147463237439137e-12
1.4210639007897095e-12
4.702993246275238e-13
1.2723139658181216e-13
2.7229530168606984e-14
4.4460429937670185e-15
5.299575872431824e-16

