1.2245548960902293e-14
1.8481042711491494e-14
2.7879872103922644e-14
4.203818779494282e-14
6.335126673829769e-14
9.540899451019983e-14
1.4358367953585461e-13
2.1590183855195126e-13
3.243314257363457e-13
4.866780878382591e-13
7.293632594585209e-13
1.0914733524082456e-12
1.6306336879276255e-12
2.431442899252216e-12
3.617519600111171e-12
5.368479614770836e-12
7.943546916608015e-12
1.1713988139113482e-11
1.7206355973773048e-11
2.5159195548539076e-11
3.659400170128594e-11
5.289909003619842e-11
7.592245617047525e-11
1.0805374283212232e-10
1.522743901922115e-10
2.1211806368461747e-10
2.9146037325888124e-10
3.9406143338878267e-10
5.226653624223785e-10
6.77683341330176e-10
8.553751769418166e-10
1.0458460274145464e-09
1.2318232291327101e-09
1.3888399755131627e-09
1.4891079743245152e-09
1.5087841157096766e-09
1.4378267074234679e-09
1.288348934679176e-09
1.0947679420000332e-09
9.039022854490635e-10
7.570601505234704e-10
6.747452227487896e-10
6.534358238268701e-10
6.744106112873364e-10
7.170590684552316e-10
7.66934342662811e-10
8.165687662662798e-10
8.626593513547349e-10
9.036061399236129e-10
9.383841585947307e-10
9.662946985899722e-10
9.86977556867122e-10
1.000418891867467e-09
1.0070116145719153e-09
1.0074891139373698e-09
1.0029076571956023e-09
9.945477812348982e-10
9.838027616726702e-10
9.720676205814772e-10
9.606025911495169e-10
9.504474818391483e-10
9.422938420203183e-10
9.365191448085424e-10
9.3307284748046e-10
9.31618122526086e-10
9.315117508796968e-10
9.319374609220723e-10
9.319760733176622e-10
9.307026279086434e-10
9.272509121310267e-10
9.208688042384479e-10
9.109454427037058e-10
8.970069324938179e-10
8.787181466393406e-10
8.558465392034579e-10
8.282528957254176e-10
7.958509562328906e-10
7.586268208269496e-10
7.165996867508259e-10
6.698743443205517e-10
6.186539782497714e-10
5.632652781765395e-10
5.042718130368717e-10
4.4245201355418816e-10
3.7893879787206915e-10
3.1521899800517787e-10
2.5311157924659736e-10
1.9475118888583267e-10
1.4229227733654732e-10
9.768023306432625e-11
6.221560532196007e-11
3.6228565735970424e-11
1.8965775175691673e-11
8.752261627866478e-12
3.4825083838874076e-12
1.1650210421495554e-12
3.1822297700474985e-13
6.869121259002276e-14
1.129988126310939e-14
1.3558474408110094e-15

