3.2090664942114232e-15
4.840616274749621e-15
7.298147070706592e-15
1.0997275872726174e-14
1.6560942206825914e-14
2.4921520928506556e-14
3.747228992751432e-14
5.629158461839487e-14
8.447299686841324e-14
1.2661060096482252e-13
1.8950794852423092e-13
2.832086250765777e-13
4.224868801717761e-13
6.289817602659673e-13
9.342360241253122e-13
1.3839660246895513e-12
2.0439833109302715e-12
3.0083062823329307e-12
4.409953316724819e-12
6.4350715261522756e-12
9.340613094860079e-12
1.3475283362745395e-11
1.9302872017979625e-11
2.7423379589893223e-11
3.858711647157355e-11
5.3688378653948667e-11
7.372012793434467e-11
9.967185175667735e-11
1.3232600398732288e-10
1.71958375165196e-10
2.1792262441427219e-10
2.6819141462072764e-10
3.19067657099434e-10
3.6521546907459726e-10
4.005135768142359e-10
4.196803189196681e-10
4.2048692242087976e-10
4.056401318196679e-10
3.8285008671279755e-10
3.626331754263286e-10
3.543247874052621e-10
3.626354239160456e-10
3.8690833775322966e-10
4.230393531040322e-10
4.664500464348973e-10
5.13881403200635e-10
5.636081261311405e-10
6.148255739666582e-10
6.671350144806959e-10
7.203016195993317e-10
7.742282918709847e-10
8.289728131419704e-10
8.847626053094015e-10
9.420204054582633e-10
1.001344421215038e-09
1.0635061585154788e-09
1.129395540312337e-09
1.2000051618406134e-09
1.2763346496968097e-09
1.3593773450260297e-09
1.4500366916382498e-09
1.549085987627842e-09
1.6571588619234116e-09
1.7746864793557411e-09
1.9019349476853536e-09
2.0389680784092074e-09
2.1856707750227564e-09
2.341726633992107e-09
2.50660864599425e-09
2.6795246999783454e-09
2.8593635079810904e-09
3.0445744480570327e-09
3.2330814784390007e-09
3.422080454942867e-09
3.607926663279754e-09
3.785942836838657e-09
3.950210364408053e-09
4.09357900363058e-09
4.2073935409731275e-09
4.28175830108114e-09
4.305700768897274e-09
4.2675591566361076e-09
4.1564003412018294e-09
3.962844391161385e-09
3.6818558250432225e-09
3.3149778615106515e-09
2.8727828261724927e-09
2.3773178381406933e-09
1.8606676678352126e-09
1.3622246024279135e-09
9.209540643724481e-10
5.664504297820968e-10
3.1168761620017895e-10
1.5046409573741981e-10
6.234213496439563e-11
2.1623487628892258e-11
6.100346688893195e-12
1.3553932912835554e-12
2.28635654361891e-13
2.8053324056287645e-14

