2.4059511416485372e-15
3.6285905758749224e-15
5.469802570430458e-15
8.240581503235746e-15
1.240688931046465e-14
1.8665877596288045e-14
2.8058887584084943e-14
4.213857679831344e-14
6.321495433019946e-14
9.471668700339842e-14
1.4171865372298734e-13
2.117082126376902e-13
3.156927087240963e-13
4.697838882361296e-13
6.974522811193128e-13
1.0326923645630586e-12
1.524409040971847e-12
2.242422299031743e-12
3.2854532259465912e-12
4.791574315217291e-12
6.951284908218718e-12
1.0023020319372116e-11
1.4350456900226227e-11
2.0378293497519588e-11
2.8663020941452418e-11
3.986897485835976e-11
5.4736246205031185e-11
7.400750549939248e-11
9.828155819960634e-11
1.2779734943428807e-10
1.6213408577535536e-10
1.9987983369328704e-10
2.3842154776560357e-10
2.739658993402196e-10
3.0215056398324874e-10
3.1921249356641946e-10
3.2358039162132944e-10
3.172307761227176e-10
3.057430211280197e-10
2.9672394693458353e-10
2.9694559380302386e-10
3.0986661341936947e-10
3.3509517963823715e-10
3.69759951859139e-10
4.1064677232909877e-10
4.5548716017773295e-10
5.031185729115828e-10
5.53047462863476e-10
6.05086762919237e-10
6.59184923905358e-10
7.15414443745834e-10
7.73987873857459e-10
8.352751095498659e-10
8.998244724816689e-10
9.683539863331556e-10
1.0417521382373257e-09
1.1210380113781804e-09
1.207357424395062e-09
1.3019050733648153e-09
1.4059256870465871e-09
1.5206455164554854e-09
1.6472480139023921e-09
1.786865266045472e-09
1.9405301098805456e-09
2.109200664704834e-09
2.293724679440992e-09
2.4948414228375717e-09
2.713144200005379e-09
2.949032909687594e-09
3.2026252249986602e-09
3.473643064325338e-09
3.761214681664201e-09
4.063705828386982e-09
4.378368175134966e-09
4.701090956053043e-09
5.025999172974023e-09
5.344992559579287e-09
5.6475363112652e-09
5.920015947132067e-09
6.145821875683196e-09
6.305307021162408e-09
6.376120636302951e-09
6.3352628240630856e-09
6.16050303535165e-09
5.8352571960195456e-09
5.353113060518787e-09
4.723224409496292e-09
3.9759835223664005e-09
3.162324908554268e-09
2.3500993629974544e-09
1.6109155858354391e-09
1.0034272287047435e-09
5.585115219500632e-10
2.7243005065503163e-10
1.1393598260688254e-10
3.985109572689774e-11
1.1327409336836337e-11
2.5337947281892758e-12
4.299525906436135e-13
5.3035101012532216e-14
