1.6899030224437905e-15
2.5480983025627046e-15
3.84010657818426e-15
5.783789267634663e-15
8.705413582920024e-15
1.3092877472548572e-14
1.9674559073563402e-14
2.953584496308514e-14
4.4290537122304683e-14
6.633235138766724e-14
9.920180829215027e-14
1.4811864806581354e-13
2.2075060492684983e-13
3.283121811585716e-13
4.871265168971939e-13
7.208162105572219e-13
1.0633368902374969e-12
1.5631264231239103e-12
2.288620336985291e-12
3.3354662724192668e-12
4.8355524554620595e-12
6.9677295506801904e-12
9.969803501371721e-12
1.4149573121731229e-11
1.9892574047049143e-11
2.7660007901205744e-11
3.7967859398048265e-11
5.133847597944253e-11
6.820308922830982e-11
8.875764377010201e-11
1.1276229773098082e-10
1.3931969215485433e-10
1.667333604622176e-10
1.9252066002720775e-10
2.1381814268100546e-10
2.2815974509004788e-10
2.3453840295358285e-10
2.343114354313404e-10
2.3124248111185175e-10
2.3045633976423792e-10
2.365369394852938e-10
2.5187533258952824e-10
2.7630983816280457e-10
3.0803209975658656e-10
3.4500988313138197e-10
3.858450479437359e-10
4.2988621066045406e-10
4.769421355252206e-10
5.270478471060741e-10
5.803550794224801e-10
6.371328122602343e-10
6.977832743268849e-10
7.62862687312048e-10
8.331003860041647e-10
9.094031958052947e-10
9.92862500354432e-10
1.0847345555635306e-09
1.1864514767094879e-09
1.2995711733352567e-09
1.4257973680511226e-09
1.5669389955567498e-09
1.7249115021525012e-09
1.9017439963196974e-09
2.09956144119107e-09
2.3206143359161545e-09
2.5672638754813125e-09
2.8419815939869415e-09
3.147317898090008e-09
3.4858299611917786e-09
3.859971394149801e-09
4.271915544708927e-09
4.72325761235999e-09
5.214718592746933e-09
5.745542115777412e-09
6.3129688845799315e-09
6.9113902093843145e-09
7.531288922451188e-09
8.158401043069367e-09
8.772053608445241e-09
9.344455480413748e-09
9.839698238819812e-09
1.0213361298814754e-08
1.0415175305316211e-08
1.0391226230650405e-08
1.009296726011956e-08
9.487051413390533e-09
8.568261682577851e-09
7.374064490541726e-09
5.988141636263921e-09
4.536959385754355e-09
3.1658658652509182e-09
2.0044402290471067e-09
1.1323686619751356e-09
5.598227072106933e-10
2.369864636236951e-10
8.379877499449826e-11
2.4054198746165044e-11
5.428447286179316e-12
9.283623914539379e-13
1.1532197265977426e-13

