1.0221477086131047e-15
1.5406931531706434e-15
2.3210091073659524e-15
3.494333305421517e-15
5.25706678638362e-15
7.902682828573616e-15
1.1868948238782646e-14
1.7807631549684983e-14
2.668691967089422e-14
3.994150529136376e-14
5.969125709467444e-14
8.905813005266653e-14
1.326231436184818e-13
1.970786530655536e-13
2.9215427657914364e-13
4.319140135814352e-13
6.365502392958208e-13
9.348347338054045e-13
1.3673746229847064e-12
1.9908693458768972e-12
2.8834402455210074e-12
4.150971844944804e-12
5.9342314224738605e-12
8.415509077043404e-12
1.1823458038780622e-11
1.6432437763215744e-11
2.2551277145408952e-11
3.0496486957287217e-11
4.0537799776911036e-11
5.281727341441574e-11
6.723649670406548e-11
8.333175019174686e-11
1.0019353403214975e-10
1.1647341048296023e-10
1.3061015792678345e-10
1.4126644278679276e-10
1.4792496410848328e-10
1.5139811295124626e-10
1.5385582757812217e-10
1.582435080134556e-10
1.67219654918142e-10
1.822299398511209e-10
2.033048397718567e-10
2.295634247290503e-10
2.600119950389243e-10
2.940264121435245e-10
3.3142155281575714e-10
3.722964015422522e-10
4.1691139141777945e-10
4.656339153958749e-10
5.189491436041805e-10
5.774782289607898e-10
6.42004071108377e-10
7.134933566186991e-10
7.931178191146628e-10
8.822749557560396e-10
9.825985112308167e-10
1.09599348422122e-09
1.2246337759225813e-09
1.3710164642310448e-09
1.537978678672118e-09
1.728755001165139e-09
1.9470423761690856e-09
2.1970643305059094e-09
2.4836692869723993e-09
2.8124155422709095e-09
3.1896621733886e-09
3.622655319232837e-09
4.11955519021554e-09
4.689441545770215e-09
5.342208813650874e-09
6.088278352863127e-09
6.9382522307884374e-09
7.901994578358154e-09
8.987635306019069e-09
1.0199770957933216e-08
1.1536836260707978e-08
1.2988256488557975e-08
1.4529297549728829e-08
1.611669936766475e-08
1.7682753562753057e-08
1.9129834964774563e-08
2.033077910064617e-08
2.112979309839911e-08
2.136029622901846e-08
2.0870145761865516e-08
1.9560769720838046e-08
1.7436614631265272e-08
1.4634586061885027e-08
1.1433967012367839e-08
8.208331445460221e-09
5.334309404072327e-09
3.086144840500319e-09
1.5591639544003463e-09
6.73136591453077e-10
2.422941816743963e-10
7.068029789919755e-11
1.6186000610270542e-11
2.804464540624986e-12
3.5251567790186856e-13
