1.3348565439311998e-15
2.0124233065409686e-15
3.0322849154224547e-15
4.5662069216106144e-15
6.871339032564762e-15
1.0332084996256898e-14
1.5522099570942192e-14
2.3295863012500302e-14
3.492330782734181e-14
5.228723686763144e-14
7.817114652200085e-14
1.1667664463784755e-13
1.7382578860679615e-13
2.5842143669140156e-13
3.832694205085053e-13
5.668918213237357e-13
8.358979741452345e-13
1.2282257018658305e-12
1.7974483986659583e-12
2.6184075949009394e-12
3.794263041709519e-12
5.4648724280921785e-12
7.816180707526496e-12
1.1088915671134568e-11
1.5584801165773194e-11
2.1665290642493063e-11
2.973593830310645e-11
4.020970651311311e-11
5.3432769675694043e-11
6.957455972447386e-11
8.847466900155688e-11
1.0947347152588405e-10
1.313034516234156e-10
1.5209872312793363e-10
1.6970318202537168e-10
1.8226374402836518e-10
1.8903997540150317e-10
1.9109534346160382e-10
1.9133192642214383e-10
1.9369624582840064e-10
2.017321469338479e-10
2.1732168810990428e-10
2.4041023529163546e-10
2.6969394687954923e-10
3.0370440761692584e-10
3.4146297093951554e-10
3.8257025298540374e-10
4.269908438913927e-10
4.74879862902188e-10
5.265030276848541e-10
5.822427827115525e-10
6.426151099050131e-10
7.082926847824929e-10
7.801247219017403e-10
8.591496189553117e-10
9.466079126709359e-10
1.0439367498007649e-09
1.1527917365274782e-09
1.27501842790508e-09
1.412687218180364e-09
1.5680773403531256e-09
1.74370133661611e-09
1.9423338976945495e-09
2.167025849448985e-09
2.4211557527458995e-09
2.7084491297026668e-09
3.0330032452059697e-09
3.3992894612962237e-09
3.812099401518367e-09
4.276456633201907e-09
4.797434534023706e-09
5.379821836668493e-09
6.027760723257599e-09
6.743963741297256e-09
7.528953435121661e-09
8.379796703320177e-09
9.288413545670674e-09
1.023998388762162e-08
1.1210031482419642e-08
1.2162510490492089e-08
1.3047259892845731e-08
1.3798144704131011e-08
1.433547975552895e-08
1.4568345528373054e-08
1.4407447189492199e-08
1.3780801150589771e-08
1.2655886205419894e-08
1.1065868464147859e-08
9.120707863857823e-09
7.006635880758e-09
4.9520318554585356e-09
3.172269143545662e-09
1.8113517229256962e-09
9.042275922172157e-10
3.861562997767927e-10
1.3763156601460223e-10
3.979073687005837e-11
9.038231746785139e-12
1.5546334724884557e-12
1.9412590254037928e-13

