8.613063246056986e-16
1.298094094537876e-15
1.955275679459444e-15
2.9432792565080142e-15
4.427323449144816e-15
6.654222664913553e-15
9.992041628501092e-15
1.4988611545619235e-14
2.2457469544670184e-14
3.360374804054125e-14
5.0207511990269856e-14
7.488934842387377e-14
1.1149317086264686e-13
1.656323820212531e-13
2.454648348278097e-13
3.6277801553432175e-13
5.344893627595691e-13
7.8469534768856e-13
1.1473929385693752e-12
1.6700373228385772e-12
2.4179968441784052e-12
3.4798571680869213e-12
4.97338417018797e-12
7.051109909621865e-12
9.90445492065252e-12
1.3763338285010142e-11
1.8887089830520644e-11
2.5542559293862417e-11
3.395944932243265e-11
4.426386332252574e-11
5.638556792626622e-11
6.995533069661728e-11
8.423857055860875e-11
9.814095383529041e-11
1.1039400513275757e-10
1.199141193697199e-10
1.2629274412880155e-10
1.3021582343122013e-10
1.334879192753201e-10
1.385551112273391e-10
1.4763328880970673e-10
1.6194768710799966e-10
1.815667495263253e-10
2.0581536900008016e-10
2.3393178067139087e-10
2.654647161969821e-10
3.0033270413056896e-10
3.38699070543626e-10
3.8087426650241546e-10
4.2727411059305797e-10
4.784328660764671e-10
5.350224230548436e-10
5.978795313656898e-10
6.680296579500727e-10
7.467131782680089e-10
8.354112772466383e-10
9.358662671098176e-10
1.050125159780061e-09
1.1805542982438726e-09
1.3299070583270427e-09
1.5013636942559414e-09
1.698613029779271e-09
1.925946150780342e-09
2.1883606001675143e-09
2.491700993177314e-09
2.84280276401635e-09
3.249649673004552e-09
3.7215450938885228e-09
4.269234849291945e-09
4.905026717848024e-09
5.642805751094605e-09
6.497859097380843e-09
7.486635898093523e-09
8.625837129135515e-09
9.931352800443236e-09
1.141615833718102e-08
1.308701799911066e-08
1.494063253541281e-08
1.6956534171341733e-08
1.9090354714207184e-08
2.126443672550772e-08
2.3358354793311157e-08
2.5206165512476116e-08
2.659465225330051e-08
2.7284026867646155e-08
2.7040856860171455e-08
2.5692847175321978e-08
2.320135313181486e-08
1.9711555547862255e-08
1.5576624653768233e-08
1.1300788409996377e-08
7.415752244677909e-09
4.32885843439519e-09
2.2049713446493174e-09
9.590949681387364e-10
3.4758623273513845e-10
1.020288113091385e-10
2.349840573863225e-11
4.0924006441468265e-12
5.168218406421946e-13

