2.3004404835448517e-14
3.472872872056887e-14
5.240835022406308e-14
7.905342616374813e-14
1.1918481535371614e-13
1.7958420317685987e-13
2.704106749129707e-13
4.068593785472669e-13
6.116150327298009e-13
9.184731884596378e-13
1.377656795027548e-12
2.0635826945961106e-12
3.0861552846749766e-12
4.607024321461609e-12
6.862867312085818e-12
1.0198292010188079e-11
1.5111720506773745e-11
2.2318601301193887e-11
3.283589855422953e-11
4.809316031912303e-11
7.007174769856223e-11
1.0146945733128681e-10
1.4588258913471606e-10
2.0796476762461697e-10
2.935195654419644e-10
4.0940780651300917e-10
5.631012481970323e-10
7.617249231738012e-10
1.0101768481328595e-09
1.3083810528837951e-09
1.6474933569065947e-09
2.0057117959648035e-09
2.3457512854194657e-09
2.6152521244038686e-09
2.755047357301082e-09
2.714611294636011e-09
2.4730450888617425e-09
2.05698053198924e-09
1.5409069068169007e-09
1.0261624800742308e-09
6.025478113349884e-10
3.155916985506769e-10
1.5943195904119875e-10
9.589201205593429e-11
8.300877732071124e-11
9.250771412203095e-11
1.1144298126416134e-10
1.3603488777312938e-10
1.6611918834927356e-10
2.0257244470804501e-10
2.465940046823334e-10
2.99591994494901e-10
3.631860501046451e-10
4.3922118347975206e-10
5.29779077595919e-10
6.371826520076294e-10
7.639921454763571e-10
9.129902284686498e-10
1.0871514871608425e-09
1.289595772735066e-09
1.5235192602873555e-09
1.7921024478440338e-09
2.0983927319384314e-09
2.4451583649947254e-09
2.834718553269889e-09
3.268747670652056e-09
3.7480646442515396e-09
4.272411625818184e-09
4.840242407043594e-09
5.4485309582035926e-09
6.092624850425318e-09
6.766187183025038e-09
7.46119562528674e-09
8.168148609825946e-09
8.876339882416309e-09
9.574360799466473e-09
1.0250882331912128e-08
1.0895326376119445e-08
1.1499271711181675e-08
1.2057332069444162e-08
1.2568574575615746e-08
1.3038072997770043e-08
1.3477223928822299e-08
1.39058537724057e-08
1.4351239811445949e-08
1.4849178234594187e-08
1.544218899697111e-08
1.6179244174166263e-08
1.711237531919427e-08
1.8295789023868346e-08
1.9782002268698077e-08
2.161733414142696e-08
2.384007702318471e-08
2.6470467375764142e-08
2.950816786330117e-08
3.2920515460678755e-08
3.6634323540391604e-08
4.0523897639531676e-08
4.4398810563804054e-08
4.7995372077645975e-08

