1.1313053842445308e-14
1.707860743390785e-14
2.57726310223537e-14
3.887529815560171e-14
5.860962054446216e-14
8.831030018032431e-14
1.3297278245901588e-13
2.0006889199351006e-13
3.0075337694140586e-13
4.516447970738241e-13
6.774403170816375e-13
1.0147357548216198e-12
1.517581090052148e-12
2.265479058219583e-12
3.374841629773283e-12
5.015183808892223e-12
7.431712978751986e-12
1.0976459538004004e-11
1.6149906404135126e-11
2.3655746343771867e-11
3.446958295989438e-11
4.992026862470971e-11
7.178004131861484e-11
1.0234355886829991e-10
1.4447479235663553e-10
2.0156329053825464e-10
2.7730700034034886e-10
3.752437200940087e-10
4.978281632004599e-10
6.450803625870369e-10
8.127141592485346e-10
9.900631303807732e-10
1.1588151145762002e-09
1.2931817738462903e-09
1.3639377111956396e-09
1.3460167890803458e-09
1.2288821115851124e-09
1.0254402144828878e-09
7.723283845700725e-10
5.196559316460011e-10
3.1206542021112436e-10
1.724564102215745e-10
9.830637893326524e-11
7.099794444481344e-11
6.994519247285586e-11
8.132398824465943e-11
9.895802664233321e-11
1.2129461543728816e-10
1.4865708375258061e-10
1.819707784043602e-10
2.2241558087197986e-10
2.713817354914638e-10
3.3048505115749987e-10
4.015872402137815e-10
4.868147165255539e-10
5.885717748177844e-10
7.095469854539225e-10
8.527098013681778e-10
1.021293366982481e-09
1.2187621214792775e-09
1.4487585412917401e-09
1.715028327125654e-09
2.0213190299081013e-09
2.3712539517113052e-09
2.7681779066925417e-09
3.2149802685361324e-09
3.713903945591902e-09
4.2663357853668295e-09
4.872623977882937e-09
5.53189744703944e-09
6.241949614372135e-09
6.999223683621519e-09
7.798827300106002e-09
8.634848894752959e-09
9.500665057915624e-09
1.0389580380767598e-08
1.1295776045446705e-08
1.2215061767631722e-08
1.3146643155200152e-08
1.4094040558159405e-08
1.506693824887235e-08
1.608273614693352e-08
1.716739073825231e-08
1.835724250792819e-08
1.9698617965742898e-08
2.1248934541623706e-08
2.3074439447144087e-08
2.525136958501974e-08
2.7860105614188196e-08
3.098576863169852e-08
3.471070557586173e-08
3.9109576357796797e-08
4.424237184362718e-08
5.01420296349245e-08
5.680358426812586e-08
6.416579733144235e-08
7.208951017039537e-08
8.033452624802113e-08
8.852890204473998e-08
9.615144184315135e-08
