1.785316053115315e-13
2.695251624421989e-13
4.0674041556184865e-13
6.135414900221036e-13
9.250185670606621e-13
1.3938103628341461e-12
2.0987708553750096e-12
3.1578433708747785e-12
4.747103324622874e-12
7.128863132458702e-12
1.069293181175758e-11
1.601688230114865e-11
2.3953680251395275e-11
3.575781183923426e-11
5.326587813289221e-11
7.915175211861891e-11
1.1728230548383083e-10
1.7320730511820512e-10
2.54813879727659e-10
3.731863543617042e-10
5.436831137978259e-10
7.872081265268423e-10
1.1316142867112482e-09
1.612920940063334e-09
2.276010840510045e-09
3.1738803966601337e-09
4.364137661114612e-09
5.901529762233779e-09
7.823319630168456e-09
1.0127975456451275e-08
1.2745811066491275e-08
1.5506689575060843e-08
1.8120804254117896e-08
2.0182356109735033e-08
2.1234153564306524e-08
2.0887533726951665e-08
1.8984442349872155e-08
1.5734631594160743e-08
1.171616165544566e-08
7.711179207791846e-09
4.408972131500614e-09
2.1547785731336703e-09
8.973846353704786e-10
3.3805496470161075e-10
1.504078808387842e-10
1.1389142400049374e-10
1.2528478284909897e-10
1.5081046017389663e-10
1.8338303860483658e-10
2.228075658630129e-10
2.7018466505566707e-10
3.26918485508261e-10
3.9461502659521357e-10
4.75083572285252e-10
5.703407076930056e-10
6.82607014120232e-10
8.142938359838391e-10
9.679783340704661e-10
1.1463612351912505e-09
1.3522081036292037e-09
1.5882670542519712e-09
1.8571621758129356e-09
2.1612633194574592e-09
2.5025227916456378e-09
2.8822935403726623e-09
3.3011176972142707e-09
3.758499101453133e-09
4.25267503646354e-09
4.7803765165770085e-09
5.336631607245307e-09
5.914592635904305e-09
6.505434888566169e-09
7.098359342215073e-09
7.680680414508033e-09
8.238096178484897e-09
8.755076815642286e-09
9.215448856855029e-09
9.603127984883156e-09
9.903005989527398e-09
1.0101947469412864e-08
1.0189797259503167e-08
1.01605057390752e-08
1.0012820876323986e-08
9.751288854387776e-09
9.386388747965852e-09
8.934526343325398e-09
8.418175314156034e-09
7.863697816639893e-09
7.301800301100634e-09
6.763742918222338e-09
6.280463864074835e-09
5.879293498557581e-09
5.582202947879339e-09
5.403315923676041e-09
5.349115833875661e-09
5.417191657487579e-09
5.595273095705304e-09
5.861889785280159e-09
6.183357077684356e-09
6.515645967253717e-09

