8.8946035753378e-14
1.3427950381335722e-13
2.0264068549342288e-13
3.0566953649619607e-13
4.608478762978877e-13
6.944001151773688e-13
1.0456109794956075e-12
1.5732393459549134e-12
2.3650053375670464e-12
3.55159229269919e-12
5.3272026603611295e-12
7.979584112504317e-12
1.1933688280835247e-11
1.7814512074020843e-11
2.653707854867132e-11
3.9433573113820615e-11
5.843059843515424e-11
8.62932982827662e-11
1.2695151595414373e-10
1.85928340964752e-10
2.708769031448202e-10
3.922143417906549e-10
5.638217346692841e-10
8.036518879494099e-10
1.1340783255140454e-09
1.5815242036295252e-09
2.174720674119033e-09
2.9409872723097532e-09
3.898949019436568e-09
5.0479187767160855e-09
6.353263210286334e-09
7.730295109818573e-09
9.034667860798838e-09
1.0064166928733583e-08
1.0590858526415632e-08
1.0420832686365229e-08
9.475015197070979e-09
7.857660406661654e-09
5.8567640021485735e-09
3.8623410494444155e-09
2.2184085206953735e-09
1.0976121551588099e-09
4.748916092163289e-10
2.0160810987395135e-10
1.1520897839070959e-10
1.0589654177761688e-10
1.2245493228147703e-10
1.4839564166529698e-10
1.8063120255631136e-10
2.1959393019123275e-10
2.6644835882353294e-10
3.226032095679268e-10
3.896678027499182e-10
4.694582595345403e-10
5.640027598414639e-10
6.755394510841552e-10
8.065046439843565e-10
9.59509388493594e-10
1.1372990089372838e-09
1.3426961822189354e-09
1.57852065598157e-09
1.8474848621681376e-09
2.1520655713810573e-09
2.4943432141388796e-09
2.875821770545428e-09
3.2972196582447286e-09
3.758244828723639e-09
4.257367328416103e-09
4.7915840840967395e-09
5.356222692128222e-09
5.9447725340376235e-09
6.548790395110797e-09
7.157901068747066e-09
7.759904553218957e-09
8.341044528076349e-09
8.88641242955313e-09
9.380565208805559e-09
9.808234824091048e-09
1.0155308778354491e-08
1.0409794564105635e-08
1.0562879804480285e-08
1.0610189796257395e-08
1.0552307504052726e-08
1.0396165036631937e-08
1.0154879700667747e-08
9.847966894892682e-09
9.501449193171119e-09
9.145252634940995e-09
8.81376819618472e-09
8.541120651938484e-09
8.361107709003327e-09
8.302054116195928e-09
8.388250018195898e-09
8.633534406838666e-09
9.044361412547565e-09
9.613569261781906e-09
1.0320250626490432e-08
1.1126302620828876e-08
1.197451593873454e-08
1.278738490938117e-08

