4.6530075362663955e-14
7.024494238879648e-14
1.0600592125019486e-13
1.5990195805549263e-13
2.410778937558559e-13
3.6325184006364067e-13
5.469737991707356e-13
8.229807866544626e-13
1.2371596510991247e-12
1.85787177254153e-12
2.786706441543443e-12
4.174188753794259e-12
6.242619949959169e-12
9.318954578012535e-12
1.3881878659471296e-11
2.0628331808400905e-11
3.0566260669415385e-11
4.5142375762585936e-11
6.641286347344398e-11
9.726772624216215e-11
1.41711861238677e-10
2.0519715062978598e-10
2.949893191428666e-10
4.2048698849605805e-10
5.934058482111287e-10
8.275867615324198e-10
1.1380874835371888e-09
1.5392398138865322e-09
2.0408420072511616e-09
2.642603851153893e-09
3.32648492883366e-09
4.0482523411328044e-09
4.732428012783402e-09
5.273188678653926e-09
5.55115144681699e-09
5.464624690140443e-09
4.9719401325154886e-09
4.12741119051251e-09
3.081697882971742e-09
2.0391423443859636e-09
1.1802664989663012e-09
5.959775721204353e-10
2.735832906256437e-10
1.3550536472532104e-10
9.675896309749714e-11
9.998523346751499e-11
1.1858862536939082e-10
1.4426194909230132e-10
1.7580558428371305e-10
2.1394447917729034e-10
2.5987066088615745e-10
3.149946979043402e-10
3.8093061701406087e-10
4.5950552219208694e-10
5.527668632157764e-10
6.629825088422631e-10
7.926314999471412e-10
9.443833690866937e-10
1.1210608830329684e-09
1.3255863952215849e-09
1.5609051881672796e-09
1.8298850446631697e-09
2.1351913257053757e-09
2.479131006649712e-09
2.863475724582079e-09
3.2892569115769896e-09
3.756545498196479e-09
4.264226174389251e-09
4.809770043933148e-09
5.389039574604375e-09
5.996126830048058e-09
6.623271217525206e-09
7.260857871369319e-09
7.897558519439782e-09
8.520599392910273e-09
9.116195502074941e-09
9.670225856112439e-09
1.01689162111339e-08
1.0599975394476158e-08
1.095351810156032e-08
1.1223236899468249e-08
1.1407826102360495e-08
1.1511323183266581e-08
1.1544951980644318e-08
1.1526502569162568e-08
1.148093365149371e-08
1.1439765607015023e-08
1.14390137841228e-08
1.151844059865397e-08
1.1717934570485885e-08
1.207669326273931e-08
1.2627986488616553e-08
1.340072328317858e-08
1.4410528164719221e-08
1.566189774749913e-08
1.7139005945512846e-08
1.8803897948781157e-08
2.05897135679929e-08
2.239652755119115e-08
2.408719845865741e-08

