9.0982903538019e-15
1.373505839840051e-14
2.072692798306132e-14
3.126425560762311e-14
4.713478603176226e-14
7.102028411131914e-14
1.0693808876264828e-13
1.6089706309484653e-13
2.4186793819566433e-13
3.632155937882162e-13
5.448020690997834e-13
8.160590423913743e-13
1.2204563445391688e-12
1.821935930355182e-12
2.7141279658010867e-12
4.033379016703263e-12
5.9769276640768735e-12
8.827956005826628e-12
1.2989096520136588e-11
1.9026515778392717e-11
2.772524359230679e-11
4.0154714504229506e-11
5.7741458058426656e-11
8.233296781141853e-11
1.1623585651127306e-10
1.621812881561029e-10
2.23151065565739e-10
3.0200158393647933e-10
4.007221155866435e-10
5.193475324080612e-10
6.544512597677651e-10
7.974726303684682e-10
9.336913179787126e-10
1.0423533414523153e-09
1.0999107849717543e-09
1.0861309118975345e-09
9.924528129571981e-10
8.291930554789321e-10
6.258188342913966e-10
4.2272161789433947e-10
2.559654237714817e-10
1.441373508541703e-10
8.532933960548603e-11
6.462155722871764e-11
6.547602099955365e-11
7.680396065197918e-11
9.370563558170119e-11
1.1504097621721434e-10
1.4121462584639007e-10
1.7314968371995476e-10
2.120113525214205e-10
2.591769211686888e-10
3.162544904136811e-10
3.8510598931768963e-10
4.678692690401451e-10
5.669751565365185e-10
6.851585370370756e-10
8.254603110994003e-10
9.912164116065311e-10
1.1860322267008638e-09
1.4137368630241142e-09
1.6783166243234668e-09
1.983821694622974e-09
2.3342496159065804e-09
2.733399184389125e-09
3.1847028144058753e-09
3.6910450732965597e-09
4.254559862011631e-09
4.876460804411368e-09
5.55686720990569e-09
6.294702096154749e-09
7.087696272851745e-09
7.932414668721637e-09
8.824617379938144e-09
9.759588380536107e-09
1.0732838315060913e-08
1.1741118784081148e-08
1.2783238754358504e-08
1.3861955316304141e-08
1.498495760406747e-08
1.6166891775927685e-08
1.743092190007165e-08
1.8809884725860924e-08
2.034796312430875e-08
2.21007111397217e-08
2.4136057059352502e-08
2.6532122036845203e-08
2.937853306026734e-08
3.2770035049019004e-08
3.6807062425273915e-08
4.158720737521727e-08
4.7199679189256985e-08
5.371645980677555e-08
6.117827081261455e-08
6.958017714795357e-08
7.884946392637531e-08
8.881755534381212e-08
9.919116298441003e-08
1.0951216620467628e-07
1.1913534728779169e-07

