1.6060732066761526e-14
2.424603688991747e-14
3.658894502250324e-14
5.5190921118858185e-14
8.320807801486449e-14
1.253748532622603e-13
1.887835168092436e-13
2.8404213734701177e-13
4.269874858334979e-13
6.412132527637984e-13
9.617819675848213e-13
1.4406476150187754e-12
2.154541303430172e-12
3.2163238101474522e-12
4.791244463693641e-12
7.119920325256421e-12
1.0550385725242838e-11
1.5582251811784255e-11
2.2925742994657418e-11
3.3579325396835104e-11
4.8927055656822015e-11
7.085375220550287e-11
1.0187248469170849e-10
1.4523604212230978e-10
2.050024465632059e-10
2.859714065717052e-10
3.9337418145700975e-10
5.322065174936322e-10
7.059170363304892e-10
9.144890115683368e-10
1.151787920265623e-09
1.4026278540495207e-09
1.6409936088037575e-09
1.8303061458881994e-09
1.929177679148647e-09
1.9021964550322732e-09
1.7346091148448273e-09
1.444889112599915e-09
1.0850445008749881e-09
7.259965379283399e-10
4.3074149545571794e-10
2.3138513581085122e-10
1.2406060264804876e-10
8.221269712849036e-11
7.65754300440893e-11
8.745761053264683e-11
1.059373210602726e-10
1.2956301481492964e-10
1.584665305501192e-10
1.935600005185572e-10
2.360372587170749e-10
2.8730068215568837e-10
3.489705545549685e-10
4.229018281576312e-10
5.111986651947434e-10
6.162226959398741e-10
7.405935051710692e-10
8.871786073539931e-10
1.0590685705341655e-09
1.2595363324692848e-09
1.491974824418884e-09
1.7598121511006412e-09
2.0664007564118385e-09
2.414879743140981e-09
2.808011310610136e-09
3.2479927709040247e-09
3.7362541101387125e-09
4.273241150429062e-09
4.858216499125186e-09
5.489072111665032e-09
6.162195516294142e-09
6.872430702612731e-09
7.613081883851322e-09
8.376169038897403e-09
9.152713782928948e-09
9.933300024435177e-09
1.0708932165700355e-08
1.1471728090847845e-08
1.2216499568614247e-08
1.2941628646079276e-08
1.3650678771091566e-08
1.4353956304557666e-08
1.5069001159159467e-08
1.5822616073784973e-08
1.6650025624487847e-08
1.759604029630532e-08
1.8712884375758033e-08
2.006080978979164e-08
2.170334970376204e-08
2.3707471479334866e-08
2.6137816545094398e-08
2.905224632554686e-08
3.2497551210231046e-08
3.6498659765399983e-08
4.105241742951874e-08
4.611334154752079e-08
5.1579771614015413e-08
5.727737774536617e-08
6.293942274770158e-08
6.819462450906059e-08
