3.2580141655676873e-14
4.918500988185768e-14
7.422433188686103e-14
1.1196142756154411e-13
1.6879925914772382e-13
2.54342849923999e-13
3.8298070432299653e-13
5.762339803989272e-13
8.662313626252664e-13
1.3008377339599922e-12
1.9511836911140105e-12
2.9226644372740954e-12
4.370933313204857e-12
6.524924235151381e-12
9.719819798645261e-12
1.4443638207721796e-11
2.1402195059088735e-11
3.160858793021286e-11
4.650278245732273e-11
6.81087884257334e-11
9.923163074056506e-11
1.436901443886026e-10
2.0657427011152702e-10
2.9446911586236237e-10
4.155848728610354e-10
5.796237848053935e-10
7.971458511971753e-10
1.078210226798589e-09
1.4297105118591265e-09
1.8514848610193661e-09
2.3309474646554365e-09
2.837167722163519e-09
3.3173156985517976e-09
3.697270007347843e-09
3.893351732545461e-09
3.834204914948691e-09
3.49047177258561e-09
2.900047463066704e-09
2.168425021278581e-09
1.4388737053702608e-09
8.381298058946526e-10
4.302023616329546e-10
2.0645587100742517e-10
1.1267856120368852e-10
8.939626179336952e-11
9.649633212153153e-11
1.1547845892412149e-10
1.407225681083042e-10
1.7164582347787795e-10
2.090657341821066e-10
2.541807519505261e-10
3.0840112384822135e-10
3.7334391859419483e-10
4.508446277158048e-10
5.429661546319893e-10
6.520007925517977e-10
7.804632337357514e-10
9.310723290357866e-10
1.106716674135147e-09
1.3104038948589618e-09
1.5451872278506262e-09
1.8140686276981334e-09
2.1198769575241835e-09
2.4651162050931912e-09
2.8517914354352778e-09
3.281207726034472e-09
3.753753950014446e-09
4.268678764532537e-09
4.82387003259025e-09
5.41566111027419e-09
6.038675460418373e-09
6.685754814665386e-09
7.3479570547841134e-09
8.014725526219899e-09
8.674158643217788e-09
9.313472382148619e-09
9.919722867994326e-09
1.0480478102175082e-08
1.0985077329419504e-08
1.142552881127208e-08
1.1797786619071265e-08
1.2103256028747939e-08
1.2349079269303841e-08
1.2550169901146773e-08
1.2728345767042837e-08
1.2913188470519078e-08
1.3140815176288197e-08
1.3452636967031515e-08
1.3893345350629866e-08
1.450866131680533e-08
1.534318552082426e-08
1.6435549582054238e-08
1.7818594341934242e-08
1.9509787015288384e-08
2.1511445291721945e-08
2.3800415140672183e-08
2.632371111564283e-08
2.8989516898874647e-08
3.165982698842415e-08
3.414436779389564e-08

