1.2733729833853281e-13
1.9223807206706748e-13
2.9010617364558275e-13
4.376058664776247e-13
6.597649051133128e-13
9.941273575183906e-13
1.4969350628746103e-12
2.252309959084974e-12
3.385836179863885e-12
5.084605735907768e-12
7.626646831520062e-12
1.1423909626226531e-11
1.708476802105289e-11
2.5503981953605757e-11
3.799151004808931e-11
5.6454508268529524e-11
8.365106776619847e-11
1.2353966303755913e-10
1.8174600486846252e-10
2.6617641306635966e-10
3.877860546904728e-10
5.614861350191812e-10
8.071452728322277e-10
1.1504585942781456e-09
1.6234458499894313e-09
2.2639180669290416e-09
3.1129815326241392e-09
4.209709899172219e-09
5.580715636575174e-09
7.224950026139986e-09
9.092758551719579e-09
1.1062835604779898e-08
1.2928498969772445e-08
1.4400289380437358e-08
1.5152025649834165e-08
1.490633664238238e-08
1.3550300307871057e-08
1.123338014713116e-08
8.367876833132618e-09
5.511852095341377e-09
3.157288961358407e-09
1.5507992494704508e-09
6.561166454030409e-10
2.6028027044483707e-10
1.305296792721698e-10
1.0960419643448135e-10
1.2400189528304766e-10
1.4982575311301498e-10
1.822756373931594e-10
2.215155791504769e-10
2.686830312516427e-10
3.2518472978259247e-10
3.9262808113470925e-10
4.728251686724445e-10
5.677972927884555e-10
6.797721527259423e-10
8.111711857356315e-10
9.645852292196814e-10
1.1427329848907464e-09
1.3484030118437053e-09
1.5843722409844182e-09
1.8533002737659792e-09
2.1575999139338686e-09
2.499274912722659e-09
2.8797388321010708e-09
3.2996045242079947e-09
3.75845768566395e-09
4.254628913173773e-09
4.784955801139468e-09
5.3445864333749756e-09
5.926808150545358e-09
6.522949030733341e-09
7.122379686592345e-09
7.712608855141311e-09
8.279552777903447e-09
8.807929776567405e-09
9.28185800768027e-09
9.68557810190052e-09
1.0004378048790556e-08
1.0225575953426989e-08
1.0339547220457291e-08
1.0340905914203419e-08
1.0229120369853115e-08
1.000968220809705e-08
9.694120611325078e-09
9.300079119620631e-09
8.851510425211072e-09
8.376228065215455e-09
7.906561003404063e-09
7.47494212113991e-09
7.113512468865583e-09
6.849761989657751e-09
6.706493472326182e-09
6.697397174169808e-09
6.829062071814864e-09
7.097210612518616e-09
7.48633609255865e-09
7.968264269479863e-09
8.499944991855216e-09
9.02385976617166e-09
