7.894399822217401e-15
1.1917594474819153e-14
1.7984228662251995e-14
2.712712683307588e-14
4.089744221781198e-14
6.162203350141544e-14
9.278658785049375e-14
1.396047741116832e-13
2.098601995940432e-13
3.1514920386158335e-13
4.727056859025959e-13
7.080672314034599e-13
1.0589527647606263e-12
1.5808460143617416e-12
2.3549937234992387e-12
3.4997129525363926e-12
5.18616719389902e-12
7.660112797596738e-12
1.1270989384580064e-11
1.6510199505302546e-11
2.4059165387337547e-11
3.4846277380285466e-11
5.011009016249683e-11
7.145493143743229e-11
1.0088428222688295e-10
1.4077115669391227e-10
1.937076624624971e-10
2.621791841658415e-10
3.4792113125660697e-10
4.509753331758353e-10
5.683811874240304e-10
6.927214444577036e-10
8.112274647905067e-10
9.0588211369978e-10
9.562254723036984e-10
9.44655632641777e-10
8.636901520191796e-10
7.222411082461557e-10
5.458783109511951e-10
3.6970634563546994e-10
2.2511800422689676e-10
1.28347509132092e-10
7.781455749655166e-11
6.060645945019353e-11
6.238479566068366e-11
7.354666631840871e-11
8.988385050532907e-11
1.1047688351128709e-10
1.3577014689020687e-10
1.6668071217361186e-10
2.0436094499578575e-10
2.5017647244909263e-10
3.057272024815079e-10
3.728722874165254e-10
4.537546597951318e-10
5.508209956693533e-10
6.66836341521125e-10
8.048901695170906e-10
9.683901621990242e-10
1.161041945882893e-09
1.3868092293231623e-09
1.6498537892365365e-09
1.9544486035529367e-09
2.304868857531914e-09
2.70525247894312e-09
3.1594399526511854e-09
3.670800477023063e-09
4.2420349293124854e-09
4.875016184393499e-09
5.57062077398583e-09
6.328637985890785e-09
7.1477880521578305e-09
8.025758874298317e-09
8.959599340692732e-09
9.946066471020372e-09
1.0982375963257226e-08
1.2067264365634138e-08
1.3201862389910946e-08
1.4391670084104039e-08
1.5647605812859994e-08
1.6988159481539905e-08
1.8440976880845303e-08
2.0044258594110905e-08
2.1848337749728578e-08
2.3916034473635044e-08
2.632357813848263e-08
2.9158528589629126e-08
3.25211208136312e-08
3.65175839595991e-08
4.126058084191756e-08
4.686003330390922e-08
5.341700596201571e-08
6.101353333382436e-08
6.969716239777065e-08
7.94638787796169e-08
9.023289753733402e-08
1.0181350828958655e-07
1.1387157406086237e-07
1.2588182495542782e-07
1.3710164589349624e-07

