6.3401335483728325e-15
9.571192906709709e-15
1.444333568239089e-14
2.178601507009345e-14
3.284494983202322e-14
4.9488824210136423e-14
7.451697901723897e-14
1.1211651332050169e-13
1.6853849761291548e-13
2.530961442434263e-13
3.796305014506934e-13
5.686519746031287e-13
8.504551533577197e-13
1.2696042097238362e-12
1.8913586867907308e-12
2.810758830765693e-12
4.165303341338718e-12
6.152427796249327e-12
9.052891287509948e-12
1.3261559276338539e-11
1.9326065122362423e-11
2.799265389117969e-11
4.025710403704244e-11
5.740964405561467e-11
8.106212728731005e-11
1.131247414124988e-10
1.5568579769927383e-10
2.1075068057163143e-10
2.797256435396724e-10
3.6265968602769727e-10
4.5719171011820454e-10
5.573786803058271e-10
6.52970459666638e-10
7.294838008595327e-10
7.704485904768866e-10
7.616652150655967e-10
6.97050764865676e-10
5.837095683608055e-10
4.421798801678185e-10
3.0073321753482944e-10
1.8471810683316032e-10
1.0731655930102555e-10
6.736090070234842e-11
5.452494312864033e-11
5.7308361168228275e-11
6.802448104603548e-11
8.335332719758238e-11
1.0265336426531627e-10
1.2641187558930878e-10
1.5552889941208532e-10
1.9113057053787341e-10
2.3455783882883815e-10
2.873910473465098e-10
3.514782156223473e-10
4.2896381932493133e-10
5.22313896545184e-10
6.343369974191896e-10
7.68197666321346e-10
9.274189089680817e-10
1.115871754741416e-09
1.3377463311527705e-09
1.5975040391636128e-09
1.8998030463539816e-09
2.249403478289697e-09
2.651040982169562e-09
3.10928089063191e-09
3.628359052636756e-09
4.211996711739417e-09
4.863259123808906e-09
5.584399125158609e-09
6.376786900381824e-09
7.240953591589499e-09
8.176649778079378e-09
9.183294185601485e-09
1.026035850330332e-08
1.1408204001397165e-08
1.2629228240976623e-08
1.3928854518586012e-08
1.5317647469689313e-08
1.6812507626099515e-08
1.8439049480897585e-08
2.0233266276301924e-08
2.2243368245242774e-08
2.453124472425071e-08
2.7173402941964738e-08
3.0261767040830983e-08
3.3901832353860826e-08
3.821397853469396e-08
4.332642481922969e-08
4.9375303141272586e-08
5.649449141482633e-08
6.480831566318241e-08
7.441907596523735e-08
8.538872508089658e-08
9.771691711218109e-08
1.1130977210114548e-07
1.2593709685737215e-07
1.4118983134559419e-07
1.564176532143925e-07
1.706948689597009e-07

