4.852426789562039e-15
7.325289237145746e-15
1.1054126529188497e-14
1.6673742869198725e-14
2.5137524060725088e-14
3.787563559561163e-14
5.703051903113951e-14
8.580675045832821e-14
1.2898862074553064e-13
1.93704174305269e-13
2.905471658390447e-13
4.352164511068225e-13
6.509006454687367e-13
9.717124096226293e-13
1.447608967135393e-12
2.1513501853053604e-12
3.188209732363757e-12
4.709366502721618e-12
6.929828357171974e-12
1.01520331850617e-11
1.47955069567729e-11
2.143206046766845e-11
3.082493311048516e-11
4.396342917226514e-11
6.208408471813091e-11
8.665333922772545e-11
1.1927613459268158e-10
1.6149672051801949e-10
2.1440394124845812e-10
2.7805064527108365e-10
3.5064611221660495e-10
4.2765511957035683e-10
5.012362335673053e-10
5.602896883124718e-10
5.921695426496565e-10
5.859425251901549e-10
5.368773797652293e-10
4.503572720974529e-10
3.421044566053062e-10
2.3383721890365726e-10
1.45095641391801e-10
8.611538211573643e-11
5.610555588305756e-11
4.720705382004579e-11
5.0632620951269224e-11
6.052522212640812e-11
7.440606476479768e-11
9.188616908690717e-11
1.1347725542232982e-10
1.400442969289744e-10
1.7266805971624828e-10
2.1264474576591258e-10
2.6151488794689334e-10
3.2109612229271366e-10
3.935178705424583e-10
4.812538145803667e-10
5.871520572814341e-10
7.144597072121849e-10
8.668384721672292e-10
1.0483694584063055e-09
1.2635414069050936e-09
1.517222233434367e-09
1.814604830681808e-09
2.1611351650443093e-09
2.562408102904001e-09
3.0240456254282496e-09
3.5515623953941012e-09
4.150202456732261e-09
4.824827094042254e-09
5.57978069907624e-09
6.418853931639559e-09
7.345366695398948e-09
8.362266052329362e-09
9.472653940222538e-09
1.0680238539131043e-08
1.19903009831492e-08
1.3410970381216004e-08
1.4954412663757578e-08
1.6639146488222284e-08
1.84915104674738e-08
2.054837649951505e-08
2.285902117042475e-08
2.5487611670201983e-08
2.851463196846923e-08
3.203865824117692e-08
3.617706727532888e-08
4.106460530742231e-08
4.685459117704342e-08
5.3711566902376034e-08
6.181069047466853e-08
7.132629256337896e-08
8.242257974875671e-08
9.523777051951411e-08
1.0986089672503708e-07
1.263022325846272e-07
1.4445194783221156e-07
1.6402154991811494e-07
1.8448600725864477e-07
2.0499665783556681e-07
2.2433318916990623e-07

