3.312386283768632e-15
5.000407378307106e-15
7.545776074792548e-15
1.1381821996199776e-14
1.7159350012301147e-14
2.5854637956340963e-14
3.8930209612331775e-14
5.857369264452038e-14
8.805120494632928e-14
1.3222904825790277e-13
1.9833985587236106e-13
2.9710219271217305e-13
4.4434931851704155e-13
6.633752303933943e-13
9.882965758892549e-13
1.4688078038804198e-12
2.1768196392090596e-12
3.2156164318620443e-12
4.7321186060508175e-12
6.933038265656075e-12
1.010519780862358e-11
1.4639672619718424e-11
2.1058690394629956e-11
3.003954268909067e-11
4.2429410708395923e-11
5.923403692229448e-11
8.15559258295615e-11
1.104589391332434e-10
1.466991425878461e-10
1.9032798832514408e-10
2.4013904802766674e-10
2.930486399452856e-10
3.43705363473258e-10
3.8451373370939206e-10
4.0679600191298064e-10
4.0301774620943505e-10
3.698686242633517e-10
3.1096652830697125e-10
2.370481869412687e-10
1.6302451402124456e-10
1.0238030551934676e-10
6.225492201449512e-11
4.221287566910364e-11
3.6931095383258085e-11
4.042183998121576e-11
4.871028677328811e-11
6.016712092578863e-11
7.463365240086826e-11
9.260783425741604e-11
1.148727505331612e-10
1.4241072853092464e-10
1.7641490390417653e-10
2.183237145021349e-10
2.698603292505454e-10
3.3307654782236937e-10
4.1039749387867645e-10
5.046676062627691e-10
6.191952144472114e-10
7.577924672359373e-10
9.248095714552797e-10
1.125157193008856e-09
1.3643175466213123e-09
1.6483339548564279e-09
1.9837879220975155e-09
2.377746462814352e-09
2.837695531628017e-09
3.371463648418519e-09
3.987115194830136e-09
4.692904101795606e-09
5.497200094993401e-09
6.408527886630114e-09
7.435736056697539e-09
8.588193211245523e-09
9.876464889483667e-09
1.1312924120476875e-08
1.2912975694791525e-08
1.4696599437163962e-08
1.668997940212947e-08
1.892822138675939e-08
2.1457469370471223e-08
2.433829846247158e-08
2.7648216900671722e-08
3.148537434293631e-08
3.597032245146503e-08
4.124930950509331e-08
4.7495189353219436e-08
5.490694235790842e-08
6.37108009441635e-08
7.415276551460621e-08
8.649666852858936e-08
1.0101058258751814e-07
1.1795327867616654e-07
1.3755170917990463e-07
1.599669251040253e-07
1.8524843202797241e-07
2.1327000813346926e-07
2.436358911294126e-07
2.7558725932030684e-07
3.0785815599644065e-07
3.385931643983164e-07

