4.0587277443105805e-15
6.127097913215455e-15
9.2459956903273e-15
1.394638678284387e-14
2.1025708572019904e-14
3.1680194971852824e-14
4.770186050970795e-14
7.177114951213925e-14
1.0788989194983906e-13
1.6202044019667324e-13
2.4302424797701535e-13
3.640333743968816e-13
5.444455812575592e-13
8.12797793514795e-13
1.210883417773696e-12
1.7995752337437314e-12
2.6669532622589224e-12
3.9395146123136706e-12
5.797180579689754e-12
8.493062354317162e-12
1.2378308974435713e-11
1.793161249800863e-11
2.5792049983167352e-11
3.678820626753836e-11
5.195609303137445e-11
7.25249411710027e-11
9.984109247809446e-11
1.3520172073439589e-10
1.7952486269539546e-10
2.3286354027727157e-10
2.93729182524385e-10
3.5833561464594667e-10
4.2012526487035906e-10
4.698040853868194e-10
4.967696575748227e-10
4.918374581842702e-10
4.5100491857034894e-10
3.787426950547351e-10
2.882036671622124e-10
1.9760175993546927e-10
1.2336349927177374e-10
7.413665858718077e-11
4.931948677749667e-11
4.2363089967852675e-11
4.592479831137115e-11
5.511996896151363e-11
6.791168808636667e-11
8.403557887405802e-11
1.0400374399849644e-10
1.2864781382631705e-10
1.590080194493996e-10
1.9633894436941134e-10
2.4214118502982447e-10
2.9819727282055153e-10
3.6661063169826885e-10
4.4984358576879465e-10
5.507545855968541e-10
6.72631558815192e-10
8.1921804015723e-10
9.947305255405732e-10
1.2038610927103695e-09
1.451765420179001e-09
1.744026465791206e-09
2.0866025575723056e-09
2.4857436796312375e-09
2.9478915948655505e-09
3.4795682117916342e-09
4.087233785359147e-09
4.777200810846937e-09
5.555522406398131e-09
6.427985400187143e-09
7.400227506430213e-09
8.477873093952252e-09
9.667123587188573e-09
1.0975271195495829e-08
1.2411772910170028e-08
1.3989634587764674e-08
1.5726778294908213e-08
1.7648522779960734e-08
1.978930850168209e-08
2.2195690296867263e-08
2.4928442105012222e-08
2.8065560407968095e-08
3.1703772475553424e-08
3.5960962074697455e-08
4.097690221244966e-08
4.6912201579880276e-08
5.394943966408135e-08
6.228570239895895e-08
7.213139897985745e-08
8.369787631025857e-08
9.718637442900677e-08
1.1276938584501197e-07
1.3056307439761945e-07
1.5059115731994223e-07
1.7273444001645046e-07
1.9665816666689308e-07
2.2174009020378213e-07
2.469608541876673e-07
2.70842726253892e-07

