2.903928236779926e-15
4.383795921319505e-15
6.615291957202764e-15
9.978314953718568e-15
1.5043426067676e-14
2.2666534066331715e-14
3.412985226262072e-14
5.135131966670494e-14
7.719444306788753e-14
1.1592571904487643e-13
1.7388641511508923e-13
2.6047430570693514e-13
3.8957193700704497e-13
5.816039921049911e-13
8.664857128544607e-13
1.2877935427604766e-12
1.9085881780097094e-12
2.8194480466397627e-12
4.149228590480889e-12
6.0792402455213445e-12
8.861084968182934e-12
1.2837858666255675e-11
1.8467789437028713e-11
2.634528324568843e-11
3.721403646667769e-11
5.195725460696658e-11
7.154364735761459e-11
9.690888043963873e-11
1.287196721865234e-10
1.6702571644253315e-10
2.1077397048330513e-10
2.5726424985188055e-10
3.018047079122814e-10
3.377297604306501e-10
3.5741659859244103e-10
3.542368352064238e-10
3.252626208484482e-10
2.7364789339662367e-10
2.0880698896560703e-10
1.4383902876688576e-10
9.061143582576269e-11
5.5429858526077465e-11
3.794346918829579e-11
3.34964706214697e-11
3.684039855702437e-11
4.449538423806929e-11
5.505022128398595e-11
6.839691833251215e-11
8.501656101934372e-11
1.0565463531154485e-10
1.3124876805470026e-10
1.6294337107685609e-10
2.0212565376750633e-10
2.504671160688877e-10
3.09970498985163e-10
3.8301883584762404e-10
4.724273425857565e-10
5.814958109515932e-10
7.140584204170333e-10
8.745303916911669e-10
1.0679453202516853e-09
1.2999840282600782e-09
1.5769847029168276e-09
1.905943222645752e-09
2.2944863854565015e-09
2.75083341943075e-09
3.283749913519918e-09
3.9024726423932166e-09
4.616697718901997e-09
5.436542011847072e-09
6.372622802948938e-09
7.436271659142029e-09
8.639784503895849e-09
9.997167997020845e-09
1.1524834141560943e-08
1.32429447025368e-08
1.5177086887585128e-08
1.7360116549614525e-08
1.98350720221765e-08
2.2657617605202977e-08
2.589976415675724e-08
2.9652731186500606e-08
3.403120623643862e-08
3.917539930585238e-08
4.525501089431644e-08
5.247038846572636e-08
6.105254674118794e-08
7.126437299898903e-08
8.339322923095621e-08
9.774849386724803e-08
1.1464710051035156e-07
1.343980217718878e-07
1.5727669100488712e-07
1.834855433664945e-07
2.1310053442443934e-07
2.4599538021777945e-07
2.8172981577181254e-07
3.194374086206849e-07
3.576517785636865e-07
3.9420548071871926e-07

