#p [g cm s-1]       g []                 n(p) [# cm^-3 p^-1]  n(g) [# cm^-3 g^-1]
8.65821e-18 1.04906 1.09694e+14 0.00991222
9.01411e-18 1.05307 1.18893e+14 0.0103588
9.38463e-18 1.0574 1.28864e+14 0.0108286
9.77038e-18 1.06207 1.3967e+14 0.0113231
1.0172e-17 1.06712 1.51382e+14 0.011844
1.05901e-17 1.07256 1.64075e+14 0.0123931
1.10254e-17 1.07842 1.77831e+14 0.0129724
1.14786e-17 1.08474 1.92738e+14 0.0135839
1.19504e-17 1.09155 2.08894e+14 0.0142301
1.24417e-17 1.09889 2.26402e+14 0.0149133
1.29531e-17 1.10678 2.45374e+14 0.0156364
1.34855e-17 1.11528 2.65932e+14 0.0164023
1.40398e-17 1.12441 2.88208e+14 0.0172143
1.46169e-17 1.13423 3.12344e+14 0.0180758
1.52177e-17 1.14478 3.38493e+14 0.0189907
1.58433e-17 1.1561 3.66823e+14 0.019963
1.64945e-17 1.16825 3.97512e+14 0.0209974
1.71725e-17 1.18127 4.30753e+14 0.0220986
1.78784e-17 1.19523 4.66755e+14 0.023272
1.86132e-17 1.21018 5.05741e+14 0.0245231
1.93783e-17 1.22618 5.47952e+14 0.0258583
2.01749e-17 1.24329 5.93648e+14 0.027284
2.10042e-17 1.26157 6.43104e+14 0.0288075
2.18675e-17 1.28109 6.96618e+14 0.0304363
2.27664e-17 1.30191 7.54504e+14 0.0321787
2.37022e-17 1.32412 8.17098e+14 0.0340432
2.46765e-17 1.34777 8.84756e+14 0.0360392
2.56908e-17 1.37295 9.57853e+14 0.0381764
2.67468e-17 1.39973 1.03678e+15 0.0404648
2.78462e-17 1.42818 1.12195e+15 0.0429152
2.89908e-17 1.4584 1.21378e+15 0.0455384
3.01825e-17 1.49047 1.31271e+15 0.0483455
3.14231e-17 1.52446 1.41917e+15 0.0513477
3.27148e-17 1.56047 1.53359e+15 0.0545557
3.40595e-17 1.59858 1.65639e+15 0.0579801
3.54595e-17 1.63889 1.78796e+15 0.0616303
3.6917e-17 1.68149 1.92864e+15 0.0655145
3.84345e-17 1.72648 2.07871e+15 0.0696389
4.00143e-17 1.77395 2.23835e+15 0.074007
4.16591e-17 1.82401 2.40763e+15 0.078619
4.33715e-17 1.87677 2.58646e+15 0.0834703
4.51543e-17 1.93232 2.77455e+15 0.0885508
4.70103e-17 1.99079 2.97134e+15 0.0938435
4.89427e-17 2.05228 3.17601e+15 0.099323
5.09545e-17 2.11692 3.38735e+15 0.104954
5.30489e-17 2.18481 3.60378e+15 0.110692
5.52295e-17 2.2561 3.82326e+15 0.116477
5.74997e-17 2.33091 4.04326e+15 0.122239
5.98632e-17 2.40937 4.2608e+15 0.127895
6.23238e-17 2.49163 4.47241e+15 0.133349
6.48856e-17 2.57783 4.67422e+15 0.138495
6.75527e-17 2.66811 4.86206e+15 0.143219
7.03295e-17 2.76264 5.03159e+15 0.147405
7.32204e-17 2.86157 5.17855e+15 0.150939
7.62301e-17 2.96508 5.29891e+15 0.153715
7.93635e-17 3.07334 5.38916e+15 0.155643
8.26257e-17 3.18653 5.44655e+15 0.156655
8.6022e-17 3.30485 5.46926e+15 0.156707
8.95579e-17 3.42848 5.45655e+15 0.155788
9.32391e-17 3.55763 5.40881e+15 0.153916
9.70717e-17 3.69252 5.32756e+15 0.15114
1.01062e-16 3.83338 5.21529e+15 0.147534
1.05216e-16 3.98042 5.0753e+15 0.143195
1.09541e-16 4.1339 4.9115e+15 0.138235
1.14043e-16 4.29406 4.72812e+15 0.132772
1.18731e-16 4.46118 4.52948e+15 0.126927
1.23612e-16 4.63551 4.31985e+15 0.120817
1.28693e-16 4.81735 4.1032e+15 0.11455
1.33982e-16 5.007 3.88312e+15 0.108226
1.3949e-16 5.20476 3.66277e+15 0.101926
1.45223e-16 5.41095 3.4448e+15 0.0957239
1.51193e-16 5.62591 3.23141e+15 0.0896753
1.57408e-16 5.85 3.02431e+15 0.0838253
1.63878e-16 6.08357 2.8248e+15 0.0782071
1.70614e-16 6.327 2.63384e+15 0.0728438
1.77627e-16 6.5807 2.45204e+15 0.0677502
1.84928e-16 6.84507 2.27977e+15 0.0629339
1.9253e-16 7.12055 2.11716e+15 0.0583968
2.00443e-16 7.40758 1.9642e+15 0.0541364
2.08683e-16 7.70662 1.82073e+15 0.0501468
2.1726e-16 8.01817 1.68649e+15 0.0464193
2.26191e-16 8.34273 1.56116e+15 0.0429437
2.35488e-16 8.68082 1.44435e+15 0.0397083
2.45168e-16 9.033 1.33564e+15 0.0367009
2.55246e-16 9.39984 1.23462e+15 0.0339088
2.65737e-16 9.78193 1.14083e+15 0.0313193
2.76661e-16 10.1799 1.05385e+15 0.0289198
2.88033e-16 10.5944 9.7325e+14 0.0266979
2.99872e-16 11.026 8.9861e+14 0.0246419
3.12198e-16 11.4756 8.29531e+14 0.0227404
3.25031e-16 11.9438 7.65632e+14 0.0209825
3.38391e-16 12.4314 7.0655e+14 0.0193581
3.52301e-16 12.9391 6.51941e+14 0.0178574
3.66782e-16 13.4679 6.01484e+14 0.0164716
3.81858e-16 14.0185 5.54876e+14 0.0151919
3.97555e-16 14.5918 5.11833e+14 0.0140107
4.13896e-16 15.1889 4.72089e+14 0.0129204
4.30909e-16 15.8105 4.354e+14 0.0119143
4.48621e-16 16.4579 4.01535e+14 0.0109859
4.67062e-16 17.1319 3.7028e+14 0.0101293
4.8626e-16 17.8338 3.41439e+14 0.00933913
5.06248e-16 18.5646 3.14826e+14 0.00861017
5.27057e-16 19.3255 2.90273e+14 0.00793777
5.48722e-16 20.1178 2.67621e+14 0.00731757
5.71277e-16 20.9427 2.46725e+14 0.00674556
5.94759e-16 21.8016 2.27449e+14 0.00621801
6.19206e-16 22.6959 2.0967e+14 0.00573149
6.44659e-16 23.627 1.93271e+14 0.00528282
6.71157e-16 24.5965 1.78147e+14 0.00486908
6.98745e-16 25.6059 1.64198e+14 0.00448755
7.27466e-16 26.6569 1.51335e+14 0.00413574
7.57369e-16 27.7511 1.39472e+14 0.00381135
7.885e-16 28.8903 1.28533e+14 0.00351224
8.20911e-16 30.0765 1.18446e+14 0.00323645
8.54654e-16 31.3114 1.09144e+14 0.00298217
8.89785e-16 32.5972 1.00568e+14 0.00274774
9.26359e-16 33.9358 9.26608e+13 0.0025316
9.64437e-16 35.3296 8.53703e+13 0.00233233
1.00408e-15 36.7806 7.86487e+13 0.00214863
1.04535e-15 38.2914 7.2452e+13 0.00197928
1.08832e-15 39.8643 6.67392e+13 0.00182317
1.13306e-15 41.5019 6.14729e+13 0.00167926
1.17963e-15 43.2068 5.66182e+13 0.00154661
1.22812e-15 44.9819 5.21433e+13 0.00142434
1.2786e-15 46.83 4.80184e+13 0.00131165
1.33116e-15 48.7541 4.42165e+13 0.00120777
1.38587e-15 50.7573 4.07124e+13 0.00111204
1.44284e-15 52.8428 3.74829e+13 0.00102381
1.50215e-15 55.0141 3.45066e+13 0.000942505
1.56389e-15 57.2748 3.17638e+13 0.000867577
1.62817e-15 59.6283 2.92362e+13 0.000798532
1.6951e-15 62.0786 2.69072e+13 0.000734911
1.76478e-15 64.6297 2.47613e+13 0.000676292
1.83732e-15 67.2857 2.2784e+13 0.000622283
1.91284e-15 70.0508 2.09624e+13 0.000572526
1.99147e-15 72.9297 1.92842e+13 0.000526687
2.07333e-15 75.9269 1.77383e+13 0.000484461
2.15855e-15 79.0473 1.63143e+13 0.000445566
2.24728e-15 82.296 1.50027e+13 0.000409741
2.33965e-15 85.6783 1.37946e+13 0.000376747
2.43582e-15 89.1996 1.26821e+13 0.000346361
2.53594e-15 92.8656 1.16577e+13 0.00031838
2.64018e-15 96.6824 1.07143e+13 0.000292616
2.74871e-15 100.656 9.84579e+12 0.000268894
2.86169e-15 104.793 9.04618e+12 0.000247055
2.97932e-15 109.1 8.31009e+12 0.000226952
3.10178e-15 113.584 7.63254e+12 0.000208447
3.22928e-15 118.253 7.00895e+12 0.000191416
3.36202e-15 123.113 6.43507e+12 0.000175743
3.50022e-15 128.174 5.907e+12 0.000161321
3.64409e-15 133.442 5.42113e+12 0.000148051
3.79388e-15 138.927 4.97415e+12 0.000135844
3.94983e-15 144.637 4.563e+12 0.000124615
4.11218e-15 150.582 4.18485e+12 0.000114288
4.28121e-15 156.771 3.8371e+12 0.00010479
4.45719e-15 163.215 3.51735e+12 9.60579e-05
4.6404e-15 169.924 3.22339e+12 8.80299e-05
4.83114e-15 176.908 2.95319e+12 8.06506e-05
5.02973e-15 184.179 2.70486e+12 7.38686e-05
5.23647e-15 191.75 2.47667e+12 6.76368e-05
5.45172e-15 199.631 2.26702e+12 6.19114e-05
5.67581e-15 207.837 2.07445e+12 5.66523e-05
5.90911e-15 216.38 1.8976e+12 5.18225e-05
6.152e-15 225.274 1.73521e+12 4.73878e-05
6.40488e-15 234.534 1.58614e+12 4.33168e-05
6.66815e-15 244.174 1.44933e+12 3.95804e-05
6.94224e-15 254.21 1.32379e+12 3.6152e-05
7.2276e-15 264.66 1.20863e+12 3.30069e-05
7.52469e-15 275.538 1.10301e+12 3.01225e-05
7.83399e-15 286.864 1.00617e+12 2.74779e-05
8.156e-15 298.655 9.17406e+11 2.50538e-05
8.49125e-15 310.931 8.36068e+11 2.28325e-05
8.84028e-15 323.712 7.61556e+11 2.07976e-05
9.20366e-15 337.018 6.93321e+11 1.89342e-05
9.58197e-15 350.871 6.30855e+11 1.72282e-05
9.97584e-15 365.293 5.7369e+11 1.56671e-05
1.03859e-14 380.308 5.21395e+11 1.4239e-05
1.08128e-14 395.94 4.73576e+11 1.2933e-05
1.12573e-14 412.215 4.29865e+11 1.17393e-05
1.172e-14 429.159 3.89928e+11 1.06487e-05
1.22017e-14 446.8 3.53456e+11 9.65263e-06
1.27033e-14 465.165 3.20162e+11 8.74341e-06
1.32254e-14 484.285 2.89786e+11 7.91385e-06
1.37691e-14 504.192 2.62086e+11 7.15738e-06
1.4335e-14 524.916 2.36839e+11 6.46792e-06
1.49243e-14 546.493 2.13843e+11 5.83989e-06
1.55377e-14 568.956 1.92908e+11 5.26818e-06
1.61764e-14 592.343 1.73862e+11 4.74804e-06
1.68413e-14 616.691 1.56546e+11 4.27515e-06
1.75336e-14 642.04 1.40813e+11 3.84551e-06
1.82543e-14 668.43 1.2653e+11 3.45544e-06
1.90046e-14 695.906 1.13572e+11 3.10158e-06
1.97858e-14 724.511 1.01826e+11 2.78081e-06
2.05991e-14 754.292 9.11881e+10 2.49028e-06
2.14458e-14 785.297 8.15613e+10 2.22738e-06
2.23274e-14 817.576 7.28579e+10 1.98969e-06
2.32451e-14 851.182 6.49969e+10 1.77502e-06
2.42006e-14 886.17 5.7904e+10 1.58132e-06
2.51954e-14 922.595 5.15111e+10 1.40673e-06
2.6231e-14 960.518 4.57554e+10 1.24955e-06
