#p [g cm s-1]       g []                 n(p) [# cm^-3 p^-1]  n(g) [# cm^-3 g^-1]
3.87176e-18 1.01 1.64977e+13 0.00320963
4.04716e-18 1.01092 1.80097e+13 0.003355
4.2305e-18 1.01193 1.96586e+13 0.00350695
4.42216e-18 1.01303 2.14566e+13 0.00366578
4.62249e-18 1.01422 2.34166e+13 0.00383178
4.8319e-18 1.01553 2.55529e+13 0.0040053
5.0508e-18 1.01696 2.78807e+13 0.00418665
5.27961e-18 1.01852 3.04167e+13 0.0043762
5.51879e-18 1.02021 3.31786e+13 0.0045743
5.76881e-18 1.02207 3.61858e+13 0.00478135
6.03015e-18 1.02409 3.94588e+13 0.00499773
6.30333e-18 1.02629 4.30201e+13 0.00522386
6.58889e-18 1.02869 4.68934e+13 0.00546016
6.88738e-18 1.03131 5.11045e+13 0.00570708
7.1994e-18 1.03417 5.56806e+13 0.00596509
7.52555e-18 1.03727 6.0651e+13 0.00623465
7.86648e-18 1.04066 6.60467e+13 0.00651627
8.22285e-18 1.04435 7.19008e+13 0.00681045
8.59536e-18 1.04836 7.82482e+13 0.00711772
8.98476e-18 1.05273 8.51258e+13 0.00743861
9.39179e-18 1.05748 9.25724e+13 0.00777366
9.81726e-18 1.06265 1.00628e+14 0.00812345
1.0262e-17 1.06827 1.09336e+14 0.00848854
1.07269e-17 1.07438 1.1874e+14 0.00886948
1.12129e-17 1.08101 1.28884e+14 0.00926686
1.17208e-17 1.08821 1.39816e+14 0.00968124
1.22518e-17 1.09603 1.51582e+14 0.0101132
1.28068e-17 1.1045 1.64229e+14 0.0105631
1.3387e-17 1.11369 1.77805e+14 0.0110317
1.39935e-17 1.12364 1.92357e+14 0.0115193
1.46274e-17 1.13441 2.07928e+14 0.0120264
1.52901e-17 1.14607 2.24561e+14 0.0125532
1.59828e-17 1.15867 2.42295e+14 0.0131
1.67068e-17 1.17229 2.61165e+14 0.013667
1.74637e-17 1.18699 2.81201e+14 0.0142543
1.82549e-17 1.20284 3.02423e+14 0.0148615
1.90818e-17 1.21993 3.24846e+14 0.0154886
1.99463e-17 1.23833 3.48473e+14 0.0161348
2.08499e-17 1.25813 3.73297e+14 0.0167995
2.17945e-17 1.27942 3.99296e+14 0.0174815
2.27818e-17 1.30227 4.26434e+14 0.0181796
2.38139e-17 1.3268 4.54658e+14 0.018892
2.48927e-17 1.35309 4.83895e+14 0.0196166
2.60204e-17 1.38125 5.14053e+14 0.0203509
2.71992e-17 1.41137 5.45017e+14 0.0210918
2.84314e-17 1.44356 5.7665e+14 0.0218358
2.97194e-17 1.47794 6.0879e+14 0.0225789
3.10658e-17 1.51461 6.41249e+14 0.0233165
3.24732e-17 1.55368 6.73814e+14 0.0240435
3.39443e-17 1.59529 7.06245e+14 0.0247541
3.5482e-17 1.63954 7.3828e+14 0.0254422
3.70895e-17 1.68657 7.6963e+14 0.0261009
3.87697e-17 1.7365 7.99987e+14 0.0267229
4.05261e-17 1.78946 8.29022e+14 0.0273006
4.2362e-17 1.84559 8.56391e+14 0.027826
4.42811e-17 1.90504 8.81739e+14 0.0282907
4.62872e-17 1.96794 9.04706e+14 0.0286865
4.83841e-17 2.03444 9.24929e+14 0.0290049
5.0576e-17 2.10471 9.42055e+14 0.0292377
5.28672e-17 2.1789 9.55743e+14 0.0293772
5.52622e-17 2.25718 9.65673e+14 0.0294162
5.77658e-17 2.33971 9.71559e+14 0.0293481
6.03827e-17 2.42669 9.73149e+14 0.0291676
6.31182e-17 2.5183 9.70243e+14 0.0288704
6.59776e-17 2.61473 9.62693e+14 0.0284535
6.89666e-17 2.71618 9.50415e+14 0.0279159
7.20909e-17 2.82286 9.33394e+14 0.027258
7.53568e-17 2.935 9.11692e+14 0.0264821
7.87707e-17 3.05283 8.85447e+14 0.0255929
8.23392e-17 3.17658 8.54877e+14 0.0245966
8.60694e-17 3.3065 8.20281e+14 0.0235018
8.99685e-17 3.44286 1.04079e+16 0.297037
9.40443e-17 3.58594 9.54883e+15 0.271544
9.83048e-17 3.73601 8.75649e+15 0.248189
1.02758e-16 3.89338 8.02552e+15 0.226779
1.07413e-16 4.05836 7.35114e+15 0.207141
1.1228e-16 4.23128 6.72904e+15 0.189123
1.17366e-16 4.41248 6.15536e+15 0.172589
1.22683e-16 4.60232 5.62659e+15 0.157419
1.28241e-16 4.80118 5.13956e+15 0.143505
1.34051e-16 5.00944 4.69138e+15 0.13075
1.40123e-16 5.22753 4.27939e+15 0.119066
1.46471e-16 5.45586 3.90113e+15 0.108373
1.53107e-16 5.6949 3.55432e+15 0.0985978
1.60043e-16 5.9451 3.2368e+15 0.0896722
1.67293e-16 6.20697 2.94653e+15 0.0815326
1.74872e-16 6.48102 2.68156e+15 0.0741191
1.82794e-16 6.76778 2.44005e+15 0.0673754
1.91075e-16 7.06783 2.2202e+15 0.0612482
1.99732e-16 7.38175 2.02032e+15 0.0556867
2.0878e-16 7.71015 1.83877e+15 0.0506432
2.18238e-16 8.05369 1.674e+15 0.0460722
2.28125e-16 8.41304 1.52453e+15 0.0419311
2.3846e-16 8.7889 1.38898e+15 0.0381799
2.49262e-16 9.18202 1.26605e+15 0.0347817
2.60555e-16 9.59316 1.15453e+15 0.031702
2.72358e-16 10.0231 1.05331e+15 0.0289094
2.84697e-16 10.4728 9.6139e+14 0.0263754
2.97594e-16 10.943 8.77841e+14 0.0240739
3.11076e-16 11.4347 8.01837e+14 0.0219818
3.25169e-16 11.9488 7.32636e+14 0.0200782
3.399e-16 12.4864 6.69576e+14 0.0183445
3.55298e-16 13.0486 6.12065e+14 0.0167643
3.71394e-16 13.6363 5.59579e+14 0.0153229
3.88219e-16 14.2508 5.1165e+14 0.0140073
4.05806e-16 14.8933 4.67861e+14 0.0128058
4.2419e-16 15.565 4.27837e+14 0.0117081
4.43407e-16 16.2673 3.91246e+14 0.0107049
4.63495e-16 17.0015 3.57785e+14 0.00978779
4.84492e-16 17.7691 3.27182e+14 0.00894929
5.06441e-16 18.5716 2.99191e+14 0.00818255
5.29384e-16 19.4106 2.73587e+14 0.00748138
5.53366e-16 20.2876 2.50165e+14 0.00684014
5.78435e-16 21.2045 2.2874e+14 0.00625367
6.0464e-16 22.1631 2.09142e+14 0.00571733
6.32032e-16 23.1651 1.91215e+14 0.0052268
6.60664e-16 24.2126 1.74816e+14 0.00477818
6.90594e-16 25.3077 1.59817e+14 0.00436788
7.2188e-16 26.4524 1.46097e+14 0.00399265
7.54583e-16 27.6491 1.33548e+14 0.00364947
7.88767e-16 28.9001 1.2207e+14 0.00333564
8.245e-16 30.2078 1.11572e+14 0.00304863
8.61852e-16 31.5748 1.01971e+14 0.00278616
9.00897e-16 33.0039 9.31909e+13 0.00254614
9.41709e-16 34.4977 8.5161e+13 0.00232666
9.84371e-16 36.0592 7.78177e+13 0.00212596
1.02897e-15 37.6916 7.11025e+13 0.00194244
1.07558e-15 39.3979 6.4962e+13 0.00177464
1.12431e-15 41.1816 5.93473e+13 0.00162121
1.17524e-15 43.0462 5.42134e+13 0.00148093
1.22848e-15 44.9952 4.95195e+13 0.00135267
1.28414e-15 47.0327 4.5228e+13 0.00123542
1.34231e-15 49.1624 4.13045e+13 0.00112823
1.40312e-15 51.3887 3.77178e+13 0.00103024
1.46669e-15 53.7159 3.44391e+13 0.000940669
1.53313e-15 56.1485 3.14421e+13 0.000858795
1.60258e-15 58.6914 2.87027e+13 0.000783963
1.67519e-15 61.3495 2.6199e+13 0.000715569
1.75108e-15 64.1281 2.39107e+13 0.000653064
1.8304e-15 67.0325 2.18196e+13 0.000595944
1.91333e-15 70.0686 1.99088e+13 0.000543749
2e-15 73.2423 1.81628e+13 0.000496058
2.09061e-15 76.5597 1.65675e+13 0.000452485
2.18532e-15 80.0275 1.51101e+13 0.000412678
2.28432e-15 83.6524 1.37787e+13 0.000376313
2.38781e-15 87.4415 1.25626e+13 0.000343097
2.49598e-15 91.4024 1.14518e+13 0.00031276
2.60905e-15 95.5426 1.04374e+13 0.000285053
2.72725e-15 99.8705 9.51106e+12 0.000259753
2.8508e-15 104.394 8.66523e+12 0.000236652
2.97995e-15 109.123 7.89301e+12 0.000215561
3.11495e-15 114.067 7.18806e+12 0.000196308
3.25607e-15 119.234 6.5446e+12 0.000178734
3.40357e-15 124.635 5.95736e+12 0.000162696
3.55776e-15 130.281 5.42148e+12 0.000148061
3.71894e-15 136.182 4.93254e+12 0.000134707
3.88742e-15 142.352 4.48649e+12 0.000122526
4.06353e-15 148.8 4.07965e+12 0.000111415
4.24761e-15 155.541 3.70861e+12 0.000101281
4.44004e-15 162.587 3.37029e+12 9.20417e-05
4.64119e-15 169.952 3.06185e+12 8.36182e-05
4.85145e-15 177.651 2.78071e+12 7.59404e-05
5.07123e-15 185.699 2.52451e+12 6.89434e-05
5.30097e-15 194.112 2.29108e+12 6.25684e-05
5.54112e-15 202.905 2.07844e+12 5.67612e-05
5.79214e-15 212.097 1.88478e+12 5.14724e-05
6.05454e-15 221.705 1.70845e+12 4.66571e-05
6.32883e-15 231.749 1.54795e+12 4.22738e-05
6.61554e-15 242.247 1.40189e+12 3.82849e-05
6.91524e-15 253.222 1.26901e+12 3.46559e-05
7.22852e-15 264.693 1.14815e+12 3.13553e-05
7.55599e-15 276.684 1.03826e+12 2.83543e-05
7.89829e-15 289.219 9.3838e+11 2.56266e-05
8.25611e-15 302.321 8.47626e+11 2.31481e-05
8.63013e-15 316.017 7.65195e+11 2.0897e-05
9.02109e-15 330.333 6.90352e+11 1.88531e-05
9.42977e-15 345.298 6.22426e+11 1.6998e-05
9.85697e-15 360.94 5.60803e+11 1.53151e-05
1.03035e-14 377.292 5.04922e+11 1.37891e-05
1.07703e-14 394.384 4.54274e+11 1.24059e-05
1.12582e-14 412.25 4.08389e+11 1.11528e-05
1.17682e-14 430.926 3.66842e+11 1.00182e-05
1.23014e-14 450.448 3.29243e+11 8.99141e-06
1.28586e-14 470.854 2.95237e+11 8.06271e-06
1.34412e-14 492.185 2.64498e+11 7.22326e-06
1.40501e-14 514.482 2.36731e+11 6.46496e-06
1.46866e-14 537.79 2.11665e+11 5.78042e-06
1.53519e-14 562.153 1.89053e+11 5.16291e-06
1.60474e-14 587.62 1.68671e+11 4.60628e-06
1.67744e-14 614.24 1.50312e+11 4.10492e-06
1.75343e-14 642.067 1.33791e+11 3.65373e-06
1.83287e-14 671.154 1.18935e+11 3.24803e-06
1.9159e-14 701.559 1.05589e+11 2.88357e-06
2.0027e-14 733.341 9.36125e+10 2.55649e-06
2.09342e-14 766.563 8.28746e+10 2.26324e-06
2.18826e-14 801.291 7.32581e+10 2.00062e-06
2.2874e-14 837.591 6.46556e+10 1.7657e-06
2.39102e-14 875.536 5.69696e+10 1.5558e-06
2.49934e-14 915.2 5.0111e+10 1.36849e-06
2.61257e-14 956.661 4.3999e+10 1.20158e-06
