#p [g cm s-1]       g []                 n(p) [# cm^-3 p^-1]  n(g) [# cm^-3 g^-1]
3.87176e-18 1.01 4.49374e+12 0.00087426
4.04716e-18 1.01092 5.12218e+12 0.000954205
4.2305e-18 1.01193 5.83744e+12 0.00104135
4.42216e-18 1.01303 6.65123e+12 0.00113634
4.62249e-18 1.01422 7.57682e+12 0.00123984
4.8319e-18 1.01553 8.62917e+12 0.00135258
5.0508e-18 1.01696 9.82512e+12 0.00147537
5.27961e-18 1.01852 1.11837e+13 0.00160905
5.51879e-18 1.02021 1.27262e+13 0.00175455
5.76881e-18 1.02207 1.44766e+13 0.00191285
6.03015e-18 1.02409 1.64619e+13 0.00208501
6.30333e-18 1.02629 1.8712e+13 0.00227217
6.58889e-18 1.02869 2.12606e+13 0.00247554
6.88738e-18 1.03131 2.41452e+13 0.00269641
7.1994e-18 1.03417 2.74074e+13 0.00293617
7.52555e-18 1.03727 3.10934e+13 0.00319626
7.86648e-18 1.04066 3.52544e+13 0.00347825
8.22285e-18 1.04435 3.99467e+13 0.00378375
8.59536e-18 1.04836 4.52324e+13 0.00411449
8.98476e-18 1.05273 5.11794e+13 0.00447224
9.39179e-18 1.05748 5.78619e+13 0.00485889
9.81726e-18 1.06265 6.53603e+13 0.00527635
1.0262e-17 1.06827 7.37616e+13 0.00572663
1.07269e-17 1.07438 8.31594e+13 0.00621174
1.12129e-17 1.08101 9.36537e+13 0.00673376
1.17208e-17 1.08821 1.05351e+14 0.00729476
1.22518e-17 1.09603 1.18362e+14 0.00789678
1.28068e-17 1.1045 1.32803e+14 0.00854185
1.3387e-17 1.11369 1.48797e+14 0.0092319
1.39935e-17 1.12364 1.66464e+14 0.00996876
1.46274e-17 1.13441 1.85931e+14 0.0107541
1.52901e-17 1.14607 2.07319e+14 0.0115893
1.59828e-17 1.15867 2.30748e+14 0.0124757
1.67068e-17 1.17229 2.56332e+14 0.0134141
1.74637e-17 1.18699 2.84174e+14 0.014405
1.82549e-17 1.20284 3.14364e+14 0.0154484
1.90818e-17 1.21993 3.46977e+14 0.0165438
1.99463e-17 1.23833 3.82064e+14 0.0176901
2.08499e-17 1.25813 4.19651e+14 0.0188855
2.17945e-17 1.27942 4.59733e+14 0.0201275
2.27818e-17 1.30227 5.02268e+14 0.0214126
2.38139e-17 1.3268 5.47178e+14 0.0227365
2.48927e-17 1.35309 5.94335e+14 0.0240938
2.60204e-17 1.38125 6.43566e+14 0.0254782
2.71992e-17 1.41137 6.94645e+14 0.0268822
2.84314e-17 1.44356 7.4729e+14 0.0282973
2.97194e-17 1.47794 8.01165e+14 0.0297137
3.10658e-17 1.51461 8.55876e+14 0.0311206
3.24732e-17 1.55368 9.10974e+14 0.032506
3.39443e-17 1.59529 9.65956e+14 0.0338571
3.5482e-17 1.63954 1.02027e+15 0.0351599
3.70895e-17 1.68657 1.07332e+15 0.0364
3.87697e-17 1.7365 1.12447e+15 0.037562
4.05261e-17 1.78946 1.17306e+15 0.0386303
4.2362e-17 1.84559 1.21842e+15 0.0395892
4.42811e-17 1.90504 1.25987e+15 0.040423
4.62872e-17 1.96794 1.29672e+15 0.0411165
4.83841e-17 2.03444 1.32833e+15 0.0416552
5.0576e-17 2.10471 1.3541e+15 0.0420258
5.28672e-17 2.1789 1.37345e+15 0.0422165
5.52622e-17 2.25718 1.3859e+15 0.0422172
5.77658e-17 2.33971 1.39106e+15 0.0420203
6.03827e-17 2.42669 1.38862e+15 0.0416204
6.31182e-17 2.5183 1.3784e+15 0.0410153
6.59776e-17 2.61473 1.36031e+15 0.0402057
6.89666e-17 2.71618 1.33444e+15 0.0391957
7.20909e-17 2.82286 1.30099e+15 0.0379929
7.53568e-17 2.935 1.26029e+15 0.036608
7.87707e-17 3.05283 1.21283e+15 0.0350555
8.23392e-17 3.17658 1.1592e+15 0.0333527
8.60694e-17 3.3065 1.31184e+16 0.375855
8.99685e-17 3.44286 1.35708e+16 0.387307
9.40443e-17 3.58594 1.2333e+16 0.350717
9.83048e-17 3.73601 1.11941e+16 0.31728
1.02758e-16 3.89338 1.01475e+16 0.286739
1.07413e-16 4.05836 9.18649e+15 0.258858
1.1228e-16 4.23128 8.30528e+15 0.233423
1.17366e-16 4.41248 7.49829e+15 0.210243
1.22683e-16 4.60232 6.76041e+15 0.18914
1.28241e-16 4.80118 6.08683e+15 0.169954
1.34051e-16 5.00944 5.47304e+15 0.152535
1.40123e-16 5.22753 4.91482e+15 0.136745
1.46471e-16 5.45586 4.40814e+15 0.122458
1.53107e-16 5.6949 3.9492e+15 0.109552
1.60043e-16 5.9451 3.53435e+15 0.0979155
1.67293e-16 6.20697 3.16013e+15 0.0874431
1.74872e-16 6.48102 2.82325e+15 0.0780352
1.82794e-16 6.76778 2.52053e+15 0.0695978
1.91075e-16 7.06783 2.249e+15 0.0620427
1.99732e-16 7.38175 2.00582e+15 0.0552871
2.0878e-16 7.71015 1.78832e+15 0.0492536
2.18238e-16 8.05369 1.594e+15 0.0438703
2.28125e-16 8.41304 1.42054e+15 0.0390708
2.3846e-16 8.7889 1.26579e+15 0.0347938
2.49262e-16 9.18202 1.1278e+15 0.0309836
2.60555e-16 9.59316 1.00476e+15 0.0275897
2.72358e-16 10.0231 8.95072e+14 0.0245663
2.84697e-16 10.4728 7.97264e+14 0.0218726
2.97594e-16 10.943 7.1004e+14 0.0194721
3.11076e-16 11.4347 6.32239e+14 0.0173324
3.25169e-16 11.9488 5.62832e+14 0.0154246
3.399e-16 12.4864 5.00904e+14 0.0137234
3.55298e-16 13.0486 4.45647e+14 0.0122062
3.71394e-16 13.6363 3.96343e+14 0.0108531
3.88219e-16 14.2508 3.52356e+14 0.00964636
4.05806e-16 14.8933 3.13121e+14 0.00857043
4.2419e-16 15.565 2.78133e+14 0.00761133
4.43407e-16 16.2673 2.46945e+14 0.00675666
4.63495e-16 17.0015 2.19154e+14 0.00599532
4.84492e-16 17.7691 1.94402e+14 0.0053174
5.06441e-16 18.5716 1.72367e+14 0.00471405
5.29384e-16 19.4106 1.5276e+14 0.00417731
5.53366e-16 20.2876 1.35322e+14 0.00370004
5.78435e-16 21.2045 1.19822e+14 0.00327588
6.0464e-16 22.1631 1.0605e+14 0.0028991
6.32032e-16 23.1651 9.3821e+13 0.00256457
6.60664e-16 24.2126 8.29667e+13 0.00226769
6.90594e-16 25.3077 7.33374e+13 0.00200435
7.2188e-16 26.4524 6.4799e+13 0.00177088
7.54583e-16 27.6491 5.72314e+13 0.00156397
7.88767e-16 28.9001 5.05275e+13 0.0013807
8.245e-16 30.2078 4.45914e+13 0.00121842
8.61852e-16 31.5748 3.93375e+13 0.00107482
9.00897e-16 33.0039 3.46894e+13 0.000947776
9.41709e-16 34.4977 3.05791e+13 0.000835443
9.84371e-16 36.0592 2.69459e+13 0.000736156
1.02897e-15 37.6916 2.37358e+13 0.000648435
1.07558e-15 39.3979 2.09006e+13 0.000570964
1.12431e-15 41.1816 1.83976e+13 0.000502573
1.17524e-15 43.0462 1.61887e+13 0.000442221
1.22848e-15 44.9952 1.42402e+13 0.000388984
1.28414e-15 47.0327 1.25219e+13 0.00034204
1.34231e-15 49.1624 1.10072e+13 0.000300662
1.40312e-15 51.3887 9.67261e+12 0.000264202
1.46669e-15 53.7159 8.497e+12 0.000232087
1.53313e-15 56.1485 7.46184e+12 0.00020381
1.60258e-15 58.6914 6.55067e+12 0.00017892
1.67519e-15 61.3495 5.74892e+12 0.000157019
1.75108e-15 64.1281 5.04368e+12 0.000137756
1.8304e-15 67.0325 4.42354e+12 0.000120817
1.91333e-15 70.0686 3.87842e+12 0.000105927
2e-15 73.2423 3.39939e+12 9.28434e-05
2.09061e-15 76.5597 2.97858e+12 8.13498e-05
2.18532e-15 80.0275 2.60903e+12 7.12563e-05
2.28432e-15 83.6524 2.28461e+12 6.23953e-05
2.38781e-15 87.4415 1.99988e+12 5.46187e-05
2.49598e-15 91.4024 1.75007e+12 4.77959e-05
2.60905e-15 95.5426 1.53097e+12 4.18118e-05
2.72725e-15 99.8705 1.33885e+12 3.65649e-05
2.8508e-15 104.394 1.17046e+12 3.19659e-05
2.97995e-15 109.123 1.0229e+12 2.79359e-05
3.11495e-15 114.067 8.93643e+11 2.44056e-05
3.25607e-15 119.234 7.80446e+11 2.13141e-05
3.40357e-15 124.635 6.81348e+11 1.86077e-05
3.55776e-15 130.281 5.9462e+11 1.62391e-05
3.71894e-15 136.182 5.18742e+11 1.41668e-05
3.88742e-15 142.352 4.52377e+11 1.23544e-05
4.06353e-15 148.8 3.94352e+11 1.07697e-05
4.24761e-15 155.541 3.43635e+11 9.38461e-06
4.44004e-15 162.587 2.99321e+11 8.17438e-06
4.64119e-15 169.952 2.60614e+11 7.11729e-06
4.85145e-15 177.651 2.26816e+11 6.19428e-06
5.07123e-15 185.699 1.97316e+11 5.38863e-06
5.30097e-15 194.112 1.71576e+11 4.68566e-06
5.54112e-15 202.905 1.49124e+11 4.07252e-06
5.79214e-15 212.097 1.29549e+11 3.53792e-06
6.05454e-15 221.705 1.12488e+11 3.07198e-06
6.32883e-15 231.749 9.76237e+10 2.66605e-06
6.61554e-15 242.247 8.46792e+10 2.31255e-06
6.91524e-15 253.222 7.34111e+10 2.00482e-06
7.22852e-15 264.693 6.36065e+10 1.73706e-06
7.55599e-15 276.684 5.50791e+10 1.50418e-06
7.89829e-15 289.219 4.7666e+10 1.30173e-06
8.25611e-15 302.321 4.12246e+10 1.12582e-06
8.63013e-15 316.017 3.56303e+10 9.73042e-07
9.02109e-15 330.333 3.07743e+10 8.40427e-07
9.42977e-15 345.298 2.65613e+10 7.25372e-07
9.85697e-15 360.94 2.29082e+10 6.25609e-07
1.03035e-14 377.292 1.97425e+10 5.39153e-07
1.07703e-14 394.384 1.70006e+10 4.64276e-07
1.12582e-14 412.25 1.46275e+10 3.99467e-07
1.17682e-14 430.926 1.25747e+10 3.43408e-07
1.23014e-14 450.448 1.08004e+10 2.94951e-07
1.28586e-14 470.854 9.26768e+09 2.53094e-07
1.34412e-14 492.185 7.94474e+09 2.16965e-07
1.40501e-14 514.482 6.80371e+09 1.85805e-07
1.46866e-14 537.79 5.82039e+09 1.58951e-07
1.53519e-14 562.153 4.97367e+09 1.35827e-07
1.60474e-14 587.62 4.24522e+09 1.15934e-07
1.67744e-14 614.24 3.6191e+09 9.88351e-08
1.75343e-14 642.067 3.08146e+09 8.41523e-08
1.83287e-14 671.154 2.62024e+09 7.15568e-08
1.9159e-14 701.559 2.22501e+09 6.07634e-08
2.0027e-14 733.341 1.8867e+09 5.15243e-08
2.09342e-14 766.563 1.59744e+09 4.36248e-08
2.18826e-14 801.291 1.35042e+09 3.6879e-08
2.2874e-14 837.591 1.13975e+09 3.11257e-08
2.39102e-14 875.536 9.60307e+08 2.62253e-08
2.49934e-14 915.2 8.07684e+08 2.20573e-08
2.61257e-14 956.661 7.07156e+08 1.93119e-08
