#p [g cm s-1]       g []                 n(p) [# cm^-3 p^-1]  n(g) [# cm^-3 g^-1]
3.87176e-18 1.01 1.83676e+13 0.00357343
4.04716e-18 1.01092 2.09297e+13 0.00389897
4.2305e-18 1.01193 2.3844e+13 0.0042536
4.42216e-18 1.01303 2.71579e+13 0.00463983
4.62249e-18 1.01422 3.09245e+13 0.00506035
4.8319e-18 1.01553 3.52039e+13 0.00551805
5.0508e-18 1.01696 4.00635e+13 0.00601605
5.27961e-18 1.01852 4.55791e+13 0.00655769
5.51879e-18 1.02021 5.18357e+13 0.00714654
5.76881e-18 1.02207 5.89286e+13 0.00778643
6.03015e-18 1.02409 6.6964e+13 0.00848145
6.30333e-18 1.02629 7.60608e+13 0.00923593
6.58889e-18 1.02869 8.63509e+13 0.0100545
6.88738e-18 1.03131 9.79809e+13 0.010942
7.1994e-18 1.03417 1.11113e+14 0.0119036
7.52555e-18 1.03727 1.25927e+14 0.0129448
7.86648e-18 1.04066 1.4262e+14 0.0140711
8.22285e-18 1.04435 1.61407e+14 0.0152885
8.59536e-18 1.04836 1.82525e+14 0.0166031
8.98476e-18 1.05273 2.06231e+14 0.0180212
9.39179e-18 1.05748 2.32802e+14 0.0195493
9.81726e-18 1.06265 2.62537e+14 0.0211939
1.0262e-17 1.06827 2.95756e+14 0.0229616
1.07269e-17 1.07438 3.32799e+14 0.024859
1.12129e-17 1.08101 3.74024e+14 0.0268925
1.17208e-17 1.08821 4.19805e+14 0.0290685
1.22518e-17 1.09603 4.70532e+14 0.0313927
1.28068e-17 1.1045 5.26601e+14 0.0338707
1.3387e-17 1.11369 5.88413e+14 0.0365074
1.39935e-17 1.12364 6.56369e+14 0.0393068
1.46274e-17 1.13441 7.30858e+14 0.0422722
1.52901e-17 1.14607 8.12252e+14 0.0454057
1.59828e-17 1.15867 9.00895e+14 0.0487081
1.67068e-17 1.17229 9.97091e+14 0.0521787
1.74637e-17 1.18699 1.10109e+15 0.0558152
1.82549e-17 1.20284 1.21309e+15 0.0596133
1.90818e-17 1.21993 1.3332e+15 0.0635666
1.99463e-17 1.23833 1.46144e+15 0.0676667
2.08499e-17 1.25813 1.59773e+15 0.0719025
2.17945e-17 1.27942 1.74187e+15 0.0762606
2.27818e-17 1.30227 1.89354e+15 0.0807249
2.38139e-17 1.3268 2.05228e+15 0.0852767
2.48927e-17 1.35309 2.21749e+15 0.0898948
2.60204e-17 1.38125 2.38841e+15 0.0945552
2.71992e-17 1.41137 2.56418e+15 0.0992318
2.84314e-17 1.44356 2.74373e+15 0.103896
2.97194e-17 1.47794 2.92593e+15 0.108517
3.10658e-17 1.51461 3.10946e+15 0.113063
3.24732e-17 1.55368 3.29295e+15 0.117501
3.39443e-17 1.59529 3.47491e+15 0.121797
3.5482e-17 1.63954 3.65379e+15 0.125915
3.70895e-17 1.68657 3.82801e+15 0.129821
3.87697e-17 1.7365 3.99599e+15 0.133483
4.05261e-17 1.78946 4.15613e+15 0.136866
4.2362e-17 1.84559 4.3069e+15 0.139941
4.42811e-17 1.90504 4.44686e+15 0.142678
4.62872e-17 1.96794 4.57463e+15 0.145053
4.83841e-17 2.03444 4.68898e+15 0.147042
5.0576e-17 2.10471 4.78883e+15 0.148627
5.28672e-17 2.1789 4.87325e+15 0.149792
5.52622e-17 2.25718 4.94149e+15 0.150527
5.77658e-17 2.33971 4.99301e+15 0.150825
6.03827e-17 2.42669 5.02744e+15 0.150684
6.31182e-17 2.5183 5.04462e+15 0.150107
6.59776e-17 2.61473 5.04458e+15 0.149099
6.89666e-17 2.71618 5.02756e+15 0.147671
7.20909e-17 2.82286 4.99397e+15 0.145839
7.53568e-17 2.935 4.94436e+15 0.14362
7.87707e-17 3.05283 4.87948e+15 0.141036
8.23392e-17 3.17658 4.80019e+15 0.138112
8.60694e-17 3.3065 4.70747e+15 0.134873
8.99685e-17 3.44286 4.6024e+15 0.131351
9.40443e-17 3.58594 4.48613e+15 0.127574
9.83048e-17 3.73601 4.35988e+15 0.123574
1.02758e-16 3.89338 4.22489e+15 0.119384
1.07413e-16 4.05836 4.08244e+15 0.115035
1.1228e-16 4.23128 3.9338e+15 0.110561
1.17366e-16 4.41248 3.7802e+15 0.105992
1.22683e-16 4.60232 3.62287e+15 0.101359
1.28241e-16 4.80118 3.46298e+15 0.096692
1.34051e-16 5.00944 3.30165e+15 0.0920175
1.40123e-16 5.22753 3.13992e+15 0.0873621
1.46471e-16 5.45586 2.97876e+15 0.0827496
1.53107e-16 5.6949 2.81908e+15 0.078202
1.60043e-16 5.9451 2.66168e+15 0.0737392
1.67293e-16 6.20697 2.50729e+15 0.0693786
1.74872e-16 6.48102 2.35655e+15 0.0651357
1.82794e-16 6.76778 2.21001e+15 0.0610236
1.91075e-16 7.06783 2.06814e+15 0.0570533
1.99732e-16 7.38175 1.93133e+15 0.0532339
2.0878e-16 7.71015 1.79988e+15 0.0495721
2.18238e-16 8.05369 1.67404e+15 0.0460733
2.28125e-16 8.41304 1.55397e+15 0.0427407
2.3846e-16 8.7889 1.43978e+15 0.0395763
2.49262e-16 9.18202 1.33151e+15 0.0365802
2.60555e-16 9.59316 1.22917e+15 0.0337517
2.72358e-16 10.0231 1.13271e+15 0.0310886
2.84697e-16 10.4728 1.04204e+15 0.0285878
2.97594e-16 10.943 9.57026e+14 0.0262455
3.11076e-16 11.4347 8.7753e+14 0.0240569
3.25169e-16 11.9488 8.03372e+14 0.0220167
3.399e-16 12.4864 7.34356e+14 0.0201193
3.55298e-16 13.0486 6.7027e+14 0.0183586
3.71394e-16 13.6363 6.10893e+14 0.0167281
3.88219e-16 14.2508 5.55994e+14 0.0152213
4.05806e-16 14.8933 5.05338e+14 0.0138316
4.2419e-16 15.565 4.5869e+14 0.0125524
4.43407e-16 16.2673 4.15813e+14 0.0113771
4.63495e-16 17.0015 3.76474e+14 0.010299
4.84492e-16 17.7691 3.40445e+14 0.00931204
5.06441e-16 18.5716 3.07503e+14 0.00840986
5.29384e-16 19.4106 2.77433e+14 0.00758655
5.53366e-16 20.2876 2.50028e+14 0.00683637
5.78435e-16 21.2045 2.25089e+14 0.00615387
6.0464e-16 22.1631 2.02429e+14 0.00553383
6.32032e-16 23.1651 1.81869e+14 0.00497133
6.60664e-16 24.2126 1.63239e+14 0.00446173
6.90594e-16 25.3077 1.4638e+14 0.00400064
7.2188e-16 26.4524 1.31143e+14 0.00358399
7.54583e-16 27.6491 1.1739e+14 0.00320794
7.88767e-16 28.9001 1.04991e+14 0.00286893
8.245e-16 30.2078 9.38241e+13 0.00256367
8.61852e-16 31.5748 8.37791e+13 0.00228909
9.00897e-16 33.0039 7.47526e+13 0.00204238
9.41709e-16 34.4977 6.66497e+13 0.00182092
9.84371e-16 36.0592 5.93829e+13 0.00162233
1.02897e-15 37.6916 5.28723e+13 0.00144441
1.07558e-15 39.3979 4.70444e+13 0.00128516
1.12431e-15 41.1816 4.18323e+13 0.00114275
1.17524e-15 43.0462 3.71748e+13 0.00101549
1.22848e-15 44.9952 3.30164e+13 0.000901876
1.28414e-15 47.0327 2.93065e+13 0.000800518
1.34231e-15 49.1624 2.59991e+13 0.000710163
1.40312e-15 51.3887 2.30528e+13 0.000629674
1.46669e-15 53.7159 2.043e+13 0.000558026
1.53313e-15 56.1485 1.80968e+13 0.000494288
1.60258e-15 58.6914 1.60225e+13 0.000437625
1.67519e-15 61.3495 1.41795e+13 0.000387283
1.75108e-15 64.1281 1.2543e+13 0.000342582
1.8304e-15 67.0325 1.10908e+13 0.000302914
1.91333e-15 70.0686 9.80272e+12 0.000267732
2e-15 73.2423 8.66089e+12 0.000236544
2.09061e-15 76.5597 7.64922e+12 0.000208912
2.18532e-15 80.0275 6.7533e+12 0.000184442
2.28432e-15 83.6524 5.96026e+12 0.000162782
2.38781e-15 87.4415 5.25862e+12 0.000143618
2.49598e-15 91.4024 4.63809e+12 0.00012667
2.60905e-15 95.5426 4.08955e+12 0.000111689
2.72725e-15 99.8705 3.60482e+12 9.84499e-05
2.8508e-15 104.394 3.17666e+12 8.6756e-05
2.97995e-15 109.123 2.79859e+12 7.64306e-05
3.11495e-15 114.067 2.46488e+12 6.73166e-05
3.25607e-15 119.234 2.17043e+12 5.92748e-05
3.40357e-15 124.635 1.91069e+12 5.21811e-05
3.55776e-15 130.281 1.68165e+12 4.5926e-05
3.71894e-15 136.182 1.47974e+12 4.04117e-05
3.88742e-15 142.352 1.3018e+12 3.55521e-05
4.06353e-15 148.8 1.14503e+12 3.12706e-05
4.24761e-15 155.541 1.00694e+12 2.74993e-05
4.44004e-15 162.587 8.85338e+11 2.41784e-05
4.64119e-15 169.952 7.78284e+11 2.12547e-05
4.85145e-15 177.651 6.84058e+11 1.86814e-05
5.07123e-15 185.699 6.01141e+11 1.64169e-05
5.30097e-15 194.112 5.28192e+11 1.44247e-05
5.54112e-15 202.905 4.64025e+11 1.26723e-05
5.79214e-15 212.097 4.07595e+11 1.11312e-05
6.05454e-15 221.705 3.57978e+11 9.7762e-06
6.32883e-15 231.749 3.14359e+11 8.58498e-06
6.61554e-15 242.247 2.7602e+11 7.53796e-06
6.91524e-15 253.222 2.42327e+11 6.61782e-06
7.22852e-15 264.693 2.12722e+11 5.80933e-06
7.55599e-15 276.684 1.86714e+11 5.09904e-06
7.89829e-15 289.219 1.63867e+11 4.47512e-06
8.25611e-15 302.321 1.43802e+11 3.92713e-06
8.63013e-15 316.017 1.26181e+11 3.44592e-06
9.02109e-15 330.333 1.10709e+11 3.02338e-06
9.42977e-15 345.298 9.71248e+10 2.65242e-06
9.85697e-15 360.94 8.52004e+10 2.32677e-06
1.03035e-14 377.292 7.47339e+10 2.04093e-06
1.07703e-14 394.384 6.55479e+10 1.79007e-06
1.12582e-14 412.25 5.74867e+10 1.56992e-06
1.17682e-14 430.926 5.04132e+10 1.37675e-06
1.23014e-14 450.448 4.4207e+10 1.20726e-06
1.28586e-14 470.854 3.87623e+10 1.05857e-06
1.34412e-14 492.185 3.39859e+10 9.28132e-07
1.40501e-14 514.482 2.97964e+10 8.13717e-07
1.46866e-14 537.79 2.61217e+10 7.13365e-07
1.53519e-14 562.153 2.2899e+10 6.25354e-07
1.60474e-14 587.62 2.00727e+10 5.48172e-07
1.67744e-14 614.24 1.75944e+10 4.80491e-07
1.75343e-14 642.067 1.54214e+10 4.21146e-07
1.83287e-14 671.154 1.35161e+10 3.69114e-07
1.9159e-14 701.559 1.18456e+10 3.23495e-07
2.0027e-14 733.341 1.03812e+10 2.83502e-07
2.09342e-14 766.563 9.0974e+09 2.48443e-07
2.18826e-14 801.291 7.97207e+09 2.17711e-07
2.2874e-14 837.591 6.98568e+09 1.90774e-07
2.39102e-14 875.536 6.12111e+09 1.67163e-07
2.49934e-14 915.2 5.36336e+09 1.46469e-07
2.61257e-14 956.661 4.69582e+09 1.28239e-07
