#p [g cm s-1]       g []                 n(p) [# cm^-3 p^-1]  n(g) [# cm^-3 g^-1]
3.87176e-18 1.01 5.88537e+13 0.01145
4.04716e-18 1.01092 6.42283e+13 0.011965
4.2305e-18 1.01193 7.00858e+13 0.0125028
4.42216e-18 1.01303 7.64682e+13 0.0130643
4.62249e-18 1.01422 8.34207e+13 0.0136506
4.8319e-18 1.01553 9.09922e+13 0.0142626
5.0508e-18 1.01696 9.92353e+13 0.0149015
5.27961e-18 1.01852 1.08207e+14 0.0155682
5.51879e-18 1.02021 1.17967e+14 0.016264
5.76881e-18 1.02207 1.28582e+14 0.01699
6.03015e-18 1.02409 1.40121e+14 0.0177472
6.30333e-18 1.02629 1.52659e+14 0.0185371
6.58889e-18 1.02869 1.66275e+14 0.0193607
6.88738e-18 1.03131 1.81055e+14 0.0202192
7.1994e-18 1.03417 1.97088e+14 0.0211141
7.52555e-18 1.03727 2.14469e+14 0.0220465
7.86648e-18 1.04066 2.33299e+14 0.0230176
8.22285e-18 1.04435 2.53683e+14 0.0240289
8.59536e-18 1.04836 2.75732e+14 0.0250815
8.98476e-18 1.05273 2.99559e+14 0.0261766
9.39179e-18 1.05748 3.25285e+14 0.0273155
9.81726e-18 1.06265 3.53032e+14 0.0284993
1.0262e-17 1.06827 3.82925e+14 0.0297291
1.07269e-17 1.07438 4.15092e+14 0.031006
1.12129e-17 1.08101 4.4966e+14 0.0323309
1.17208e-17 1.08821 4.86758e+14 0.0337044
1.22518e-17 1.09603 5.26511e+14 0.0351274
1.28068e-17 1.1045 5.6904e+14 0.0366003
1.3387e-17 1.11369 6.1446e+14 0.0381234
1.39935e-17 1.12364 6.62879e+14 0.0396967
1.46274e-17 1.13441 7.14393e+14 0.0413199
1.52901e-17 1.14607 7.69082e+14 0.0429925
1.59828e-17 1.15867 8.27012e+14 0.0447135
1.67068e-17 1.17229 8.88227e+14 0.0464818
1.74637e-17 1.18699 9.52747e+14 0.0482954
1.82549e-17 1.20284 1.02057e+15 0.0501522
1.90818e-17 1.21993 1.09164e+15 0.0520493
1.99463e-17 1.23833 1.16591e+15 0.0539833
2.08499e-17 1.25813 1.24326e+15 0.0559501
2.17945e-17 1.27942 1.32353e+15 0.0579452
2.27818e-17 1.30227 1.40654e+15 0.0599631
2.38139e-17 1.3268 1.49204e+15 0.0619976
2.48927e-17 1.35309 1.57976e+15 0.0640419
2.60204e-17 1.38125 1.66935e+15 0.0660883
2.71992e-17 1.41137 1.76046e+15 0.0681285
2.84314e-17 1.44356 1.85265e+15 0.0701534
2.97194e-17 1.47794 1.94546e+15 0.0721533
3.10658e-17 1.51461 2.03838e+15 0.0741178
3.24732e-17 1.55368 2.13089e+15 0.076036
3.39443e-17 1.59529 2.22242e+15 0.0778965
3.5482e-17 1.63954 2.31238e+15 0.0796878
3.70895e-17 1.68657 2.40016e+15 0.081398
3.87697e-17 1.7365 2.48517e+15 0.083015
4.05261e-17 1.78946 2.56679e+15 0.0845271
4.2362e-17 1.84559 2.64442e+15 0.0859228
4.42811e-17 1.90504 2.71748e+15 0.0871909
4.62872e-17 1.96794 2.78543e+15 0.0883207
4.83841e-17 2.03444 2.84775e+15 0.0893026
5.0576e-17 2.10471 2.90396e+15 0.0901275
5.28672e-17 2.1789 2.95364e+15 0.0907877
5.52622e-17 2.25718 2.99642e+15 0.0912764
5.77658e-17 2.33971 3.032e+15 0.0915884
6.03827e-17 2.42669 3.06013e+15 0.0917196
6.31182e-17 2.5183 3.08065e+15 0.0916674
6.59776e-17 2.61473 3.09345e+15 0.0914307
6.89666e-17 2.71618 3.0985e+15 0.0910102
7.20909e-17 2.82286 3.09583e+15 0.0904076
7.53568e-17 2.935 3.08554e+15 0.0896264
7.87707e-17 3.05283 3.0678e+15 0.0886715
8.23392e-17 3.17658 3.04284e+15 0.0875489
8.60694e-17 3.3065 3.01093e+15 0.0862661
8.99685e-17 3.44286 2.97241e+15 0.0848314
9.40443e-17 3.58594 2.92764e+15 0.0832545
9.83048e-17 3.73601 2.87705e+15 0.0815455
1.02758e-16 3.89338 2.82107e+15 0.0797156
1.07413e-16 4.05836 2.76017e+15 0.0777762
1.1228e-16 4.23128 2.69483e+15 0.0757394
1.17366e-16 4.41248 2.62555e+15 0.0736173
1.22683e-16 4.60232 2.55283e+15 0.0714223
1.28241e-16 4.80118 2.47718e+15 0.0691667
1.34051e-16 5.00944 2.39908e+15 0.0668627
1.40123e-16 5.22753 2.31901e+15 0.064522
1.46471e-16 5.45586 2.23746e+15 0.0621562
1.53107e-16 5.6949 2.15486e+15 0.0597764
1.60043e-16 5.9451 2.07165e+15 0.057393
1.67293e-16 6.20697 1.98823e+15 0.0550159
1.74872e-16 6.48102 1.90499e+15 0.0526543
1.82794e-16 6.76778 1.82225e+15 0.0503167
1.91075e-16 7.06783 1.74036e+15 0.0480109
1.99732e-16 7.38175 1.65959e+15 0.0457439
2.0878e-16 7.71015 1.58022e+15 0.0435222
2.18238e-16 8.05369 1.50246e+15 0.0413511
2.28125e-16 8.41304 1.42653e+15 0.0392355
2.3846e-16 8.7889 1.35259e+15 0.0371796
2.49262e-16 9.18202 1.28079e+15 0.0351867
2.60555e-16 9.59316 1.21126e+15 0.0332597
2.72358e-16 10.0231 1.14408e+15 0.0314006
2.84697e-16 10.4728 1.07934e+15 0.0296112
2.97594e-16 10.943 1.01708e+15 0.0278925
3.11076e-16 11.4347 9.57347e+14 0.026245
3.25169e-16 11.9488 9.00146e+14 0.0246688
3.399e-16 12.4864 8.45478e+14 0.0231638
3.55298e-16 13.0486 7.9333e+14 0.0217291
3.71394e-16 13.6363 7.43674e+14 0.020364
3.88219e-16 14.2508 6.9647e+14 0.0190671
4.05806e-16 14.8933 6.51672e+14 0.0178369
4.2419e-16 15.565 6.09223e+14 0.0166718
4.43407e-16 16.2673 5.69058e+14 0.01557
4.63495e-16 17.0015 5.3111e+14 0.0145294
4.84492e-16 17.7691 4.95304e+14 0.0135479
5.06441e-16 18.5716 4.61565e+14 0.0126233
5.29384e-16 19.4106 4.29811e+14 0.0117534
5.53366e-16 20.2876 3.99962e+14 0.0109359
5.78435e-16 21.2045 3.71935e+14 0.0101686
6.0464e-16 22.1631 3.45649e+14 0.00944903
6.32032e-16 23.1651 3.2102e+14 0.00877499
6.60664e-16 24.2126 2.97967e+14 0.00814421
6.90594e-16 25.3077 2.76411e+14 0.00755447
7.2188e-16 26.4524 2.56272e+14 0.0070036
7.54583e-16 27.6491 2.37474e+14 0.00648947
7.88767e-16 28.9001 2.19942e+14 0.00601004
8.245e-16 30.2078 2.03604e+14 0.00556332
8.61852e-16 31.5748 1.88391e+14 0.0051474
9.00897e-16 33.0039 1.74235e+14 0.00476042
9.41709e-16 34.4977 1.61073e+14 0.00440064
9.84371e-16 36.0592 1.48843e+14 0.00406636
1.02897e-15 37.6916 1.37486e+14 0.00375597
1.07558e-15 39.3979 1.26947e+14 0.00346794
1.12431e-15 41.1816 1.17172e+14 0.00320083
1.17524e-15 43.0462 1.08112e+14 0.00295325
1.22848e-15 44.9952 9.97179e+13 0.00272389
1.28414e-15 47.0327 9.19456e+13 0.00251153
1.34231e-15 49.1624 8.47526e+13 0.00231501
1.40312e-15 51.3887 7.80987e+13 0.00213322
1.46669e-15 53.7159 7.19465e+13 0.00196514
1.53313e-15 56.1485 6.62605e+13 0.00180981
1.60258e-15 58.6914 6.10077e+13 0.00166632
1.67519e-15 61.3495 5.61571e+13 0.00153381
1.75108e-15 64.1281 5.16795e+13 0.0014115
1.8304e-15 67.0325 4.75477e+13 0.00129864
1.91333e-15 70.0686 4.37366e+13 0.00119453
2e-15 73.2423 4.02222e+13 0.00109854
2.09061e-15 76.5597 3.69826e+13 0.00101005
2.18532e-15 80.0275 3.39972e+13 0.000928511
2.28432e-15 83.6524 3.12469e+13 0.000853391
2.38781e-15 87.4415 2.87139e+13 0.000784207
2.49598e-15 91.4024 2.63817e+13 0.000720507
2.60905e-15 95.5426 2.42348e+13 0.000661871
2.72725e-15 99.8705 2.22591e+13 0.000607911
2.8508e-15 104.394 2.04414e+13 0.000558264
2.97995e-15 109.123 1.87693e+13 0.000512598
3.11495e-15 114.067 1.72316e+13 0.000470601
3.25607e-15 119.234 1.58178e+13 0.000431987
3.40357e-15 124.635 1.45181e+13 0.000396491
3.55776e-15 130.281 1.33235e+13 0.000363866
3.71894e-15 136.182 1.22258e+13 0.000333887
3.88742e-15 142.352 1.12173e+13 0.000306344
4.06353e-15 148.8 1.02909e+13 0.000281042
4.24761e-15 155.541 9.43995e+12 0.000257803
4.44004e-15 162.587 8.65854e+12 0.000236463
4.64119e-15 169.952 7.94106e+12 0.000216868
4.85145e-15 177.651 7.28238e+12 0.000198879
5.07123e-15 185.699 6.67774e+12 0.000182367
5.30097e-15 194.112 6.1228e+12 0.000167211
5.54112e-15 202.905 5.61353e+12 0.000153303
5.79214e-15 212.097 5.14623e+12 0.000140541
6.05454e-15 221.705 4.71748e+12 0.000128832
6.32883e-15 231.749 4.32415e+12 0.00011809
6.61554e-15 242.247 3.96335e+12 0.000108237
6.91524e-15 253.222 3.63242e+12 9.91995e-05
7.22852e-15 264.693 3.32892e+12 9.0911e-05
7.55599e-15 276.684 3.0506e+12 8.33101e-05
7.89829e-15 289.219 2.79539e+12 7.63405e-05
8.25611e-15 302.321 2.5614e+12 6.99501e-05
8.63013e-15 316.017 2.34687e+12 6.40914e-05
9.02109e-15 330.333 2.1502e+12 5.87206e-05
9.42977e-15 345.298 1.96992e+12 5.37972e-05
9.85697e-15 360.94 1.80467e+12 4.92844e-05
1.03035e-14 377.292 1.65322e+12 4.51483e-05
1.07703e-14 394.384 1.51441e+12 4.13575e-05
1.12582e-14 412.25 1.3872e+12 3.78836e-05
1.17682e-14 430.926 1.27063e+12 3.47001e-05
1.23014e-14 450.448 1.16382e+12 3.1783e-05
1.28586e-14 470.854 1.06594e+12 2.91101e-05
1.34412e-14 492.185 9.76266e+11 2.66611e-05
1.40501e-14 514.482 8.94106e+11 2.44174e-05
1.46866e-14 537.79 8.18836e+11 2.23618e-05
1.53519e-14 562.153 7.49881e+11 2.04787e-05
1.60474e-14 587.62 6.86713e+11 1.87536e-05
1.67744e-14 614.24 6.2885e+11 1.71734e-05
1.75343e-14 642.067 5.75848e+11 1.5726e-05
1.83287e-14 671.154 5.273e+11 1.44002e-05
1.9159e-14 701.559 4.82834e+11 1.31858e-05
2.0027e-14 733.341 4.42107e+11 1.20736e-05
2.09342e-14 766.563 4.04807e+11 1.1055e-05
2.18826e-14 801.291 3.70647e+11 1.01221e-05
2.2874e-14 837.591 3.39363e+11 9.26774e-06
2.39102e-14 875.536 3.10713e+11 8.48534e-06
2.49934e-14 915.2 2.84477e+11 7.76886e-06
2.61257e-14 956.661 2.60452e+11 7.11275e-06
