#p [g cm s-1]       g []                 n(p) [# cm^-3 p^-1]  n(g) [# cm^-3 g^-1]
3.87176e-18 1.01 3.23119e+13 0.00628631
4.04716e-18 1.01092 3.68307e+13 0.00686115
4.2305e-18 1.01193 4.19737e+13 0.00748779
4.42216e-18 1.01303 4.78252e+13 0.00817076
4.62249e-18 1.01422 5.44806e+13 0.00891496
4.8319e-18 1.01553 6.20474e+13 0.00972565
5.0508e-18 1.01696 7.06469e+13 0.0106085
5.27961e-18 1.01852 8.04155e+13 0.0115698
5.51879e-18 1.02021 9.15068e+13 0.012616
5.76881e-18 1.02207 1.04093e+14 0.0137542
6.03015e-18 1.02409 1.18368e+14 0.0149921
6.30333e-18 1.02629 1.34547e+14 0.0163379
6.58889e-18 1.02869 1.52873e+14 0.0178002
6.88738e-18 1.03131 1.73614e+14 0.0193884
7.1994e-18 1.03417 1.97071e+14 0.0211123
7.52555e-18 1.03727 2.23575e+14 0.0229825
7.86648e-18 1.04066 2.53494e+14 0.0250101
8.22285e-18 1.04435 2.87234e+14 0.0272068
8.59536e-18 1.04836 3.2524e+14 0.0295849
8.98476e-18 1.05273 3.68002e+14 0.0321574
9.39179e-18 1.05748 4.16052e+14 0.0349375
9.81726e-18 1.06265 4.69969e+14 0.0379393
1.0262e-17 1.06827 5.30378e+14 0.0411769
1.07269e-17 1.07438 5.97952e+14 0.0446651
1.12129e-17 1.08101 6.73411e+14 0.0484187
1.17208e-17 1.08821 7.57516e+14 0.0524525
1.22518e-17 1.09603 8.51071e+14 0.0567813
1.28068e-17 1.1045 9.54914e+14 0.0614196
1.3387e-17 1.11369 1.06991e+15 0.0663814
1.39935e-17 1.12364 1.19695e+15 0.0716797
1.46274e-17 1.13441 1.33692e+15 0.0773265
1.52901e-17 1.14607 1.49071e+15 0.0833323
1.59828e-17 1.15867 1.65918e+15 0.0897057
1.67068e-17 1.17229 1.84314e+15 0.0964531
1.74637e-17 1.18699 2.04333e+15 0.103578
1.82549e-17 1.20284 2.26042e+15 0.11108
1.90818e-17 1.21993 2.49492e+15 0.118957
1.99463e-17 1.23833 2.74721e+15 0.127199
2.08499e-17 1.25813 3.01747e+15 0.135795
2.17945e-17 1.27942 3.30568e+15 0.144725
2.27818e-17 1.30227 3.61153e+15 0.153966
2.38139e-17 1.3268 3.93444e+15 0.163485
2.48927e-17 1.35309 4.27353e+15 0.173245
2.60204e-17 1.38125 4.62752e+15 0.183199
2.71992e-17 1.41137 4.99479e+15 0.193295
2.84314e-17 1.44356 5.37334e+15 0.20347
2.97194e-17 1.47794 5.76072e+15 0.213654
3.10658e-17 1.51461 6.15412e+15 0.22377
3.24732e-17 1.55368 6.5503e+15 0.233732
3.39443e-17 1.59529 6.94564e+15 0.243447
3.5482e-17 1.63954 7.33618e+15 0.252815
3.70895e-17 1.68657 7.71762e+15 0.261732
3.87697e-17 1.7365 8.08542e+15 0.270087
4.05261e-17 1.78946 8.43484e+15 0.277769
4.2362e-17 1.84559 8.761e+15 0.284664
4.42811e-17 1.90504 9.05899e+15 0.290659
4.62872e-17 1.96794 9.32398e+15 0.295645
4.83841e-17 2.03444 9.55129e+15 0.299519
5.0576e-17 2.10471 9.73653e+15 0.302184
5.28672e-17 2.1789 9.87568e+15 0.303555
5.52622e-17 2.25718 9.96525e+15 0.30356
5.77658e-17 2.33971 1.00024e+16 0.302144
6.03827e-17 2.42669 9.98481e+15 0.299269
6.31182e-17 2.5183 9.91126e+15 0.294918
6.59776e-17 2.61473 9.78125e+15 0.289097
6.89666e-17 2.71618 9.59523e+15 0.281834
7.20909e-17 2.82286 9.35468e+15 0.273185
7.53568e-17 2.935 9.06204e+15 0.263227
7.87707e-17 3.05283 8.72075e+15 0.252064
8.23392e-17 3.17658 8.33516e+15 0.23982
8.60694e-17 3.3065 8.97736e+15 0.25721
8.99685e-17 3.44286 8.56537e+15 0.244453
9.40443e-17 3.58594 7.97709e+15 0.226847
9.83048e-17 3.73601 7.37829e+15 0.209126
1.02758e-16 3.89338 6.77556e+15 0.191458
1.07413e-16 4.05836 6.17559e+15 0.174016
1.1228e-16 4.23128 5.58502e+15 0.156969
1.17366e-16 4.41248 5.01018e+15 0.140479
1.22683e-16 4.60232 4.45697e+15 0.124696
1.28241e-16 4.80118 3.93065e+15 0.10975
1.34051e-16 5.00944 3.43569e+15 0.0957532
1.40123e-16 5.22753 2.97568e+15 0.0827924
1.46471e-16 5.45586 2.55325e+15 0.070929
1.53107e-16 5.6949 2.17005e+15 0.0601978
1.60043e-16 5.9451 1.82673e+15 0.0506077
1.67293e-16 6.20697 1.52301e+15 0.0421427
1.74872e-16 6.48102 1.25776e+15 0.0347647
1.82794e-16 6.76778 1.02912e+15 0.0284163
1.91075e-16 7.06783 8.34624e+14 0.0230246
1.99732e-16 7.38175 6.71376e+14 0.0185053
2.0878e-16 7.71015 5.36171e+14 0.0147672
2.18238e-16 8.05369 4.25667e+14 0.0117153
2.28125e-16 8.41304 3.36516e+14 0.00925562
2.3846e-16 8.7889 2.65481e+14 0.00729747
2.49262e-16 9.18202 2.09532e+14 0.00575641
2.60555e-16 9.59316 1.65918e+14 0.0045559
2.72358e-16 10.0231 1.32204e+14 0.00362849
2.84697e-16 10.4728 1.06299e+14 0.00291627
2.97594e-16 10.943 8.64482e+13 0.00237075
3.11076e-16 11.4347 7.12185e+13 0.0019524
3.25169e-16 11.9488 5.94673e+13 0.00162973
3.399e-16 12.4864 5.0306e+13 0.00137824
3.55298e-16 13.0486 4.3059e+13 0.00117938
3.71394e-16 13.6363 3.72245e+13 0.00101932
3.88219e-16 14.2508 3.24368e+13 0.000888013
4.05806e-16 14.8933 2.84341e+13 0.000778271
4.2419e-16 15.565 2.50314e+13 0.000685003
4.43407e-16 16.2673 2.20983e+13 0.000604632
4.63495e-16 17.0015 1.95431e+13 0.000534634
4.84492e-16 17.7691 1.73002e+13 0.000473205
5.06441e-16 18.5716 1.53212e+13 0.000419019
5.29384e-16 19.4106 1.35697e+13 0.00037107
5.53366e-16 20.2876 1.20159e+13 0.000328544
5.78435e-16 21.2045 1.06367e+13 0.000290803
6.0464e-16 22.1631 9.41416e+12 0.000257356
6.32032e-16 23.1651 8.32856e+12 0.000227659
6.60664e-16 24.2126 7.36502e+12 0.000201305
6.90594e-16 25.3077 6.51022e+12 0.000177928
7.2188e-16 26.4524 5.75225e+12 0.000157202
7.54583e-16 27.6491 5.08048e+12 0.000138835
7.88767e-16 28.9001 4.48537e+12 0.000122565
8.245e-16 30.2078 3.95841e+12 0.000108161
8.61852e-16 31.5748 3.49202e+12 9.54122e-05
9.00897e-16 33.0039 3.07941e+12 8.41348e-05
9.41709e-16 34.4977 2.71453e+12 7.4163e-05
9.84371e-16 36.0592 2.39201e+12 6.53491e-05
1.02897e-15 37.6916 2.10704e+12 5.7562e-05
1.07558e-15 39.3979 1.85536e+12 5.06849e-05
1.12431e-15 41.1816 1.63317e+12 4.46138e-05
1.17524e-15 43.0462 1.43709e+12 3.92563e-05
1.22848e-15 44.9952 1.26411e+12 3.45304e-05
1.28414e-15 47.0327 1.11158e+12 3.03632e-05
1.34231e-15 49.1624 9.77121e+11 2.669e-05
1.40312e-15 51.3887 8.58645e+11 2.34534e-05
1.46669e-15 53.7159 7.54285e+11 2.06025e-05
1.53313e-15 56.1485 6.62393e+11 1.80923e-05
1.60258e-15 58.6914 5.81508e+11 1.58829e-05
1.67519e-15 61.3495 5.10336e+11 1.39387e-05
1.75108e-15 64.1281 4.47731e+11 1.22287e-05
1.8304e-15 67.0325 3.92681e+11 1.0725e-05
1.91333e-15 70.0686 3.4429e+11 9.40326e-06
2e-15 73.2423 3.01767e+11 8.24178e-06
2.09061e-15 76.5597 2.64411e+11 7.22148e-06
2.18532e-15 80.0275 2.31606e+11 6.32548e-06
2.28432e-15 83.6524 2.02806e+11 5.53888e-06
2.38781e-15 87.4415 1.77531e+11 4.84854e-06
2.49598e-15 91.4024 1.55355e+11 4.24288e-06
2.60905e-15 95.5426 1.35905e+11 3.71167e-06
2.72725e-15 99.8705 1.18851e+11 3.2459e-06
2.8508e-15 104.394 1.03903e+11 2.83763e-06
2.97995e-15 109.123 9.08039e+10 2.47989e-06
3.11495e-15 114.067 7.93293e+10 2.16651e-06
3.25607e-15 119.234 6.92808e+10 1.89207e-06
3.40357e-15 124.635 6.04838e+10 1.65182e-06
3.55776e-15 130.281 5.27849e+10 1.44156e-06
3.71894e-15 136.182 4.60491e+10 1.2576e-06
3.88742e-15 142.352 4.01579e+10 1.09671e-06
4.06353e-15 148.8 3.50069e+10 9.56034e-07
4.24761e-15 155.541 3.05048e+10 8.33079e-07
4.44004e-15 162.587 2.65709e+10 7.25646e-07
4.64119e-15 169.952 2.31349e+10 6.31807e-07
4.85145e-15 177.651 2.01347e+10 5.49871e-07
5.07123e-15 185.699 1.75159e+10 4.78353e-07
5.30097e-15 194.112 1.52309e+10 4.1595e-07
5.54112e-15 202.905 1.32379e+10 3.6152e-07
5.79214e-15 212.097 1.15001e+10 3.14064e-07
6.05454e-15 221.705 9.98561e+09 2.72702e-07
6.32883e-15 231.749 8.66613e+09 2.36668e-07
6.61554e-15 242.247 7.51704e+09 2.05286e-07
6.91524e-15 253.222 6.51676e+09 1.77969e-07
7.22852e-15 264.693 5.6464e+09 1.542e-07
7.55599e-15 276.684 4.88941e+09 1.33527e-07
7.89829e-15 289.219 4.23135e+09 1.15556e-07
8.25611e-15 302.321 3.65954e+09 9.99398e-08
8.63013e-15 316.017 3.16293e+09 8.63777e-08
9.02109e-15 330.333 2.73186e+09 7.46053e-08
9.42977e-15 345.298 2.35787e+09 6.43918e-08
9.85697e-15 360.94 2.03358e+09 5.55357e-08
1.03035e-14 377.292 1.75255e+09 4.78611e-08
1.07703e-14 394.384 1.50916e+09 4.12142e-08
1.12582e-14 412.25 1.29849e+09 3.5461e-08
1.17682e-14 430.926 1.11627e+09 3.04846e-08
1.23014e-14 450.448 9.58757e+08 2.6183e-08
1.28586e-14 470.854 8.22699e+08 2.24673e-08
1.34412e-14 492.185 7.0526e+08 1.92602e-08
1.40501e-14 514.482 6.03971e+08 1.6494e-08
1.46866e-14 537.79 5.1668e+08 1.41102e-08
1.53519e-14 562.153 4.41516e+08 1.20575e-08
1.60474e-14 587.62 3.76852e+08 1.02915e-08
1.67744e-14 614.24 3.21271e+08 8.77367e-09
1.75343e-14 642.067 2.73543e+08 7.47026e-09
1.83287e-14 671.154 2.32601e+08 6.35216e-09
1.9159e-14 701.559 1.97516e+08 5.39401e-09
2.0027e-14 733.341 1.67483e+08 4.57385e-09
2.09342e-14 766.563 1.41806e+08 3.87261e-09
2.18826e-14 801.291 1.19878e+08 3.27378e-09
2.2874e-14 837.591 1.01176e+08 2.76305e-09
2.39102e-14 875.536 8.52472e+07 2.32804e-09
2.49934e-14 915.2 7.16987e+07 1.95804e-09
2.61257e-14 956.661 6.27748e+07 1.71433e-09
