#p [g cm s-1]       g []                 n(p) [# cm^-3 p^-1]  n(g) [# cm^-3 g^-1]
3.87176e-18 1.01 1.48479e+14 0.0288867
4.04716e-18 1.01092 1.62087e+14 0.030195
4.2305e-18 1.01193 1.76928e+14 0.0315626
4.42216e-18 1.01303 1.93109e+14 0.032992
4.62249e-18 1.01422 2.10749e+14 0.0344861
4.8319e-18 1.01553 2.29976e+14 0.0360477
5.0508e-18 1.01696 2.50927e+14 0.0376799
5.27961e-18 1.01852 2.7375e+14 0.0393858
5.51879e-18 1.02021 2.98608e+14 0.0411687
5.76881e-18 1.02207 3.25672e+14 0.0430321
6.03015e-18 1.02409 3.55129e+14 0.0449796
6.30333e-18 1.02629 3.87181e+14 0.0470147
6.58889e-18 1.02869 4.22041e+14 0.0491414
6.88738e-18 1.03131 4.5994e+14 0.0513637
7.1994e-18 1.03417 5.01125e+14 0.0536858
7.52555e-18 1.03727 5.45859e+14 0.0561119
7.86648e-18 1.04066 5.94421e+14 0.0586465
8.22285e-18 1.04435 6.47108e+14 0.0612941
8.59536e-18 1.04836 7.04234e+14 0.0640595
8.98476e-18 1.05273 7.66133e+14 0.0669475
9.39179e-18 1.05748 8.33151e+14 0.069963
9.81726e-18 1.06265 9.05656e+14 0.0731111
1.0262e-17 1.06827 9.84026e+14 0.0763968
1.07269e-17 1.07438 1.06866e+15 0.0798253
1.12129e-17 1.08101 1.15996e+15 0.0834018
1.17208e-17 1.08821 1.25834e+15 0.0871311
1.22518e-17 1.09603 1.36424e+15 0.0910184
1.28068e-17 1.1045 1.47806e+15 0.0950683
1.3387e-17 1.11369 1.60025e+15 0.0992854
1.39935e-17 1.12364 1.73121e+15 0.103674
1.46274e-17 1.13441 1.87135e+15 0.108237
1.52901e-17 1.14607 2.02105e+15 0.112979
1.59828e-17 1.15867 2.18066e+15 0.1179
1.67068e-17 1.17229 2.35049e+15 0.123003
1.74637e-17 1.18699 2.53081e+15 0.128288
1.82549e-17 1.20284 2.72181e+15 0.133754
1.90818e-17 1.21993 2.92361e+15 0.139397
1.99463e-17 1.23833 3.13626e+15 0.145213
2.08499e-17 1.25813 3.35968e+15 0.151195
2.17945e-17 1.27942 3.59367e+15 0.157334
2.27818e-17 1.30227 3.83791e+15 0.163617
2.38139e-17 1.3268 4.09192e+15 0.170028
2.48927e-17 1.35309 4.35505e+15 0.17655
2.60204e-17 1.38125 4.62647e+15 0.183158
2.71992e-17 1.41137 4.90515e+15 0.189826
2.84314e-17 1.44356 5.18985e+15 0.196522
2.97194e-17 1.47794 5.47911e+15 0.20321
3.10658e-17 1.51461 5.77124e+15 0.209849
3.24732e-17 1.55368 6.06432e+15 0.216391
3.39443e-17 1.59529 6.35621e+15 0.222787
3.5482e-17 1.63954 6.64452e+15 0.22898
3.70895e-17 1.68657 6.92667e+15 0.234908
3.87697e-17 1.7365 7.19988e+15 0.240506
4.05261e-17 1.78946 7.4612e+15 0.245706
4.2362e-17 1.84559 7.70752e+15 0.250434
4.42811e-17 1.90504 7.93565e+15 0.254617
4.62872e-17 1.96794 8.14235e+15 0.258178
4.83841e-17 2.03444 8.32436e+15 0.261044
5.0576e-17 2.10471 8.4785e+15 0.263139
5.28672e-17 2.1789 8.60168e+15 0.264395
5.52622e-17 2.25718 8.69106e+15 0.264746
5.77658e-17 2.33971 8.74403e+15 0.264133
6.03827e-17 2.42669 8.75834e+15 0.262509
6.31182e-17 2.5183 8.73219e+15 0.259833
6.59776e-17 2.61473 8.66424e+15 0.256082
6.89666e-17 2.71618 8.55373e+15 0.251243
7.20909e-17 2.82286 8.40055e+15 0.245322
7.53568e-17 2.935 8.20523e+15 0.238339
7.87707e-17 3.05283 7.96902e+15 0.230336
8.23392e-17 3.17658 7.69389e+15 0.22137
8.60694e-17 3.3065 7.38253e+15 0.211517
8.99685e-17 3.44286 8.10785e+15 0.231395
9.40443e-17 3.58594 7.64396e+15 0.217374
9.83048e-17 3.73601 7.16354e+15 0.203039
1.02758e-16 3.89338 6.67099e+15 0.188504
1.07413e-16 4.05836 6.17116e+15 0.173891
1.1228e-16 4.23128 5.66915e+15 0.159334
1.17366e-16 4.41248 5.17021e+15 0.144966
1.22683e-16 4.60232 4.67956e+15 0.130923
1.28241e-16 4.80118 4.20224e+15 0.117333
1.34051e-16 5.00944 3.74296e+15 0.104317
1.40123e-16 5.22753 3.30595e+15 0.0919816
1.46471e-16 5.45586 2.89483e+15 0.0804181
1.53107e-16 5.6949 2.51256e+15 0.0696992
1.60043e-16 5.9451 2.16131e+15 0.0598769
1.67293e-16 6.20697 1.84246e+15 0.0509822
1.74872e-16 6.48102 1.55659e+15 0.0430246
1.82794e-16 6.76778 1.30351e+15 0.0359931
1.91075e-16 7.06783 1.08234e+15 0.0298583
1.99732e-16 7.38175 8.91562e+14 0.0245744
2.0878e-16 7.71015 7.29164e+14 0.0200826
2.18238e-16 8.05369 5.92752e+14 0.0163139
2.28125e-16 8.41304 4.79673e+14 0.013193
2.3846e-16 8.7889 3.87143e+14 0.0106417
2.49262e-16 9.18202 3.1237e+14 0.00858163
2.60555e-16 9.59316 2.52645e+14 0.00693734
2.72358e-16 10.0231 2.05434e+14 0.00563837
2.84697e-16 10.4728 1.68432e+14 0.00462085
2.97594e-16 10.943 1.39604e+14 0.0038285
3.11076e-16 11.4347 1.17204e+14 0.00321307
3.25169e-16 11.9488 9.97727e+13 0.00273431
3.399e-16 12.4864 8.61216e+13 0.00235949
3.55298e-16 13.0486 7.53094e+13 0.00206271
3.71394e-16 13.6363 6.66084e+13 0.00182394
3.88219e-16 14.2508 5.947e+13 0.00162809
4.05806e-16 14.8933 5.34903e+13 0.00146408
4.2419e-16 15.565 4.8378e+13 0.0013239
4.43407e-16 16.2673 4.39268e+13 0.00120188
4.63495e-16 17.0015 3.99925e+13 0.00109406
4.84492e-16 17.7691 3.64746e+13 0.000997674
5.06441e-16 18.5716 3.33027e+13 0.000910793
5.29384e-16 19.4106 3.04265e+13 0.000832029
5.53366e-16 20.2876 2.78089e+13 0.000760363
5.78435e-16 21.2045 2.54155e+13 0.000694852
6.0464e-16 22.1631 2.3238e+13 0.000635259
6.32032e-16 23.1651 2.12461e+13 0.000580756
6.60664e-16 24.2126 1.9424e+13 0.000530909
6.90594e-16 25.3077 1.77574e+13 0.00048532
7.2188e-16 26.4524 1.6233e+13 0.000443627
7.54583e-16 27.6491 1.48386e+13 0.000405497
7.88767e-16 28.9001 1.35633e+13 0.000370626
8.245e-16 30.2078 1.23969e+13 0.000338736
8.61852e-16 31.5748 1.13302e+13 0.000309573
9.00897e-16 33.0039 1.03545e+13 0.000282905
9.41709e-16 34.4977 9.46233e+12 0.000258518
9.84371e-16 36.0592 8.64641e+12 0.000236218
1.02897e-15 37.6916 7.90028e+12 0.000215827
1.07558e-15 39.3979 7.218e+12 0.000197182
1.12431e-15 41.1816 6.59414e+12 0.000180134
1.17524e-15 43.0462 6.02371e+12 0.000164547
1.22848e-15 44.9952 5.50216e+12 0.000150297
1.28414e-15 47.0327 5.02533e+12 0.000137269
1.34231e-15 49.1624 4.58939e+12 0.000125359
1.40312e-15 51.3887 4.19087e+12 0.000114471
1.46669e-15 53.7159 3.82657e+12 0.000104519
1.53313e-15 56.1485 3.49356e+12 9.54217e-05
1.60258e-15 58.6914 3.18919e+12 8.71069e-05
1.67519e-15 61.3495 2.911e+12 7.95076e-05
1.75108e-15 64.1281 2.65675e+12 7.25626e-05
1.8304e-15 67.0325 2.4244e+12 6.6216e-05
1.91333e-15 70.0686 2.21209e+12 6.04166e-05
2e-15 73.2423 2.01809e+12 5.51176e-05
2.09061e-15 76.5597 1.84084e+12 5.02761e-05
2.18532e-15 80.0275 1.6789e+12 4.58531e-05
2.28432e-15 83.6524 1.53097e+12 4.18126e-05
2.38781e-15 87.4415 1.39584e+12 3.81219e-05
2.49598e-15 91.4024 1.27243e+12 3.47511e-05
2.60905e-15 95.5426 1.15971e+12 3.16726e-05
2.72725e-15 99.8705 1.05678e+12 2.88614e-05
2.8508e-15 104.394 9.62804e+11 2.62946e-05
2.97995e-15 109.123 8.77001e+11 2.39512e-05
3.11495e-15 114.067 7.98673e+11 2.1812e-05
3.25607e-15 119.234 7.27178e+11 1.98594e-05
3.40357e-15 124.635 6.61929e+11 1.80773e-05
3.55776e-15 130.281 6.02386e+11 1.64512e-05
3.71894e-15 136.182 5.4806e+11 1.49675e-05
3.88742e-15 142.352 4.98499e+11 1.3614e-05
4.06353e-15 148.8 4.53294e+11 1.23794e-05
4.24761e-15 155.541 4.12067e+11 1.12535e-05
4.44004e-15 162.587 3.74476e+11 1.02269e-05
4.64119e-15 169.952 3.40206e+11 9.29092e-06
4.85145e-15 177.651 3.08968e+11 8.43782e-06
5.07123e-15 185.699 2.80501e+11 7.66038e-06
5.30097e-15 194.112 2.54564e+11 6.95204e-06
5.54112e-15 202.905 2.30937e+11 6.3068e-06
5.79214e-15 212.097 2.0942e+11 5.71916e-06
6.05454e-15 221.705 1.89828e+11 5.18412e-06
6.32883e-15 231.749 1.71995e+11 4.69709e-06
6.61554e-15 242.247 1.55766e+11 4.25388e-06
6.91524e-15 253.222 1.41001e+11 3.85065e-06
7.22852e-15 264.693 1.27572e+11 3.48392e-06
7.55599e-15 276.684 1.15362e+11 3.15048e-06
7.89829e-15 289.219 1.04264e+11 2.8474e-06
8.25611e-15 302.321 9.41807e+10 2.57202e-06
8.63013e-15 316.017 8.50217e+10 2.32189e-06
9.02109e-15 330.333 7.67058e+10 2.09479e-06
9.42977e-15 345.298 6.91584e+10 1.88867e-06
9.85697e-15 360.94 6.23114e+10 1.70168e-06
1.03035e-14 377.292 5.61025e+10 1.53212e-06
1.07703e-14 394.384 5.04748e+10 1.37843e-06
1.12582e-14 412.25 4.53766e+10 1.2392e-06
1.17682e-14 430.926 4.07602e+10 1.11313e-06
1.23014e-14 450.448 3.65826e+10 9.99045e-07
1.28586e-14 470.854 3.28041e+10 8.95857e-07
1.34412e-14 492.185 2.93887e+10 8.02584e-07
1.40501e-14 514.482 2.63034e+10 7.18328e-07
1.46866e-14 537.79 2.35183e+10 6.42269e-07
1.53519e-14 562.153 2.10059e+10 5.73656e-07
1.60474e-14 587.62 1.87412e+10 5.11809e-07
1.67744e-14 614.24 1.67014e+10 4.56102e-07
1.75343e-14 642.067 1.48656e+10 4.05969e-07
1.83287e-14 671.154 1.3215e+10 3.60892e-07
1.9159e-14 701.559 1.17322e+10 3.20397e-07
2.0027e-14 733.341 1.04014e+10 2.84054e-07
2.09342e-14 766.563 9.20829e+09 2.51472e-07
2.18826e-14 801.291 8.13979e+09 2.22292e-07
2.2874e-14 837.591 7.18396e+09 1.96189e-07
2.39102e-14 875.536 6.32995e+09 1.72866e-07
2.49934e-14 915.2 5.56789e+09 1.52055e-07
2.61257e-14 956.661 4.88878e+09 1.33509e-07
