1.0740768107484398e+15
1.2332051800266425e+15
1.415908993496304e+15
1.6256810385927865e+15
1.8665315718591205e+15
2.143064983868317e+15
2.460567822331575e+15
2.8251098561487035e+15
3.2436601124636695e+15
3.724220105030146e+15
4.275976800841861e+15
4.909478249323235e+15
5.636835231620644e+15
6.471952784966459e+15
7.430796028216072e+15
8.531695370400931e+15
9.795696937034012e+15
1.1246964913341516e+16
1.2913243496101476e+16
1.482638728532002e+16
1.7022970255355506e+16
1.954498494732013e+16
2.2440645249367652e+16
2.576530811178827e+16
2.9582531817532696e+16
3.3965291039346908e+16
3.899737191202175e+16
4.477497378964856e+16
5.140854830901298e+16
5.902491091689066e+16
6.776966522775886e+16
7.780998655888266e+16
8.933781785620518e+16
1.0257353910823114e+17
1.1777018039686765e+17
1.352182591270047e+17
1.5525133390917427e+17
1.7825238127004013e+17
2.046611170956396e+17
2.3498240277295603e+17
2.6979589673180848e+17
3.097671358976247e+17
3.5566025890157466e+17
4.0835261428036314e+17
4.6885153293371994e+17
5.3831358548221523e+17
6.180666926723768e+17
7.096355115183899e+17
8.147705824926318e+17
9.354817949780393e+17
1.0740768107484396e+18
1.2332051800266422e+18
1.4159089934963036e+18
1.6256810385927864e+18
1.86653157185912e+18
2.1430649838683167e+18
2.460567822331565e+18
2.825109856148683e+18
3.2436601124636457e+18
3.7242201050301327e+18
4.27597680084186e+18
4.909478249323233e+18
5.636835231620643e+18
6.471952784966457e+18
7.43079602821607e+18
8.531695370400929e+18
9.795696937034009e+18
1.1246964913341514e+19
1.2913243496101474e+19
1.4826387285320016e+19
1.7022970255355503e+19
1.9544984947320123e+19
2.2440645249367646e+19
2.576530811178827e+19
2.958253181753269e+19
3.39652910393469e+19
3.8997371912021746e+19
4.477497378964855e+19
5.1408548309012955e+19
5.902491091689064e+19
6.776966522775885e+19
7.780998655888264e+19
8.933781785620483e+19
1.025735391082304e+20
1.1777018039686724e+20
1.3521825912700468e+20
1.5525133390917422e+20
1.7825238127004012e+20
2.0466111709563955e+20
2.34982402772956e+20
2.697958967318084e+20
3.0976713589762464e+20
3.5566025890157455e+20
4.0835261428036154e+20
4.688515329337183e+20
5.3831358548221506e+20
6.180666926723767e+20
7.096355115183896e+20
8.147705824926315e+20
9.354817949780389e+20
