2.6322621227428214e-14
3.973736986907603e-14
5.996555060687948e-14
9.045072381504158e-14
1.363644274457824e-13
2.0546402837730727e-13
3.0936954124427793e-13
4.654601589695529e-13
6.996793108147949e-13
1.0506743069406139e-12
1.5758731275248998e-12
2.360360058358566e-12
3.529779936458134e-12
5.268910462832868e-12
7.848252837469721e-12
1.1661598449219649e-11
1.7278399160394638e-11
2.551588580037554e-11
3.753540890875925e-11
5.496900565971798e-11
8.007791107608805e-11
1.1593972876220194e-10
1.6665502412618839e-10
2.375266396185423e-10
3.3516252168232346e-10
4.673659018673738e-10
6.426209346574035e-10
8.689947334006097e-10
1.1519884707719068e-09
1.491405875641024e-09
1.8770393292714678e-09
2.283925616350491e-09
2.6695252375388013e-09
2.9742692243693985e-09
3.1310600418337464e-09
3.082902169172743e-09
2.806723665657065e-09
2.3335332951524678e-09
1.7484841031810351e-09
1.1667363930054374e-09
6.898254020617247e-10
3.6876701105392124e-10
1.963917133004148e-10
1.2924167238784813e-10
1.198817914347513e-10
1.3651511228756612e-10
1.6467015218459305e-10
2.0016872404429762e-10
2.4285097922129017e-10
2.9366813526216047e-10
3.5385770499346493e-10
4.247893046808195e-10
5.079348963877631e-10
6.048439521720883e-10
7.171108173566068e-10
8.463271877115404e-10
9.940200789643223e-10
1.1615757045082259e-09
1.3501413986333434e-09
1.5605174321431636e-09
1.7930282530886533e-09
2.0473837001469196e-09
2.322539791818329e-09
2.6165497179459034e-09
2.926444778677375e-09
3.2481281931607184e-09
3.576317610256071e-09
3.9045547878906685e-09
4.225273128770355e-09
4.529984311974927e-09
4.809542014557462e-09
5.054535488837391e-09
5.255763711353266e-09
5.404816840084105e-09
5.494688892471396e-09
5.520388464328947e-09
5.479585979020534e-09
5.37292659714538e-09
5.2045242584022466e-09
4.981807973760501e-09
4.715321081155704e-09
4.418435931876396e-09
4.105928166912141e-09
3.793815045514511e-09
3.4972547330983298e-09
3.2300623016656243e-09
3.0030768284312533e-09
2.8237543230196457e-09
2.6949132237450425e-09
2.6153020727204798e-09
2.579121697883304e-09
2.5766543469843707e-09
2.595233752020469e-09
2.6196157924293957e-09
2.633430620692601e-09
2.620126066717339e-09
2.5643745666475158e-09
2.453821285284923e-09
2.280921370990266e-09
2.045260722649904e-09

