1.879935911178232e-14
2.8379653975681968e-14
4.2825599001173234e-14
6.459618822999304e-14
9.738425646816358e-14
1.4672897230909237e-13
2.2092744420635726e-13
3.323887448019863e-13
4.996365261121649e-13
7.502643614722096e-13
1.1252739338656573e-12
1.6854111625925825e-12
2.5203780685129757e-12
3.762090624416868e-12
5.603660172272162e-12
8.326209663215116e-12
1.233625693929805e-11
1.8217194754718416e-11
2.679806227092613e-11
3.924389521077607e-11
5.7168885570256405e-11
8.277001459928333e-11
1.1897457776013315e-10
1.6956829736271108e-10
2.3926892715900495e-10
3.3364822614153275e-10
4.5876540979387464e-10
6.203843149258565e-10
8.224408607624568e-10
1.0648094116262516e-09
1.3402253551000987e-09
1.630900177827867e-09
1.9065079886654353e-09
2.124573903718367e-09
2.2372500443092674e-09
2.2038929979417497e-09
2.0080613283697136e-09
1.671903837717075e-09
1.2562159601758187e-09
8.432294824553747e-10
5.054859761047288e-10
2.795079355565292e-10
1.6031942774675537e-10
1.1706323920592291e-10
1.1605885663689985e-10
1.3480650102572843e-10
1.631991638522757e-10
1.9850883415433516e-10
2.40910471721271e-10
2.9140824872838423e-10
3.5124697354264344e-10
4.218007857214122e-10
5.045489514050702e-10
6.010522049208876e-10
7.129210707258073e-10
8.417693659672044e-10
9.891532779271797e-10
1.156496300384116e-09
1.3449923254652714e-09
1.5554984124719252e-09
1.7884069491631892e-09
2.0435077908671467e-09
2.319849182110808e-09
2.6155897417983636e-09
2.9278788063225654e-09
3.2527502471809263e-09
3.5850654333194618e-09
3.918519878727317e-09
4.245713827737551e-09
4.558334435055308e-09
4.847419854814135e-09
5.103757037016988e-09
5.3183429579857424e-09
5.4829855115277864e-09
5.590897540911706e-09
5.637313657439057e-09
5.6201565547160564e-09
5.540295241824842e-09
5.402115677202219e-09
5.213277030815618e-09
4.984556248104919e-09
4.729535177827424e-09
4.463124452862828e-09
4.2014274273590315e-09
3.959508785120917e-09
3.751059796807595e-09
3.586327490859689e-09
3.472287135817454e-09
3.4105233367482437e-09
3.3985520437402646e-09
3.4285709745140705e-09
3.4885795451557357e-09
3.562848756167219e-09
3.6326999377792416e-09
3.677703178261904e-09
3.6770458700502358e-09
3.6111095146840414e-09
3.464020885453738e-09
3.226082592923422e-09
2.897309717344272e-09
