1.3157289914545015e-14
1.9861946574693973e-14
2.9971525808626844e-14
4.520665569704263e-14
6.815123418021316e-14
1.0268092031826344e-13
1.5460085673251118e-13
2.325928538101108e-13
3.496162326694257e-13
5.249750307607208e-13
7.873523757268887e-13
1.179242183553529e-12
1.7633920401182385e-12
2.6320756466233657e-12
3.920367966780881e-12
5.82489955003024e-12
8.630000856138914e-12
1.2743705215976065e-11
1.8745845775446164e-11
2.7451246171844357e-11
3.9988870380321415e-11
5.789530652861477e-11
8.32179946771155e-11
1.1860493944840848e-10
1.6735639570877552e-10
2.333706754427305e-10
3.2088843115039467e-10
4.3394611696493916e-10
5.753056305443647e-10
7.448939517912697e-10
9.376529212071859e-10
1.1411736423432149e-09
1.3342883349891551e-09
1.487339954185567e-09
1.566914905056604e-09
1.5446313248003917e-09
1.4090193768206386e-09
1.1755834606351164e-09
8.868530167938435e-10
6.003662533679235e-10
3.669212961081835e-10
2.121702444287678e-10
1.3277980883365071e-10
1.0733951073841445e-10
1.1248101328383106e-10
1.3267430747383333e-10
1.610833574402419e-10
1.960660392459905e-10
2.3804733964389e-10
2.880709430144336e-10
3.4738815297761705e-10
4.173792019784419e-10
4.995337474563759e-10
5.954287194450746e-10
7.066980582271172e-10
8.349877467609767e-10
9.81896545944361e-10
1.1489025285925407e-09
1.3372679320080363e-09
1.5479333869115759e-09
1.7813914931846224e-09
2.037550379331136e-09
2.3155949096468998e-09
2.6138401733661287e-09
2.929611053698753e-09
3.2591361349282556e-09
3.5974913403785058e-09
3.9386023569935295e-09
4.2753195581623515e-09
4.599593917191196e-09
4.902741843109928e-09
5.175848607247654e-09
5.4102123257425125e-09
5.597971368416239e-09
5.732672854970908e-09
5.809900200834969e-09
5.8279597793605315e-09
5.788076252151481e-09
5.695051898974853e-09
5.556910262800069e-09
5.384812970107891e-09
5.192652691729649e-09
4.995618225282192e-09
4.809922554763976e-09
4.6505863097424284e-09
4.531085007705237e-09
4.460943841619003e-09
4.4463182307638035e-09
4.487166011403301e-09
4.5790319085019446e-09
4.711244257543083e-09
4.868276383625545e-09
5.029852077874581e-09
5.171979323441674e-09
5.268009956233484e-09
5.290459254195068e-09
5.212927578544842e-09
5.013845959432852e-09
4.67984498275058e-09
4.211211979043841e-09
