1.4153696042505834e-15
2.1357911168970536e-15
3.2215722185036145e-15
4.857045236622101e-15
7.318856297583496e-15
1.1021693651308908e-14
1.6586297234956913e-14
2.4940399061141093e-14
3.746790728105434e-14
5.622890487650633e-14
8.428236887450518e-14
1.2615721622423126e-13
1.8853672478973616e-13
2.8124307634105963e-13
4.186463077931662e-13
6.216542495498255e-13
9.204862959103776e-13
1.3584932577886125e-12
1.997262879313244e-12
2.923332579639549e-12
4.25661113651125e-12
6.160355328695448e-12
8.852241353206546e-12
1.2614130830767437e-11
1.779799844942416e-11
2.4820969410103438e-11
3.413950467880653e-11
4.619336632258927e-11
6.129500056947064e-11
7.946755293569296e-11
1.0022075686190443e-10
1.223032455725152e-10
1.4355297324523125e-10
1.6092155983628986e-10
1.7096396384700996e-10
1.7075534402917312e-10
1.5913838338236197e-10
1.3779219140053859e-10
1.1126306147602674e-10
8.573165654431388e-11
6.674598066590408e-11
5.7282822098324926e-11
5.732533905149517e-11
6.499484008692593e-11
7.825319308380617e-11
9.59538322279045e-11
1.1795617224315947e-10
1.447749587032126e-10
1.7726480268056087e-10
2.1648148771423248e-10
2.636529179337907e-10
3.2018468051290077e-10
3.8767069042809775e-10
4.678990111052997e-10
5.628536749826758e-10
6.74706577407171e-10
8.057998254167545e-10
9.586163906016953e-10
1.1357339527738989e-09
1.3397668858053018e-09
1.573288693266418e-09
1.838745610241315e-09
2.13835335103286e-09
2.4740014171096796e-09
2.847152108512464e-09
3.2587654822665705e-09
3.7092760574937193e-09
4.198572961118434e-09
4.726153385850858e-09
5.291252042708582e-09
5.89317382760858e-09
6.5317665532406945e-09
7.207826752282193e-09
7.923993639250956e-09
8.68522639045077e-09
9.499761649906103e-09
1.0379731762496058e-08
1.1341728019735701e-08
1.2407180408089624e-08
1.3602249179894763e-08
1.4957602649570095e-08
1.6506832490584277e-08
1.8286112521726045e-08
2.0330345394908788e-08
2.2672379885558558e-08
2.5338345345406327e-08
2.8344677229054626e-08
3.169400020920312e-08
3.536980401015578e-08
3.933154515238365e-08
4.350806256153263e-08
4.778955035212663e-08
5.2021096424972845e-08
5.599195185911561e-08
5.9432974029477136e-08
6.201751111625073e-08
6.337270038073527e-08
6.312493393064459e-08
6.094793577063588e-08
5.6664613790142135e-08

