3.4628679838876373e-15
5.226622587610917e-15
7.885570025813817e-15
1.189177463665066e-14
1.7923933326043845e-14
2.6999769873400316e-14
4.0643260881798847e-14
6.113293464760975e-14
9.186898617538147e-14
1.3791486518249172e-13
2.0679203158832278e-13
3.0964039111549897e-13
4.629049361496403e-13
6.907626226416091e-13
1.0285962240738886e-12
1.5279013680312975e-12
2.2631267755208435e-12
3.3410938705097705e-12
4.913582995785906e-12
7.193874328146983e-12
1.0477479901812335e-11
1.5166660281062028e-11
2.179755226114392e-11
3.106389161223112e-11
4.383098737609067e-11
6.112234747057434e-11
8.405412497557229e-11
1.1369413380212858e-10
1.5078485133349726e-10
1.953388751274509e-10
2.460805504474038e-10
2.998305317562487e-10
3.5113726398599714e-10
3.9234319379088547e-10
4.148100471334978e-10
4.1120172795021727e-10
3.785782788385358e-10
3.2102874728950123e-10
2.497095524402298e-10
1.7974336310634332e-10
1.245706575546701e-10
9.114918710358312e-11
7.893376864802926e-11
8.270214470628813e-11
9.67610375086717e-11
1.1751711512134038e-10
1.4372082411080436e-10
1.7556720037240246e-10
2.1388881511915078e-10
2.597850952316113e-10
3.145210042266918e-10
3.795104277562117e-10
4.56312058202187e-10
5.466184916921911e-10
6.522382947650631e-10
7.750647341217929e-10
9.170316000225744e-10
1.080054931257733e-09
1.2659545639840745e-09
1.476363352845083e-09
1.712615570692905e-09
1.975625375901814e-09
2.2657549784971868e-09
2.5826832302804363e-09
2.925284065947318e-09
3.29152530164462e-09
3.678419666787864e-09
4.08200297315734e-09
4.49744057895335e-09
4.919164663214361e-09
5.341154012037115e-09
5.757367423520851e-09
6.162110177499332e-09
6.5508110193000936e-09
6.920460993085249e-09
7.270364634732677e-09
7.602815848449248e-09
7.923237394745781e-09
8.240934440163817e-09
8.568487370261164e-09
8.921906402762238e-09
9.319305690857307e-09
9.780482968733723e-09
1.0324439095787467e-08
1.0968658264979612e-08
1.1726453923393362e-08
1.2604942890006888e-08
1.3603945230968934e-08
1.4712712607884252e-08
1.590974171574957e-08
1.716022174005706e-08
1.841530805570517e-08
1.961110794966652e-08
2.066804468572078e-08
2.1492027529987202e-08
2.1977957509401356e-08
2.2015386852229064e-08
2.1504502988545514e-08
2.0370734427015248e-08
1.859380589535955e-08

