6.922842431448816e-15
1.0449973804640836e-14
1.5767973805710868e-14
2.3781614850980625e-14
3.584948564793256e-14
5.4009178460059443e-14
8.131239920663776e-14
1.2232264006970242e-13
1.838511384672951e-13
2.760428093636562e-13
4.139700874029914e-13
6.199605146009243e-13
9.269803282523447e-13
1.3835036850450837e-12
2.0604833493196706e-12
3.0611980093753672e-12
4.534979561298512e-12
6.696116716785903e-12
9.849110262412913e-12
1.442185724265602e-11
2.1007225389401262e-11
3.0412177523287585e-11
4.371205491443658e-11
6.229785580423867e-11
8.790368776843219e-11
1.2257887466311328e-10
1.6855463546456267e-10
2.279585277119823e-10
3.0225458671502884e-10
3.914266511642045e-10
4.928523388003945e-10
6.000634480215113e-10
7.020065656920512e-10
7.831816253790046e-10
8.261177288997289e-10
8.159758567498615e-10
7.46776381782339e-10
6.266820867050715e-10
4.780420551613816e-10
3.3111221930622146e-10
2.1266537255672266e-10
1.3633779472227697e-10
1.0060238838932851e-10
9.447590089282362e-11
1.0597356229559034e-10
1.2725699338699689e-10
1.5509622860852848e-10
1.8904230725153693e-10
2.2979176648102286e-10
2.7843011892983586e-10
3.362182023293772e-10
4.0455114759785863e-10
4.849460096770535e-10
5.79023552306835e-10
6.884821170102949e-10
8.150571786014174e-10
9.604670137603951e-10
1.1263440788427057e-09
1.3141451866298209e-09
1.5250503079477709e-09
1.7598406098002305e-09
2.0187664882954743e-09
2.301410209789889e-09
2.606544016214958e-09
2.9320081774799027e-09
3.2746056810063826e-09
3.630047939727475e-09
3.992946654971723e-09
4.356900301349674e-09
4.7146539537204045e-09
5.058367509018155e-09
5.380032069396817e-09
5.671874974660511e-09
5.927051111002385e-09
6.140150519205137e-09
6.3078641744916035e-09
6.429691984342547e-09
6.508046268445486e-09
6.5490420676379075e-09
6.561937577331911e-09
6.559221301352808e-09
6.555825686580488e-09
6.568088966050583e-09
6.6126663516312016e-09
6.704893986252331e-09
6.857675241375235e-09
7.079093796016035e-09
7.3727364375290475e-09
7.734438329615598e-09
8.153754604277107e-09
8.611826987673589e-09
9.082365675294723e-09
9.531390186913981e-09
9.918168894857242e-09
1.0196337132810393e-08
1.0316585683919841e-08
1.0229791824576536e-08
9.89443975149095e-09
9.283099126063844e-09
8.394292897139634e-09

