2.4408106475607985e-15
3.683720810522268e-15
5.557299782900918e-15
8.379929388615388e-15
1.2629548102298952e-14
1.9022749035050505e-14
2.863244977030937e-14
4.3062585584468954e-14
6.470636240410243e-14
9.712719475741711e-14
1.4561764412749361e-13
2.180154376773736e-13
3.2588938152551156e-13
4.862455945392031e-13
7.239696258576722e-13
1.0752759167396027e-12
1.592516136186489e-12
2.3508007311846696e-12
3.4568473156391773e-12
5.060611015086246e-12
7.369866321946525e-12
1.0667461017273685e-11
1.533042627803534e-11
2.1846736973023444e-11
3.082528597006512e-11
4.298675024948688e-11
5.911795704163311e-11
7.997344150630822e-11
1.0608173058618338e-10
1.374621777596568e-10
1.7323381642021554e-10
2.1118384973578704e-10
2.4750853225545427e-10
2.768582588355616e-10
2.9319464504878604e-10
2.913900239586459e-10
2.693979154018332e-10
2.301042964920994e-10
1.8136322010725635e-10
1.3383117288188964e-10
9.701019473601058e-11
7.587810859988629e-11
7.016619623679851e-11
7.633695873827835e-11
9.053814935847674e-11
1.1041402452594385e-10
1.352847513354109e-10
1.6552128303505122e-10
2.0198345757688396e-10
2.457643632269268e-10
2.981238440315112e-10
3.604812430057536e-10
4.3441641250877616e-10
5.216642694027375e-10
6.241031787653152e-10
7.437309232184621e-10
8.826286770642337e-10
1.042911350640545e-09
1.2266586566718289e-09
1.4358335751951086e-09
1.6721801388721784e-09
1.9371114430268887e-09
2.2315844776385002e-09
2.5559782345296144e-09
2.9099755153897273e-09
3.292467301788019e-09
3.701509493575027e-09
4.134296373013071e-09
4.587281183034288e-09
5.056303741455193e-09
5.536882898428518e-09
6.024660117324872e-09
6.515761466376336e-09
7.007618292054077e-09
7.499390778099087e-09
7.992783639576726e-09
8.492685398429311e-09
9.007418113307468e-09
9.54936698957125e-09
1.0134487793411174e-08
1.078236618831908e-08
1.151470588928396e-08
1.2355067243438363e-08
1.3325750862911688e-08
1.4447279939337916e-08
1.5734951541023663e-08
1.7196724664193067e-08
1.8831140885230616e-08
2.062371181512934e-08
2.2545400597209718e-08
2.4549279157823457e-08
2.6568062174210206e-08
2.8512032626811952e-08
3.0266288294857e-08
3.1691488624844816e-08
3.262735561333492e-08
3.290026808190136e-08
3.2347112900005674e-08
3.0838079817916815e-08
2.832331370740613e-08

