1.7415842222935285e-15
2.6282055388897467e-15
3.964570083705687e-15
5.977640123611621e-15
9.008072872359653e-15
1.3566557579106944e-14
2.0417611990386976e-14
3.070396723139106e-14
4.613042061903266e-14
6.923498774175089e-14
1.0378669812910161e-13
1.5536627662700287e-13
2.322099353033815e-13
3.464232555330389e-13
5.157184466455788e-13
7.658680622090928e-13
1.134125264883561e-12
1.6739339316789612e-12
2.4612235245869993e-12
3.6026845564030657e-12
5.246148097613532e-12
7.592875804558155e-12
1.091118773942851e-11
1.5548455223913265e-11
2.1938322253096302e-11
3.059443166762456e-11
4.2078336711904814e-11
5.693002681043118e-11
7.553095974113848e-11
9.790363718887397e-11
1.2343449226595368e-10
1.505678534341448e-10
1.7662155656784501e-10
1.9781780217176052e-10
2.0988933611013384e-10
2.0921291732064425e-10
1.9434970048039767e-10
1.673627167606607e-10
1.3384959306286735e-10
1.014140630482302e-10
7.686270205981136e-11
6.381183742431696e-11
6.2169515553855e-11
6.953550746889542e-11
8.330109005506182e-11
1.019415896103624e-10
1.2515158156631393e-10
1.5340704980355803e-10
1.8757146762045322e-10
2.287196564759726e-10
2.7809639170947213e-10
3.371172765448275e-10
4.073755013356861e-10
4.906429907965169e-10
5.888665871003961e-10
7.041531709384908e-10
8.387441180034452e-10
9.949770886249223e-10
1.1752298577146986e-09
1.3818517498181384e-09
1.6170748843267887e-09
1.882916062382092e-09
2.181062935572808e-09
2.512766156155737e-09
2.8787293543965996e-09
3.2790238063149955e-09
3.7130551631196595e-09
4.179537910349327e-09
4.676634018903694e-09
5.202077744675122e-09
5.753488847301321e-09
6.328830720373774e-09
6.926789661313277e-09
7.5476384551778e-09
8.193677692877545e-09
8.870131126508295e-09
9.585759441779764e-09
1.0353282798783428e-08
1.1189851734776682e-08
1.2116763554738688e-08
1.3159354591933607e-08
1.4345410056366177e-08
1.570489419928077e-08
1.7266341311770623e-08
1.905625643710358e-08
2.109492145480195e-08
2.3393870765372293e-08
2.5952653817707508e-08
2.8754389882824836e-08
3.176242330218543e-08
3.4915384725526986e-08
3.8121878004516356e-08
4.1256285758598695e-08
4.415207582409428e-08
4.6601129557637986e-08
4.8356256004025116e-08
4.914104019331416e-08
4.8685300172002155e-08
4.6760997806188085e-08
4.32574077729271e-08

