4.87149335725524e-15
7.353137626991871e-15
1.1094603581727466e-14
1.67322463515089e-14
2.522153313113643e-14
3.799534998600481e-14
5.719956415179642e-14
8.604282752339666e-14
1.293138228536021e-13
1.9414441363019101e-13
2.911296430149024e-13
4.359632155636302e-13
6.518148078355426e-13
9.72750986090244e-13
1.4486322631896822e-12
2.152030798998632e-12
3.1878736088031763e-12
4.706722067476452e-12
6.922514329036999e-12
1.0135879991244283e-11
1.4763355122545248e-11
2.1371914970074215e-11
3.0717155755067644e-11
4.377660879669652e-11
6.176920840325367e-11
8.61360234436947e-11
1.184471486101683e-10
1.602019194806565e-10
2.1243685290403925e-10
2.7515344545454337e-10
3.465288602737118e-10
4.220465395207339e-10
4.939767522097776e-10
5.514721740463377e-10
5.823018603352053e-10
5.760779257414764e-10
5.286244682864552e-10
4.456889067516382e-10
3.4298297241139696e-10
2.4178880991074455e-10
1.6097462221379717e-10
1.1021943160841396e-10
8.858287010949511e-11
8.850301662615704e-11
1.017310482761577e-10
1.2295076465139962e-10
1.5011121219068872e-10
1.8314962353154296e-10
2.2284691573200055e-10
2.7029953340506455e-10
3.267718062177511e-10
3.936686334587719e-10
4.725270705120118e-10
5.650013171396678e-10
6.728401293789812e-10
7.978503098278859e-10
9.418467082297264e-10
1.1065879561909871e-09
1.2936914309533146e-09
1.5045363478524101e-09
1.7401460379504005e-09
2.0010602423952673e-09
2.2871997209087445e-09
2.597728675870106e-09
2.9309324420649733e-09
3.284113559131929e-09
3.653539579938052e-09
4.034427925456607e-09
4.421041437377782e-09
4.806837036818979e-09
5.1847382930331605e-09
5.547560246816939e-09
5.8883923825239225e-09
6.201332580060595e-09
6.48195731400189e-09
6.728024240121464e-09
6.940172954683157e-09
7.122020386860275e-09
7.2809667337822615e-09
7.427573370777858e-09
7.575718940691574e-09
7.741529652034966e-09
7.942674497274047e-09
8.196583609720272e-09
8.519315325829311e-09
8.923695962761363e-09
9.417151776672429e-09
1.0001408775559317e-08
1.0669265931603467e-08
1.1405367702690163e-08
1.218395789074195e-08
1.2969192149470642e-08
1.3714610197647888e-08
1.4363547269146896e-08
1.4850319814658595e-08
1.5103369642538016e-08
1.504947543583199e-08
1.4624677494314953e-08
1.3783976670200061e-08
1.2519975267168484e-08

