1.0094036503350345e-15
1.523029579503536e-15
2.297042183376485e-15
3.4627554852878127e-15
5.2172133874573084e-15
7.855731892983375e-15
1.1820288583461054e-14
1.777132922377426e-14
2.6693874600709433e-14
4.0053965997722776e-14
6.002811849918567e-14
8.983818189933525e-14
1.342378152016068e-13
2.0021220014856505e-13
2.9797927575450095e-13
4.424037475038404e-13
6.549680412468228e-13
9.664866358512761e-13
1.4207345226289148e-12
2.0792189789063216e-12
3.0271689454203942e-12
4.380636294568292e-12
6.2943873646206495e-12
8.968892565135153e-12
1.2654627538896543e-11
1.764870372528206e-11
2.4276785466489597e-11
3.285365757499539e-11
4.360519993365223e-11
5.6553979285380437e-11
7.136077857639687e-11
8.714922479869719e-11
1.0239945541712482e-10
1.1496458237720072e-10
1.2241626177655298e-10
1.2269328860307464e-10
1.1498560354632353e-10
1.0049446485522273e-10
8.245966055679447e-11
6.529202967530962e-11
5.2970626473238564e-11
4.766811598994886e-11
4.944793828120893e-11
5.70643704010029e-11
6.917210455371184e-11
8.507716190875795e-11
1.0482496629576854e-10
1.2895773172674548e-10
1.5829659864109788e-10
1.9384993424068597e-10
2.368004602092072e-10
2.8851791328512996e-10
3.505763288269242e-10
4.247682403958746e-10
5.131168478697008e-10
6.178807427555965e-10
7.415515609703475e-10
8.868423961733722e-10
1.0566621546558889e-09
1.2540799976665089e-09
1.4822723307203107e-09
1.7444627013203257e-09
2.0438444986333446e-09
2.3835138838932663e-09
2.766394266658161e-09
3.195188986181064e-09
3.6723857102203118e-09
4.200260843899945e-09
4.78106932292275e-09
5.417201516639305e-09
6.111567584581829e-09
6.868116040433633e-09
7.692323731844097e-09
8.592164780027232e-09
9.578712312815521e-09
1.0667244906405962e-08
1.1877950392584329e-08
1.3236802074217994e-08
1.4775875674986696e-08
1.6533633669319188e-08
1.8554587708282274e-08
2.0887852953665677e-08
2.3586674955402415e-08
2.6704301485926022e-08
3.029275587673976e-08
3.439735426839744e-08
3.905263186484367e-08
4.4276344311335856e-08
5.006176515802051e-08
5.6368957922544865e-08
6.31134868718338e-08
7.015084988202239e-08
7.726296086759917e-08
8.413529950070913e-08
9.034716739780062e-08
9.536554095888489e-08
9.855769735199843e-08
9.926042760989647e-08
9.686036442160797e-08
9.096778160892607e-08
