1.2379828560099594e-15
1.868038955514368e-15
2.8175798691767538e-15
4.247765875448427e-15
6.4004510717259905e-15
9.638147279804578e-15
1.450345615580948e-14
2.1807272409967705e-14
3.275913391100231e-14
4.915943289117987e-14
7.368135475791804e-14
1.102823751056355e-13
1.6480212273798046e-13
2.4582236908496413e-13
3.658976838339335e-13
5.432935139621433e-13
8.044088729628971e-13
1.1871127381361933e-12
1.7452036550440631e-12
2.5542737405234056e-12
3.719066884351055e-12
5.382198419535354e-12
7.733836879030237e-12
1.1020257786921402e-11
1.5549063477983722e-11
2.168492332821767e-11
2.982715037578047e-11
4.036094195441123e-11
5.3561037814483084e-11
6.945056789460696e-11
8.760567612714259e-11
1.0693948019711999e-10
1.2557140004553662e-10
1.4084801988621394e-10
1.4976964411736963e-10
1.4978972201397009e-10
1.3990319014191144e-10
1.2158037832421117e-10
9.879641385361557e-11
7.69584904085998e-11
6.092958794522891e-11
5.33366146364335e-11
5.4200137248649916e-11
6.192086805956976e-11
7.476645975606099e-11
9.179132182912045e-11
1.1293962169388558e-10
1.3874193482669205e-10
1.7004244516822302e-10
2.0788073549924127e-10
2.534696832430724e-10
3.082039266084884e-10
3.736731186082983e-10
4.516709805783781e-10
5.442010774516999e-10
6.534735522172743e-10
7.818931934714396e-10
9.32036638932926e-10
1.1066137160651862e-09
1.3084175158011795e-09
1.540255565876182e-09
1.8048727096144752e-09
2.1048567213337923e-09
2.442552534869441e-09
2.8199695644071747e-09
3.2387158492754598e-09
3.699983854213403e-09
4.204537722685477e-09
4.752879207703099e-09
5.3453846934048446e-09
5.98265521369538e-09
6.666003780277906e-09
7.397888055942272e-09
8.182830026599753e-09
9.027932111201474e-09
9.943886419616778e-09
1.0945614088340853e-08
1.205294048502557e-08
1.3290935521911406e-08
1.4689946311510487e-08
1.6285317573831723e-08
1.8115845055221382e-08
2.022338563042087e-08
2.2648881330750264e-08
2.5431426783293038e-08
2.86032944714699e-08
3.218658783103166e-08
3.6188453648310265e-08
4.059496769815615e-08
4.536491758980915e-08
5.0421661857926943e-08
5.5642574844934106e-08
6.085028048348114e-08
6.57979173663752e-08
7.01643114607147e-08
7.355267680548978e-08
7.550253771128108e-08
7.554346327478983e-08
7.325404209101943e-08
6.838804358695431e-08

