7.914484889114845e-16
1.1940764390319737e-15
1.80076291984023e-15
2.7143821304368035e-15
4.0892836182610194e-15
6.156766995418544e-15
9.262956961783164e-15
1.3924999353451654e-14
2.091408949815769e-14
3.137787409075643e-14
4.7019951343464346e-14
7.036180036710851e-14
1.0512326122493178e-13
1.5676974490826463e-13
2.332951859894845e-13
3.463277279881271e-13
5.126708938833955e-13
7.564260724369633e-13
1.1118301296418605e-12
1.6269877589387587e-12
2.3685578266396987e-12
3.427313197911657e-12
4.9243256669705855e-12
7.016460521187907e-12
9.899791547791189e-12
1.3807057432105808e-11
1.899367339566844e-11
2.5707121163828125e-11
3.412627379628164e-11
4.427234164347846e-11
5.588541544149909e-11
6.82877120205165e-11
8.030041777140707e-11
9.025610039106497e-11
9.626756643048297e-11
9.673335660010467e-11
9.102765216249673e-11
8.00950529527267e-11
6.647498058582916e-11
5.362836590241884e-11
4.46891430669231e-11
4.139127270173311e-11
4.383060078484456e-11
5.108830401529784e-11
6.217694006694021e-11
7.663038752286501e-11
9.457723647071838e-11
1.1655566676011185e-10
1.4334778593273962e-10
1.759132325905363e-10
2.1538535352773608e-10
2.6308835880116947e-10
3.2055925761056047e-10
3.8956828507623073e-10
4.72138994007447e-10
5.705632309892121e-10
6.874113958313336e-10
8.255360493751082e-10
9.880643783801521e-10
1.1783832633860515e-09
1.4001096921250643e-09
1.6570564527608307e-09
1.9531823079079012e-09
2.292554799704648e-09
2.6793048847490266e-09
3.117612061242688e-09
3.6117423463514086e-09
4.166087997101598e-09
4.785398959202144e-09
5.474983854937416e-09
6.24115581065246e-09
7.091813533233305e-09
8.037037558149313e-09
9.090151834262307e-09
1.0268489146323269e-08
1.1594669209106854e-08
1.309746565508891e-08
1.4813006475148548e-08
1.67851774103617e-08
1.9066314870185145e-08
2.1716920731153814e-08
2.4804468805784456e-08
2.8402908299535997e-08
3.258846979841655e-08
3.7438064828642666e-08
4.302316355767674e-08
4.940459492056107e-08
5.662469330242924e-08
6.469682483042987e-08
7.359236856645785e-08
8.322360771350521e-08
9.341894318212717e-08
1.0390003224401941e-07
1.142433164382713e-07
1.2385959597800445e-07
1.3197690573361051e-07
1.3765216771811722e-07
1.3986546616817806e-07
1.376384155199119e-07
1.3029383446368378e-07

