6.76001998290367e-16
1.0198478039237342e-15
1.5379288606645326e-15
2.318065789039462e-15
3.4920117468416074e-15
5.257188612899506e-15
7.909000769187795e-15
1.188877546516969e-14
1.785458740847715e-14
2.678566056567668e-14
4.0135458990207747e-14
6.005506226859561e-14
8.971761846425856e-14
1.3378494838158997e-13
1.9907513216454e-13
2.9550524461539435e-13
4.374053834526521e-13
6.4532835335177e-13
9.484692507293427e-13
1.387848305189327e-12
2.020308129093542e-12
2.923257889362537e-12
4.199954321995037e-12
5.98420221296005e-12
8.443294148048072e-12
1.177589137025877e-11
1.6200179766424403e-11
2.192789397298919e-11
2.911276991963156e-11
3.777484143125839e-11
4.769543567617979e-11
5.830079098279895e-11
6.859116584639396e-11
7.715118680068034e-11
8.237835145978006e-11
8.291311051504321e-11
7.822634139634573e-11
6.912662760591907e-11
5.778274573674458e-11
4.7152337641077504e-11
3.992014487231633e-11
3.7584356698695645e-11
4.0252975660101284e-11
4.71743131403259e-11
5.754381944347678e-11
7.100870815693692e-11
8.773323820277173e-11
1.0824373210153598e-10
1.3329037493662406e-10
1.6379412047848323e-10
2.008476609862005e-10
2.4573508375951787e-10
2.9995655082587517e-10
3.6525260249858146e-10
4.4362931423029044e-10
5.373800843322738e-10
6.491045068162688e-10
7.817226734841004e-10
9.384807818928794e-10
1.122951595814514e-09
1.3390229327298925e-09
1.5908837536520998e-09
1.8829971208532e-09
2.2200880189353236e-09
2.6071249405842832e-09
3.0493343671537725e-09
3.5522700489438548e-09
4.121888016558534e-09
4.764817041771066e-09
5.488605807191298e-09
6.302227088106824e-09
7.216722874526017e-09
8.245901944480221e-09
9.407495470105268e-09
1.0724081549588242e-08
1.2224529529116575e-08
1.39450520872067e-08
1.5930698691021524e-08
1.823592676935959e-08
2.0925670854781974e-08
2.4075223524993665e-08
2.7769343356985476e-08
3.2101861222893614e-08
3.717157287034354e-08
4.3080448190158496e-08
4.992710806653547e-08
5.7800738411605965e-08
6.677171751284766e-08
7.687861462386003e-08
8.811123503965953e-08
1.00387842967677e-07
1.1352136122157815e-07
1.2718686039297536e-07
1.4086720836822105e-07
1.5382073957763633e-07
1.6505157928359078e-07
1.7331830316950255e-07
1.772497828681911e-07
1.7549969796534e-07
1.6708890900157724e-07
