5.686348094795443e-16
8.578213499156719e-16
1.293517182461396e-15
1.9495512585149816e-15
2.936676186970704e-15
4.420831523296139e-15
6.6502919681134785e-15
9.995940159923214e-15
1.5010757930206954e-14
2.2517513433964398e-14
3.373733068495851e-14
5.0477270139651367e-14
7.540276784213923e-14
1.1242941192401837e-13
1.6728343768696176e-13
2.4829320329385857e-13
3.67492369499173e-13
5.421392099144099e-13
7.967480988996339e-13
1.1657621080072235e-12
1.6969102020283939e-12
2.455193398515193e-12
3.5273250103187106e-12
5.025690641505519e-12
7.090840918337528e-12
9.889756286635088e-12
1.3605977171869565e-11
1.8417906179023016e-11
2.4455699172546855e-11
3.173791496361729e-11
4.0083597588248466e-11
4.90147764331308e-11
5.769697770671696e-11
6.494772413259943e-11
6.942773389605582e-11
7.000117138201133e-11
6.622814501751782e-11
5.879066859722781e-11
4.951298900298191e-11
4.088439066964548e-11
3.517034899665104e-11
3.364672359444513e-11
3.642842627229788e-11
4.2913938313982634e-11
5.246289696962243e-11
6.48212499175866e-11
8.017864571734088e-11
9.904114742705427e-11
1.2211831967061733e-10
1.5028230130182164e-10
1.8457307772557182e-10
2.2622038288968232e-10
2.76670950147351e-10
3.3761668351064925e-10
4.11025013341567e-10
4.991679728815485e-10
6.046505649310548e-10
7.304371833285227e-10
8.79872622170725e-10
1.0567010144857715e-09
1.2650767659206771e-09
1.5095766142569263e-09
1.7952027258235307e-09
2.1274043160049068e-09
2.512097300307132e-09
2.9557212017382532e-09
3.4653549560695583e-09
4.048846633590683e-09
4.7151435216829654e-09
5.474613715032603e-09
6.339640660343193e-09
7.325372468581361e-09
8.450575796665097e-09
9.738946311265323e-09
1.1220282437744592e-08
1.2932196695124086e-08
1.492148744419893e-08
1.724608510564035e-08
1.9975978828402632e-08
2.3194884087199815e-08
2.7000526312777685e-08
3.150431759002197e-08
3.683131135490798e-08
4.3116433198508295e-08
5.0502655474474034e-08
5.913413988409369e-08
6.914906759919339e-08
8.066823603146521e-08
9.377831295241319e-08
1.0850891935198176e-07
1.2480082108724055e-07
1.4245763906562304e-07
1.6109707447803674e-07
1.8007011517090927e-07
1.9840733811600213e-07
2.1476630134891326e-07
2.2743224604035417e-07
2.3446436415324816e-07
2.339069164844299e-07
2.2426322221451783e-07
