5.107012974651986e-16
7.703989949547484e-16
1.1616504036086393e-15
1.7507388260938828e-15
2.6370922412935016e-15
3.969674584971463e-15
5.97134976348681e-15
8.975022078803607e-15
1.3477019987228623e-14
2.0215776480747147e-14
3.02871862378652e-14
4.5312900786022274e-14
6.768474559525655e-14
1.0091618548715118e-13
1.5014512972574598e-13
2.2284392555207784e-13
3.2980895431789697e-13
4.865235125520828e-13
7.149802033303821e-13
1.0460785855983268e-12
1.5226373780197934e-12
2.2029718442936054e-12
3.1648802687057997e-12
4.509203391013116e-12
6.362073447160917e-12
8.873380857907156e-12
1.2207959891292708e-11
1.6526183978405317e-11
2.1945385972688488e-11
2.848314325647618e-11
3.5978544755256574e-11
4.400484983729032e-11
5.181615129214249e-11
5.835491316141554e-11
6.24231495646569e-11
6.300513944629041e-11
5.970880947995056e-11
5.314783566699131e-11
4.496061525612905e-11
3.738351415147539e-11
3.245496528560764e-11
3.1329285614654414e-11
3.412287793047595e-11
4.031257050479318e-11
4.9343554331435145e-11
6.101156407395303e-11
7.551580724597758e-11
9.334642236780455e-11
1.1518504230278004e-10
1.418702710878896e-10
1.7440512337206434e-10
2.139800017861224e-10
2.620012259643686e-10
3.201212858649801e-10
3.902720894929779e-10
4.746982863324298e-10
5.759913475240036e-10
6.971234788484272e-10
8.414784999500701e-10
1.0128828852554254e-09
1.215631911530868e-09
1.4545197783844237e-09
1.7348643469385972e-09
2.0625537419856878e-09
2.444095067786183e-09
2.8867046955834703e-09
3.3984617091264433e-09
3.988483246631318e-09
4.66730500177926e-09
5.447267419901984e-09
6.343188195128269e-09
7.373204764402474e-09
8.559762924244449e-09
9.931069754724233e-09
1.1522486322192353e-08
1.337848320365631e-08
1.555431636828171e-08
1.8118382291715695e-08
2.115353027663547e-08
2.4759295740108178e-08
2.9052667955402953e-08
3.416838961678513e-08
4.025942213889644e-08
4.7493705903659585e-08
5.605261013613688e-08
6.612412050972791e-08
7.789507730157824e-08
9.153836417795452e-08
1.0719310063807757e-07
1.2493659974613677e-07
1.4474429244427263e-07
1.6642788284388967e-07
1.8957057192230715e-07
2.134203303646727e-07
2.3681365053305257e-07
2.5809815464255177e-07
2.751221358114221e-07
2.8540464288841485e-07
2.8639795447004395e-07
2.760840475831816e-07

