5.107012974655003e-16
7.703989949552038e-16
1.1616504036093256e-15
1.7507388260949174e-15
2.6370922412950596e-15
3.9696745849738095e-15
5.971349763490338e-15
8.975022078808912e-15
1.3477019987236585e-14
2.0215776480759097e-14
3.02871862378831e-14
4.531290078604905e-14
6.768474559529653e-14
1.0091618548721081e-13
1.5014512972583471e-13
2.2284392555220953e-13
3.2980895431809185e-13
4.865235125523704e-13
7.149802033308046e-13
1.0460785855989452e-12
1.5226373780206933e-12
2.2029718442949076e-12
3.16488026870767e-12
4.509203391015781e-12
6.362073447164676e-12
8.8733808579124e-12
1.220795989129992e-11
1.652618397841508e-11
2.1945385972701455e-11
2.848314325649301e-11
3.5978544755277835e-11
4.400484983731632e-11
5.181615129217311e-11
5.835491316145001e-11
6.242314956469378e-11
6.300513944632764e-11
5.970880947998584e-11
5.314783566702271e-11
4.4960615256155623e-11
3.7383514151497487e-11
3.245496528562682e-11
3.132928561467293e-11
3.412287793049612e-11
4.0312570504817e-11
4.93435543314643e-11
6.101156407398909e-11
7.551580724602221e-11
9.334642236785971e-11
1.1518504230284811e-10
1.4187027108797343e-10
1.7440512337216738e-10
2.1398000178624886e-10
2.6200122596452346e-10
3.2012128586516926e-10
3.9027208949320856e-10
4.746982863327104e-10
5.759913475243439e-10
6.971234788488393e-10
8.414784999505673e-10
1.0128828852560238e-09
1.2156319115315864e-09
1.4545197783852832e-09
1.7348643469396225e-09
2.0625537419869066e-09
2.4440950677876273e-09
2.8867046955851764e-09
3.3984617091284517e-09
3.9884832466336744e-09
4.667305001782018e-09
5.447267419905202e-09
6.343188195132018e-09
7.373204764406831e-09
8.559762924249508e-09
9.931069754730101e-09
1.1522486322199162e-08
1.3378483203664214e-08
1.55543163682909e-08
1.8118382291726402e-08
2.115353027664797e-08
2.475929574012281e-08
2.905266795542012e-08
3.416838961680532e-08
4.0259422138920225e-08
4.7493705903687656e-08
5.605261013617e-08
6.6124120509767e-08
7.789507730162428e-08
9.153836417800861e-08
1.0719310063814092e-07
1.249365997462106e-07
1.4474429244435816e-07
1.66427882843988e-07
1.8957057192241917e-07
2.1342033036479885e-07
2.3681365053319252e-07
2.580981546427043e-07
2.751221358115847e-07
2.854046428885835e-07
2.863979544702132e-07
2.7608404758334475e-07

