#nu [Hz]            Black-body Emission 
6.41986             -17.4513            
6.48986             -17.3113            
6.55986             -17.1713            
6.62986             -17.0313            
6.69986             -16.8913            
6.76986             -16.7513            
6.83986             -16.6113            
6.90986             -16.4713            
6.97986             -16.3313            
7.04986             -16.1913            
7.11986             -16.0513            
7.18986             -15.9113            
7.25986             -15.7713            
7.32986             -15.6313            
7.39986             -15.4913            
7.46986             -15.3513            
7.53986             -15.2113            
7.60986             -15.0713            
7.67986             -14.9313            
7.74986             -14.7913            
7.81986             -14.6513            
7.88986             -14.5113            
7.95986             -14.3713            
8.02986             -14.2313            
8.09986             -14.0913            
8.16986             -13.9513            
8.23986             -13.8113            
8.30986             -13.6713            
8.37986             -13.5313            
8.44986             -13.3913            
8.51986             -13.2513            
8.58986             -13.1113            
8.65986             -12.9713            
8.72986             -12.8313            
8.79986             -12.6913            
8.86986             -12.5513            
8.93986             -12.4113            
9.00986             -12.2713            
9.07986             -12.1313            
9.14986             -11.9913            
9.21986             -11.8513            
9.28986             -11.7113            
9.35986             -11.5713            
9.42986             -11.4313            
9.49986             -11.2913            
9.56986             -11.1513            
9.63986             -11.0113            
9.70986             -10.8713            
9.77986             -10.7313            
9.84986             -10.5913            
9.91986             -10.4513            
9.98986             -10.3113            
10.0599             -10.1713            
10.1299             -10.0313            
10.1999             -9.89134            
10.2699             -9.75134            
10.3399             -9.61134            
10.4099             -9.47134            
10.4799             -9.33134            
10.5499             -9.19134            
10.6199             -9.05134            
10.6899             -8.91134            
10.7599             -8.77134            
10.8299             -8.63134            
10.8999             -8.49134            
10.9699             -8.35134            
11.0399             -8.21134            
11.1099             -8.07134            
11.1799             -7.93134            
11.2499             -7.79134            
11.3199             -7.65134            
11.3899             -7.51134            
11.4599             -7.37143            
11.5299             -7.23145            
11.5999             -7.09153            
11.6699             -6.95156            
11.7399             -6.8116             
11.8099             -6.67169            
11.8799             -6.53175            
11.9499             -6.39182            
12.0199             -6.25192            
12.0899             -6.11203            
12.1599             -5.97215            
12.2299             -5.83229            
12.2999             -5.69246            
12.3699             -5.55265            
12.4399             -5.41288            
12.5099             -5.27315            
12.5799             -5.13347            
12.6499             -4.99385            
12.7199             -4.85429            
12.7899             -4.7148             
12.8599             -4.57541            
12.9299             -4.43612            
12.9999             -4.29696            
13.0699             -4.15794            
13.1399             -4.0191             
13.2099             -3.88046            
13.2799             -3.74206            
13.3499             -3.60394            
13.4199             -3.46615            
13.4899             -3.32876            
13.5599             -3.19182            
13.6299             -3.05542            
13.6999             -2.91966            
13.7699             -2.78465            
13.8399             -2.65053            
13.9099             -2.51746            
13.9799             -2.38562            
14.0499             -2.25524            
14.1199             -2.1266             
14.1899             -1.99999            
14.2599             -1.8758             
14.3299             -1.75447            
14.3999             -1.63651            
14.4699             -1.52254            
14.5399             -1.41324            
14.6099             -1.30942            
14.6799             -1.21194            
14.7499             -1.12174            
14.8199             -1.03974            
14.8899             -0.96673            
14.9599             -0.903252           
15.0299             -0.849381           
15.0999             -0.804564           
15.1699             -0.767557           
15.2399             -0.736552           
15.3099             -0.709542           
15.3799             -0.684758           
15.4499             -0.66098            
15.5199             -0.637559           
15.5899             -0.614235           
15.6599             -0.590945           
15.7299             -0.567666           
15.7999             -0.544405           
15.8699             -0.521166           
15.9399             -0.497955           
16.0099             -0.474782           
16.0799             -0.451658           
16.1499             -0.428597           
16.2199             -0.405619           
16.2899             -0.382747           
16.3599             -0.360015           
16.4299             -0.337464           
16.4999             -0.315146           
16.5699             -0.29313            
16.6399             -0.271504           
16.7099             -0.250382           
16.7799             -0.229906           
16.8499             -0.21026            
16.9199             -0.191678           
16.9899             -0.174456           
17.0599             -0.158968           
17.1299             -0.145685           
17.1999             -0.1352             
17.2699             -0.128256           
17.3399             -0.125781           
17.4099             -0.128934           
17.4799             -0.139087           
17.5499             -0.158236           
17.6199             -0.188386           
17.6899             -0.232335           
17.7599             -0.293408           
17.8299             -0.375744           
17.8999             -0.484216           
17.9699             -0.62475            
18.0399             -0.804338           
18.1099             -1.03121            
18.1799             -1.31491            
18.2499             -1.66652            
18.3199             -2.09888            
18.3899             -2.62689            
18.4599             -3.26794            
18.5299             -4.04235            
18.5999             -4.97388            
18.6699             -6.09043            
18.7399             -7.4247             
18.8099             -9.01497            
18.8799             -10.906             
18.9499             -13.1502            
19.0199             -15.8095            
19.0899             -18.9576            
19.1599             -22.682             
19.2299             -27.0864            
19.2999             -32.2924            
19.3699             -38.4428            
19.4399             -45.7043            
19.5099             -54.2719            
19.5799             -64.3746            
19.6499             -76.2808            
19.7199             -90.3062            
19.7899             -106.821            
19.8599             -126.262            
19.9299             -149.139            
19.9999             -176.054            
20.0699             -207.713            
20.1399             -244.945            
20.2099             -200                
20.2799             -200                
20.3499             -200                
20.4199             -200                
20.4899             -200                
20.5599             -200                
20.6299             -200                
20.6999             -200                
20.7699             -200                
20.8399             -200                
20.9099             -200                
20.9799             -200                
21.0499             -200                
21.1199             -200                
21.1899             -200                
21.2599             -200                
21.3299             -200                
21.3999             -200                
21.4699             -200                
21.5399             -200                
21.6099             -200                
21.6799             -200                
21.7499             -200                
21.8199             -200                
21.8899             -200                
21.9599             -200                
22.0299             -200                
22.0999             -200                
22.1699             -200                
22.2399             -200                
22.3099             -200                
22.3799             -200                
22.4499             -200                
22.5199             -200                
22.5899             -200                
22.6599             -200                
22.7299             -200                
22.7999             -200                
22.8699             -200                
22.9399             -200                
23.0099             -200                
23.0799             -200                
23.1499             -200                
23.2199             -200                
23.2899             -200                
23.3599             -200                
23.4299             -200                
23.4999             -200                
23.5699             -200                
23.6399             -200                
23.7099             -200                
23.7799             -200                
23.8499             -200                
23.9199             -200                
23.9899             -200                
24.0599             -200                
24.1299             -200                
24.1999             -200                
24.2699             -200                
24.3399             -200                
24.4099             -200                
24.4799             -200                
24.5499             -200                
24.6199             -200                
24.6899             -200                
24.7599             -200                
24.8299             -200                
24.8999             -200                
24.9699             -200                
25.0399             -200                
25.1099             -200                
25.1799             -200                
25.2499             -200                
25.3199             -200                
25.3899             -200                
25.4599             -200                
25.5299             -200                
25.5999             -200                
25.6699             -200                
25.7399             -200                
25.8099             -200                
25.8799             -200                
25.9499             -200                
26.0199             -200                
26.0899             -200                
26.1599             -200                
26.2299             -200                
26.2999             -200                
26.3699             -200                
26.4399             -200                
26.5099             -200                
26.5799             -200                
26.6499             -200                
26.7199             -200                
26.7899             -200                
26.8599             -200                
26.9299             -200                
26.9999             -200                
27.0699             -200                
27.1399             -200                
27.2099             -200                
27.2799             -200                
