#nu [Hz]            Compton Emission    
6.41986             -198.155            
6.48986             -198.155            
6.55986             -198.155            
6.62986             -198.155            
6.69986             -198.155            
6.76986             -198.155            
6.83986             -198.155            
6.90986             -198.155            
6.97986             -198.155            
7.04986             -198.155            
7.11986             -198.155            
7.18986             -198.155            
7.25986             -198.155            
7.32986             -198.155            
7.39986             -198.155            
7.46986             -198.155            
7.53986             -198.155            
7.60986             -198.155            
7.67986             -198.155            
7.74986             -198.155            
7.81986             -198.155            
7.88986             -198.155            
7.95986             -198.155            
8.02986             -198.155            
8.09986             -198.155            
8.16986             -198.155            
8.23986             -198.155            
8.30986             -198.155            
8.37986             -198.155            
8.44986             -198.155            
8.51986             -198.155            
8.58986             -198.155            
8.65986             -198.155            
8.72986             -198.155            
8.79986             -198.155            
8.86986             -198.155            
8.93986             -198.155            
9.00986             -198.155            
9.07986             -198.155            
9.14986             -198.155            
9.21986             -198.155            
9.28986             -198.155            
9.35986             -198.155            
9.42986             -198.155            
9.49986             -198.155            
9.56986             -198.155            
9.63986             -198.155            
9.70986             -198.155            
9.77986             -198.155            
9.84986             -198.155            
9.91986             -198.155            
9.98986             -198.155            
10.0599             -198.155            
10.1299             -198.155            
10.1999             -198.155            
10.2699             -198.155            
10.3399             -198.155            
10.4099             -198.155            
10.4799             -198.155            
10.5499             -198.155            
10.6199             -198.155            
10.6899             -198.155            
10.7599             -198.155            
10.8299             -198.155            
10.8999             -198.155            
10.9699             -198.155            
11.0399             -198.155            
11.1099             -198.155            
11.1799             -198.155            
11.2499             -198.155            
11.3199             -198.155            
11.3899             -198.155            
11.4599             -198.155            
11.5299             -198.155            
11.5999             -198.155            
11.6699             -198.155            
11.7399             -198.155            
11.8099             -198.155            
11.8799             -198.155            
11.9499             -198.155            
12.0199             -198.155            
12.0899             -198.155            
12.1599             -198.155            
12.2299             -198.155            
12.2999             -198.155            
12.3699             -198.155            
12.4399             -198.155            
12.5099             -198.155            
12.5799             -198.155            
12.6499             -198.155            
12.7199             -198.155            
12.7899             -198.155            
12.8599             -198.155            
12.9299             -198.155            
12.9999             -198.155            
13.0699             -198.155            
13.1399             -198.155            
13.2099             -198.155            
13.2799             -198.155            
13.3499             -198.155            
13.4199             -198.155            
13.4899             -198.155            
13.5599             -198.155            
13.6299             -198.155            
13.6999             -198.155            
13.7699             -198.155            
13.8399             -198.155            
13.9099             -198.155            
13.9799             -198.155            
14.0499             -198.155            
14.1199             -198.155            
14.1899             -198.155            
14.2599             -198.155            
14.3299             -198.155            
14.3999             -198.155            
14.4699             -198.155            
14.5399             -198.155            
14.6099             -198.155            
14.6799             -198.155            
14.7499             -198.155            
14.8199             -198.155            
14.8899             -198.155            
14.9599             -198.155            
15.0299             -198.155            
15.0999             -198.155            
15.1699             -198.155            
15.2399             -198.155            
15.3099             -198.155            
15.3799             -198.155            
15.4499             -198.155            
15.5199             -198.155            
15.5899             -198.155            
15.6599             -198.155            
15.7299             -198.155            
15.7999             -198.155            
15.8699             -198.155            
15.9399             -198.155            
16.0099             -198.155            
16.0799             -198.155            
16.1499             -198.155            
16.2199             -198.155            
16.2899             -2.99005            
16.3599             -2.85644            
16.4299             -2.82729            
16.4999             -2.78953            
16.5699             -2.76355            
16.6399             -2.74228            
16.7099             -2.72505            
16.7799             -2.71082            
16.8499             -2.69945            
16.9199             -2.6915             
16.9899             -2.68672            
17.0599             -2.68565            
17.1299             -2.6881             
17.1999             -2.69457            
17.2699             -2.70511            
17.3399             -2.7198             
17.4099             -2.7392             
17.4799             -2.76307            
17.5499             -2.79219            
17.6199             -2.82635            
17.6899             -2.866              
17.7599             -2.91141            
17.8299             -2.96247            
17.8999             -3.01983            
17.9699             -3.08328            
18.0399             -3.15306            
18.1099             -3.22941            
18.1799             -3.31188            
18.2499             -3.40054            
18.3199             -3.49596            
18.3899             -3.5955             
18.4599             -3.7003             
18.5299             -3.80857            
18.5999             -3.91689            
18.6699             -4.02334            
18.7399             -4.12779            
18.8099             -4.22887            
18.8799             -4.31729            
18.9499             -4.39397            
19.0199             -4.4605             
19.0899             -4.51473            
19.1599             -4.55732            
19.2299             -4.59637            
19.2999             -4.63189            
19.3699             -4.66496            
19.4399             -4.69859            
19.5099             -4.73519            
19.5799             -4.77484            
19.6499             -4.81778            
19.7199             -4.86771            
19.7899             -4.92293            
19.8599             -4.98499            
19.9299             -5.05445            
19.9999             -5.13099            
20.0699             -5.21676            
20.1399             -5.31041            
20.2099             -5.4147             
20.2799             -5.52862            
20.3499             -5.65362            
20.4199             -5.79106            
20.4899             -5.93955            
20.5599             -6.10313            
20.6299             -6.27802            
20.6999             -6.46783            
20.7699             -6.66904            
20.8399             -6.88005            
20.9099             -7.11884            
20.9799             -7.3565             
21.0499             -7.53887            
21.1199             -7.63586            
21.1899             -7.74064            
21.2599             -7.8298             
21.3299             -7.90734            
21.3999             -7.97822            
21.4699             -8.04755            
21.5399             -8.12158            
21.6099             -8.20075            
21.6799             -8.2843             
21.7499             -8.37439            
21.8199             -8.4729             
21.8899             -8.58453            
21.9599             -8.70347            
22.0299             -8.82781            
22.0999             -8.96536            
22.1699             -9.09607            
22.2399             -9.21352            
22.3099             -9.34216            
22.3799             -9.50096            
22.4499             -9.67811            
22.5199             -9.86364            
22.5899             -10.0602            
22.6599             -10.266             
22.7299             -10.4998            
22.7999             -10.7554            
22.8699             -11.0421            
22.9399             -11.3852            
23.0099             -11.7581            
23.0799             -12.295             
23.1499             -12.8629            
23.2199             -13.7413            
23.2899             -15.2526            
23.3599             -20.97              
23.4299             -22.65              
23.4999             -24.33              
23.5699             -26.01              
23.6399             -27.69              
23.7099             -29.37              
23.7799             -31.05              
23.8499             -32.73              
23.9199             -34.41              
23.9899             -36.09              
24.0599             -37.77              
24.1299             -39.45              
24.1999             -41.13              
24.2699             -42.81              
24.3399             -44.49              
24.4099             -46.17              
24.4799             -47.85              
24.5499             -49.53              
24.6199             -51.21              
24.6899             -52.89              
24.7599             -54.57              
24.8299             -56.25              
24.8999             -57.93              
24.9699             -59.61              
25.0399             -61.29              
25.1099             -62.97              
25.1799             -64.65              
25.2499             -66.33              
25.3199             -68.01              
25.3899             -69.69              
25.4599             -71.37              
25.5299             -73.05              
25.5999             -74.73              
25.6699             -76.41              
25.7399             -78.09              
25.8099             -79.77              
25.8799             -81.45              
25.9499             -83.13              
26.0199             -84.81              
26.0899             -86.49              
26.1599             -88.17              
26.2299             -89.85              
26.2999             -91.53              
26.3699             -93.21              
26.4399             -94.89              
26.5099             -96.57              
26.5799             -98.25              
26.6499             -198.155            
26.7199             -198.155            
26.7899             -198.155            
26.8599             -198.155            
26.9299             -198.155            
26.9999             -198.155            
27.0699             -198.155            
27.1399             -198.155            
27.2099             -198.155            
27.2799             -198.155            
