#nu [Hz]            Postsyn Emission    
6.41986             -198.187            
6.48986             -0.460217           
6.55986             -0.138735           
6.62986             0.0627274           
6.69986             0.244868            
6.76986             0.383331            
6.83986             0.487897            
6.90986             0.587911            
6.97986             0.691477            
7.04986             0.791759            
7.11986             0.885607            
7.18986             0.978396            
7.25986             1.06966             
7.32986             1.15254             
7.39986             1.22814             
7.46986             1.30342             
7.53986             1.37829             
7.60986             1.44709             
7.67986             1.51298             
7.74986             1.57979             
7.81986             1.6445              
7.88986             1.70383             
7.95986             1.76195             
8.02986             1.81958             
8.09986             1.87277             
8.16986             1.92297             
8.23986             1.97225             
8.30986             2.01815             
8.37986             2.06048             
8.44986             2.10129             
8.51986             2.13907             
8.58986             2.17385             
8.65986             2.20695             
8.72986             2.23707             
8.79986             2.26508             
8.86986             2.29156             
8.93986             2.31592             
9.00986             2.33977             
9.07986             2.36293             
9.14986             2.38548             
9.21986             2.40669             
9.28986             2.42397             
9.35986             2.43849             
9.42986             2.45055             
9.49986             2.46089             
9.56986             2.4704              
9.63986             2.47831             
9.70986             2.48549             
9.77986             2.49107             
9.84986             2.49452             
9.91986             2.49589             
9.98986             2.49353             
10.0599             2.48677             
10.1299             2.47298             
10.1999             2.4501              
10.2699             2.41972             
10.3399             2.38534             
10.4099             2.34986             
10.4799             2.31387             
10.5499             2.27778             
10.6199             2.24175             
10.6899             2.20571             
10.7599             2.16958             
10.8299             2.1333              
10.8999             2.09684             
10.9699             2.06026             
11.0399             2.02356             
11.1099             1.98672             
11.1799             1.9496              
11.2499             1.91213             
11.3199             1.87429             
11.3899             1.83615             
11.4599             1.79773             
11.5299             1.75894             
11.5999             1.71966             
11.6699             1.67984             
11.7399             1.63953             
11.8099             1.5988              
11.8799             1.55764             
11.9499             1.516               
12.0199             1.47379             
12.0899             1.431               
12.1599             1.38769             
12.2299             1.34392             
12.2999             1.29972             
12.3699             1.25509             
12.4399             1.21002             
12.5099             1.16453             
12.5799             1.11863             
12.6499             1.07235             
12.7199             1.02571             
12.7899             0.978687            
12.8599             0.931294            
12.9299             0.88354             
12.9999             0.835447            
13.0699             0.787049            
13.1399             0.738347            
13.2099             0.689297            
13.2799             0.639865            
13.3499             0.590054            
13.4199             0.539895            
13.4899             0.489413            
13.5599             0.438599            
13.6299             0.387398            
13.6999             0.335757            
13.7699             0.283664            
13.8399             0.231125            
13.9099             0.178155            
13.9799             0.12476             
14.0499             0.0709218           
14.1199             0.0165308           
14.1899             -0.0385407          
14.2599             -0.0943936          
14.3299             -0.150949           
14.3999             -0.208091           
14.4699             -0.265711           
14.5399             -0.323939           
14.6099             -0.383003           
14.6799             -0.443176           
14.7499             -0.50458            
14.8199             -0.567272           
14.8899             -0.631252           
14.9599             -0.696616           
15.0299             -0.763508           
15.0999             -0.832114           
15.1699             -0.902639           
15.2399             -0.975298           
15.3099             -1.0503             
15.3799             -1.12787            
15.4499             -1.20819            
15.5199             -1.29142            
15.5899             -1.37778            
15.6599             -1.46747            
15.7299             -1.56064            
15.7999             -1.65744            
15.8699             -1.75796            
15.9399             -1.86216            
16.0099             -1.97005            
16.0799             -2.08155            
16.1499             -2.19652            
16.2199             -2.3149             
16.2899             -2.43654            
16.3599             -2.56131            
16.4299             -2.68921            
16.4999             -2.82024            
16.5699             -2.95463            
16.6399             -3.09263            
16.7099             -3.23445            
16.7799             -3.38036            
16.8499             -3.53053            
16.9199             -3.68539            
16.9899             -3.84553            
17.0599             -4.0116             
17.1299             -4.18457            
17.1999             -4.36537            
17.2699             -4.55537            
17.3399             -4.75622            
17.4099             -4.96969            
17.4799             -5.19849            
17.5499             -5.44575            
17.6199             -5.71472            
17.6899             -6.00951            
17.7599             -6.3343             
17.8299             -6.69414            
17.8999             -7.09692            
17.9699             -7.55122            
18.0399             -8.06576            
18.1099             -8.64943            
18.1799             -9.31034            
18.2499             -10.0643            
18.3199             -10.9452            
18.3899             -11.99              
18.4599             -13.2217            
18.5299             -14.6301            
18.5999             -16.2005            
18.6699             -17.9875            
18.7399             -20.22              
18.8099             -23.153             
18.8799             -26.8304            
18.9499             -30.7171            
19.0199             -34.1795            
19.0899             -37.3464            
19.1599             -42.6489            
19.2299             -52.9512            
19.2999             -69.3587            
19.3699             -87.114             
19.4399             -97.993             
19.5099             -98.1587            
19.5799             -98.1093            
19.6499             -98.175             
19.7199             -98.072             
19.7899             -98.13              
19.8599             -98.186             
19.9299             -98.1919            
19.9999             -98.1904            
20.0699             -98.1872            
20.1399             -98.1851            
20.2099             -98.1856            
20.2799             -98.187             
20.3499             -98.1876            
20.4199             -98.1874            
20.4899             -98.1871            
20.5599             -98.187             
20.6299             -98.187             
20.6999             -98.1871            
20.7699             -98.1871            
20.8399             -98.1871            
20.9099             -98.1871            
20.9799             -98.1871            
21.0499             -98.1871            
21.1199             -98.1871            
21.1899             -98.1871            
21.2599             -98.1871            
21.3299             -98.1871            
21.3999             -98.1871            
21.4699             -98.1871            
21.5399             -98.1871            
21.6099             -98.1871            
21.6799             -98.1871            
21.7499             -98.1871            
21.8199             -98.1871            
21.8899             -98.1871            
21.9599             -98.1871            
22.0299             -98.1871            
22.0999             -98.1871            
22.1699             -98.1871            
22.2399             -98.1871            
22.3099             -98.1871            
22.3799             -98.1871            
22.4499             -98.1871            
22.5199             -98.1871            
22.5899             -98.1871            
22.6599             -98.1871            
22.7299             -98.1871            
22.7999             -98.1871            
22.8699             -98.1871            
22.9399             -98.1871            
23.0099             -98.1871            
23.0799             -98.1871            
23.1499             -98.1871            
23.2199             -98.1871            
23.2899             -98.1871            
23.3599             -98.1871            
23.4299             -98.1871            
23.4999             -98.1871            
23.5699             -98.1871            
23.6399             -98.1871            
23.7099             -98.1871            
23.7799             -98.1871            
23.8499             -98.1871            
23.9199             -98.1871            
23.9899             -98.1871            
24.0599             -98.1871            
24.1299             -98.1871            
24.1999             -98.1871            
24.2699             -98.1871            
24.3399             -98.1871            
24.4099             -98.1871            
24.4799             -98.1871            
24.5499             -98.1871            
24.6199             -98.1871            
24.6899             -98.1871            
24.7599             -98.1871            
24.8299             -98.1871            
24.8999             -98.1871            
24.9699             -98.1871            
25.0399             -98.1871            
25.1099             -98.1871            
25.1799             -98.1871            
25.2499             -98.1871            
25.3199             -98.1871            
25.3899             -98.1871            
25.4599             -98.1871            
25.5299             -98.1871            
25.5999             -98.1871            
25.6699             -98.1871            
25.7399             -98.1871            
25.8099             -98.1871            
25.8799             -98.1871            
25.9499             -98.1871            
26.0199             -98.1871            
26.0899             -98.1871            
26.1599             -98.1871            
26.2299             -98.1871            
26.2999             -98.1871            
26.3699             -98.1871            
26.4399             -98.1871            
26.5099             -98.1871            
26.5799             -98.1871            
26.6499             -98.1871            
26.7199             -98.1871            
26.7899             -98.1871            
26.8599             -98.1871            
26.9299             -98.1871            
26.9999             -98.1871            
27.0699             -98.1871            
27.1399             -98.1871            
27.2099             -98.1871            
27.2799             -98.1871            
