#nu [Hz]            Total Emission      
6.41986             -17.3407            
6.48986             -17.1044            
6.55986             -16.9644            
6.62986             -16.7185            
6.69986             -16.347             
6.76986             -15.9864            
6.83986             -15.6502            
6.90986             -15.1195            
6.97986             -1.19069            
7.04986             -1.08125            
7.11986             -0.991761           
7.18986             -0.928458           
7.25986             -0.882788           
7.32986             -0.846545           
7.39986             -0.817692           
7.46986             -0.793342           
7.53986             -0.771107           
7.60986             -0.75172            
7.67986             -0.733897           
7.74986             -0.715984           
7.81986             -0.699006           
7.88986             -0.682403           
7.95986             -0.66518            
8.02986             -0.648663           
8.09986             -0.632531           
8.16986             -0.615745           
8.23986             -0.59937            
8.30986             -0.583272           
8.37986             -0.566654           
8.44986             -0.550646           
8.51986             -0.535245           
8.58986             -0.51962            
8.65986             -0.504678           
8.72986             -0.490445           
8.79986             -0.47602            
8.86986             -0.462069           
8.93986             -0.448855           
9.00986             -0.435794           
9.07986             -0.423504           
9.14986             -0.411843           
9.21986             -0.399733           
9.28986             -0.387423           
9.35986             -0.375415           
9.42986             -0.363891           
9.49986             -0.354056           
9.56986             -0.346182           
9.63986             -0.338959           
9.70986             -0.331932           
9.77986             -0.324989           
9.84986             -0.317983           
9.91986             -0.311841           
9.98986             -0.307127           
10.0599             -0.303087           
10.1299             -0.299765           
10.1999             -0.297295           
10.2699             -0.295063           
10.3399             -0.293279           
10.4099             -0.292255           
10.4799             -0.291379           
10.5499             -0.290777           
10.6199             -0.290803           
10.6899             -0.290838           
10.7599             -0.290845           
10.8299             -0.291088           
10.8999             -0.291071           
10.9699             -0.290905           
11.0399             -0.290968           
11.1099             -0.290729           
11.1799             -0.290151           
11.2499             -0.289524           
11.3199             -0.288458           
11.3899             -0.287247           
11.4599             -0.286518           
11.5299             -0.285715           
11.5999             -0.284633           
11.6699             -0.283495           
11.7399             -0.281956           
11.8099             -0.280316           
11.8799             -0.279259           
11.9499             -0.278149           
12.0199             -0.276672           
12.0899             -0.275123           
12.1599             -0.27319            
12.2299             -0.271038           
12.2999             -0.269265           
12.3699             -0.267297           
12.4399             -0.265132           
12.5099             -0.263724           
12.5799             -0.262587           
12.6499             -0.260894           
12.7199             -0.258529           
12.7899             -0.255461           
12.8599             -0.25201            
12.9299             -0.248763           
12.9999             -0.245224           
13.0699             -0.241294           
13.1399             -0.237765           
13.2099             -0.234215           
13.2799             -0.230095           
13.3499             -0.225669           
13.4199             -0.220534           
13.4899             -0.214096           
13.5599             -0.206336           
13.6299             -0.197251           
13.6999             -0.187492           
13.7699             -0.178255           
13.8399             -0.168956           
13.9099             -0.15872            
13.9799             -0.147999           
14.0499             -0.136624           
14.1199             -0.123808           
14.1899             -0.10927            
14.2599             -0.0927343          
14.3299             -0.0747288          
14.3999             -0.0552744          
14.4699             -0.0343602          
14.5399             -0.0124729          
14.6099             0.0108284           
14.6799             0.0350552           
14.7499             0.0607472           
14.8199             0.0876378           
14.8899             0.116033            
14.9599             0.145574            
15.0299             0.175527            
15.0999             0.20592             
15.1699             0.238289            
15.2399             0.277407            
15.3099             0.324942            
15.3799             0.377312            
15.4499             0.425466            
15.5199             0.463871            
15.5899             0.487343            
15.6599             0.49055             
15.7299             0.467479            
15.7999             0.414744            
15.8699             0.339159            
15.9399             0.251207            
16.0099             0.160874            
16.0799             0.07362             
16.1499             -0.00608157         
16.2199             -0.0742451          
16.2899             -0.127695           
16.3599             -0.166609           
16.4299             -0.191928           
16.4999             -0.205751           
16.5699             -0.210732           
16.6399             -0.209229           
16.7099             -0.203193           
16.7799             -0.194144           
16.8499             -0.183245           
16.9199             -0.171392           
16.9899             -0.159318           
17.0599             -0.147706           
17.1299             -0.137292           
17.1999             -0.12891            
17.2699             -0.123507           
17.3399             -0.122156           
17.4099             -0.126125           
17.4799             -0.136864           
17.5499             -0.156427           
17.6199             -0.18686            
17.6899             -0.230985           
17.7599             -0.292146           
17.8299             -0.374486           
17.8999             -0.48287            
17.9699             -0.623192           
18.0399             -0.802367           
18.1099             -1.02845            
18.1799             -1.31055            
18.2499             -1.65858            
18.3199             -2.08181            
18.3899             -2.58255            
18.4599             -3.13137            
18.5299             -3.60889            
18.5999             -3.88038            
18.6699             -4.01964            
18.7399             -4.12757            
18.8099             -4.22886            
18.8799             -4.31729            
18.9499             -4.39397            
19.0199             -4.4605             
19.0899             -4.51473            
19.1599             -4.55732            
19.2299             -4.59637            
19.2999             -4.63189            
19.3699             -4.66496            
19.4399             -4.69859            
19.5099             -4.73519            
19.5799             -4.77484            
19.6499             -4.81778            
19.7199             -4.86771            
19.7899             -4.92293            
19.8599             -4.98499            
19.9299             -5.05445            
19.9999             -5.13099            
20.0699             -5.21676            
20.1399             -5.31041            
20.2099             -5.4147             
20.2799             -5.52862            
20.3499             -5.65362            
20.4199             -5.79106            
20.4899             -5.93955            
20.5599             -6.10313            
20.6299             -6.27802            
20.6999             -6.46783            
20.7699             -6.66904            
20.8399             -6.88005            
20.9099             -7.11884            
20.9799             -7.3565             
21.0499             -7.53887            
21.1199             -7.63586            
21.1899             -7.74064            
21.2599             -7.8298             
21.3299             -7.90734            
21.3999             -7.97822            
21.4699             -8.04755            
21.5399             -8.12158            
21.6099             -8.20075            
21.6799             -8.2843             
21.7499             -8.37439            
21.8199             -8.4729             
21.8899             -8.58453            
21.9599             -8.70347            
22.0299             -8.82781            
22.0999             -8.96536            
22.1699             -9.09607            
22.2399             -9.21352            
22.3099             -9.34216            
22.3799             -9.50096            
22.4499             -9.67811            
22.5199             -9.86364            
22.5899             -10.0602            
22.6599             -10.266             
22.7299             -10.4998            
22.7999             -10.7554            
22.8699             -11.0421            
22.9399             -11.3852            
23.0099             -11.7581            
23.0799             -12.295             
23.1499             -12.8629            
23.2199             -13.7413            
23.2899             -15.2526            
23.3599             -20.97              
23.4299             -22.65              
23.4999             -24.33              
23.5699             -26.01              
23.6399             -27.69              
23.7099             -29.37              
23.7799             -31.05              
23.8499             -32.73              
23.9199             -34.41              
23.9899             -36.09              
24.0599             -37.77              
24.1299             -39.45              
24.1999             -41.13              
24.2699             -42.81              
24.3399             -44.49              
24.4099             -46.17              
24.4799             -47.85              
24.5499             -49.53              
24.6199             -51.21              
24.6899             -52.89              
24.7599             -54.57              
24.8299             -56.25              
24.8999             -57.93              
24.9699             -59.61              
25.0399             -61.29              
25.1099             -62.97              
25.1799             -64.65              
25.2499             -66.33              
25.3199             -68.01              
25.3899             -69.69              
25.4599             -71.37              
25.5299             -73.05              
25.5999             -74.73              
25.6699             -76.41              
25.7399             -78.09              
25.8099             -79.77              
25.8799             -81.45              
25.9499             -83.13              
26.0199             -84.81              
26.0899             -86.49              
26.1599             -88.17              
26.2299             -89.85              
26.2999             -91.53              
26.3699             -93.21              
26.4399             -94.8898            
26.5099             -96.5589            
26.5799             -97.8988            
26.6499             -98.1549            
26.7199             -98.1549            
26.7899             -98.1549            
26.8599             -98.1549            
26.9299             -98.1549            
26.9999             -98.1549            
27.0699             -98.1549            
27.1399             -98.1549            
27.2099             -98.1549            
27.2799             -98.1549            
