1.4838246333018745e-13
2.2400012542447977e-13
3.380220985222893e-13
5.098559743156424e-13
7.686461218379078e-13
1.1581058947056859e-12
1.7437086060303196e-12
2.6233665822180124e-12
3.943222201170535e-12
5.92094586032502e-12
8.879925518763956e-12
1.3299185756451589e-11
1.9885936355875988e-11
2.9679939744239915e-11
4.420286474616452e-11
6.56691725039818e-11
9.727993055994464e-11
1.436271559418516e-10
2.112335977882307e-10
3.092613780211293e-10
4.5039886438641647e-10
6.519073836722521e-10
9.367760752277075e-10
1.334725558214101e-09
1.8827875929440637e-09
2.6247067527753377e-09
3.608106227633157e-09
4.8784273549702765e-09
6.467076903118248e-09
8.374154734537534e-09
1.0544661658374302e-08
1.2842340986049587e-08
1.503394892581531e-08
1.6792008092625172e-08
1.774635514204755e-08
1.7580181958571666e-08
1.6160280231247317e-08
1.3647194304035181e-08
1.0497437499977372e-08
7.332881264691454e-09
4.704989010493972e-09
2.8933366637223924e-09
1.862981391043949e-09
1.3808117547984092e-09
1.1903855496519674e-09
1.117690084934571e-09
1.0811389732895064e-09
1.0538510035943712e-09
1.0299528883092604e-09
1.0088420844477948e-09
9.907163421979487e-10
9.756952107659554e-10
9.637403768330175e-10
9.545518963566168e-10
9.476295545627752e-10
9.42232944998425e-10
9.374410487124741e-10
9.322124743286962e-10
9.254467368205114e-10
9.160858640835605e-10
9.031831916352346e-10
8.859943835741338e-10
8.64001787105126e-10
8.369795762108573e-10
8.049628591075059e-10
7.682545526899335e-10
7.27381485989158e-10
6.830415701815348e-10
6.360621442785114e-10
5.87329405948952e-10
5.377447880395116e-10
4.881699253169154e-10
4.3939173949564897e-10
3.920880813013622e-10
3.468126313276687e-10
3.039884479732713e-10
2.639030887104167e-10
2.2673937731473613e-10
1.9257240787713223e-10
1.6141654891932403e-10
1.332413686017916e-10
1.0799184776280641e-10
8.562652017277302e-11
6.610118385525633e-11
4.9391473964215535e-11
3.5465045497493514e-11
2.425520083486951e-11
1.5636568152973596e-11
9.382470386448741e-12
5.1639311470519e-12
2.562751178885675e-12
1.1242746461677535e-12
4.263184996242037e-13
1.3612573566395844e-13
3.554470701126474e-14
7.341704894824564e-15
1.1536219162002176e-15
1.3205147558334733e-16
1.051034905639178e-17
5.480145582138778e-19
