1.0256071195814412e-12
1.5483240776865705e-12
2.3365544169251625e-12
3.524502436134813e-12
5.3137217340815395e-12
8.006552809265165e-12
1.205589169026471e-11
1.8139114217759045e-11
2.7267412315224914e-11
4.0947147351801827e-11
6.141670078169097e-11
9.199239723227123e-11
1.3757141016110655e-10
2.0535550223310286e-10
3.058871290774908e-10
4.545130367269838e-10
6.734243010989479e-10
9.944651432784551e-10
1.4628843180681263e-09
2.14226228279361e-09
3.120680051310569e-09
4.518000892051906e-09
6.4939038726758595e-09
9.254851695331141e-09
1.3058078592884457e-08
1.820730575976442e-08
2.503273551678291e-08
3.384837076083039e-08
4.486854426059541e-08
5.808631739339413e-08
7.310601254581365e-08
8.895910417714616e-08
1.039945092089995e-07
1.1589945053018356e-07
1.2206675426216986e-07
1.2027683775513816e-07
1.0961976993645842e-07
9.127494379927434e-08
6.85161948076169e-08
4.577915481367774e-08
2.697733960531799e-08
1.4075129405275679e-08
6.790109349955762e-09
3.434733184374162e-09
2.1629445144985465e-09
1.7255979454775913e-09
1.536690629604392e-09
1.4023292594775456e-09
1.2790545018225662e-09
1.1615588090732537e-09
1.0508947931357717e-09
9.486206023057062e-10
8.559471949717527e-10
7.736393502960124e-10
7.018726299781227e-10
6.403081611535193e-10
5.880719341415079e-10
5.439946584790921e-10
5.06590084091974e-10
4.743363111406927e-10
4.4568918587601004e-10
4.192594149393703e-10
3.9386823092273484e-10
3.6863449120524273e-10
3.4298097017048727e-10
3.166393626155594e-10
2.8960875398952974e-10
2.620915963871212e-10
2.34446181341221e-10
2.0710934599137315e-10
1.8055086083156117e-10
1.552215738870821e-10
1.3151872086194553e-10
1.0976098186416898e-10
9.017315437827302e-11
7.288142527724915e-11
5.7915598149017276e-11
4.521934602856171e-11
3.466360461266035e-11
2.606477630201825e-11
1.9203507149696375e-11
1.3841815922303913e-11
9.741556835580498e-12
6.6748303772366765e-12
4.435527727352639e-12
2.843486342490016e-12
1.7459894206641238e-12
1.0176651647593207e-12
5.564847339596165e-13
2.8149483577018854e-13
1.2950044032014952e-13
5.3107368232648335e-14
1.897521429859267e-14
5.749648184307085e-15
1.4341583099227815e-15
2.848719268042366e-16
4.321371172994412e-17
4.785972063409529e-18
3.7359148661118645e-19
1.913126399091668e-20

