1.5846026666092958e-12
2.3922283122432243e-12
3.610091900556445e-12
5.4455530628664855e-12
8.210035956974399e-12
1.2370697254679668e-11
1.8627330329523593e-11
2.80265978711607e-11
4.2130989361755825e-11
6.326816690095841e-11
9.489699065252275e-11
1.4214212030549214e-10
2.1257125018901706e-10
3.1731368646991726e-10
4.726617652338435e-10
7.023331186437381e-10
1.0406240961416941e-09
1.5367517652416641e-09
2.2606532955594106e-09
3.3106034238070517e-09
4.822752047464172e-09
6.982382638351767e-09
1.0036333184258374e-08
1.4303767319506397e-08
2.0182333355294093e-08
2.814152040769043e-08
3.869167957846605e-08
5.231794843108826e-08
6.935102417666662e-08
8.977890885334494e-08
1.1298765146538618e-07
1.3747633016227085e-07
1.606873874535422e-07
1.790392014935244e-07
1.8849550859997102e-07
1.8562228605674694e-07
1.6901617823814577e-07
1.405122705531287e-07
1.0519011637543735e-07
6.992736985606433e-08
4.07884629647508e-08
2.0813720592226223e-08
9.559108448829922e-09
4.403338723997654e-09
2.48081024402122e-09
1.853046910314715e-09
1.6104394160711857e-09
1.4516443656091855e-09
1.3085296503339925e-09
1.172144899648065e-09
1.0434255292817224e-09
9.242274457659875e-10
8.160471222832468e-10
7.199381054868095e-10
6.362689627831515e-10
5.648258432661798e-10
5.047597333057681e-10
4.548495780803361e-10
4.1350662843593017e-10
3.7908005405637545e-10
3.4988684936980805e-10
3.243807058301994e-10
3.0122351173489795e-10
2.7935104622869204e-10
2.580048749708356e-10
2.3673059207012635e-10
2.1534786289031585e-10
1.9388535326860022e-10
1.7253627484491496e-10
1.5158213665031575e-10
1.3135022864790392e-10
1.1216430824267855e-10
9.431306576780846e-11
7.802713652731053e-11
6.346556002584301e-11
5.071113571181079e-11
3.9772073344556265e-11
3.059004448627606e-11
2.3051026128399716e-11
1.6999783103677526e-11
1.2254734320189919e-11
8.622001500777141e-12
5.909353424439333e-12
3.935367291458234e-12
2.5378297567751486e-12
1.5774719266863832e-12
9.390645711380818e-13
5.310067722668236e-13
2.8210082964914384e-13
1.3891518635664884e-13
6.236196903059983e-14
2.5020463251487944e-14
8.768997911027503e-15
2.612650573887549e-15
6.422401286769899e-16
1.259937373497604e-16
1.8905192627316855e-17
2.0733322735020103e-18
1.6075146373145137e-19
8.182549511609801e-21
