2.551756625530297e-13
3.85222194639572e-13
5.813201048646247e-13
8.768512328989733e-13
1.321947026450522e-12
1.9918024495760286e-12
2.99904910188016e-12
4.512131562836669e-12
6.782482845914688e-12
1.0184622772893434e-11
1.5275008480959645e-11
2.2877970489621253e-11
3.4210622045424204e-11
5.10625779607554e-11
7.605317816352028e-11
1.1299474503419076e-10
1.673987729009333e-10
2.4717266627769597e-10
3.635500200033686e-10
5.323121232524503e-10
7.753169053337311e-10
1.1223035146177375e-09
1.6128832450575987e-09
2.2982683902021892e-09
3.2422670742564487e-09
4.52023958819004e-09
6.21418385259127e-09
8.402236443672425e-09
1.1138140228756979e-08
1.4421327554364033e-08
1.8155714521510118e-08
2.210439839853459e-08
2.5862509467531893e-08
2.8862114844174708e-08
3.046190477086909e-08
3.011407264363657e-08
2.759036788089617e-08
2.3173274915377845e-08
1.7658889327225163e-08
1.2129523397797404e-08
7.543146955971031e-09
4.383661285814393e-09
2.587250658938846e-09
1.745978246466347e-09
1.4120133212046979e-09
1.2818194755907987e-09
1.2131026142307374e-09
1.1589711933177767e-09
1.109195179786838e-09
1.0627798320882873e-09
1.0202078800772998e-09
9.819248114675611e-10
9.481786215457261e-10
9.188904086748859e-10
8.937148863087205e-10
8.720010961299615e-10
8.528458492533387e-10
8.351855978108073e-10
8.178336456794623e-10
7.996275198948696e-10
7.794880383133173e-10
7.56539657715124e-10
7.301406476511192e-10
6.999588944614303e-10
6.659427118369319e-10
6.283274780702721e-10
5.875878991910497e-10
5.443798442032059e-10
4.994940283178006e-10
4.5378047153300523e-10
4.081006927896865e-10
3.632719587769672e-10
3.2002724337283307e-10
2.7898482015942187e-10
2.4062822022299286e-10
2.0530084118443762e-10
1.7320348325630024e-10
1.4441559982259666e-10
1.1890257699316297e-10
9.655013201450297e-11
7.718530367629872e-11
6.059710206352978e-11
4.6569224836566074e-11
3.487915554866479e-11
2.5319805398213633e-11
1.7691508793359505e-11
1.1795456016122486e-11
7.427509558835587e-12
4.361960234833488e-12
2.3543960152255317e-12
1.1481222493233146e-12
4.958508535500867e-13
1.8542813916166134e-13
5.848206047339005e-14
1.510563494305381e-14
3.0911071919463857e-15
4.816001422452682e-16
5.468252095397654e-17
4.332557577538143e-18
2.2493172070006717e-19

