8.267435809288715e-14
1.2480341170676172e-13
1.8832671315341342e-13
2.840544073994599e-13
4.2821910457614824e-13
6.451662989803191e-13
9.713576346603595e-13
1.4613152922322944e-12
2.196410715850522e-12
3.297829546660071e-12
4.945594442341048e-12
7.406334833028324e-12
1.1073637719511029e-11
1.6526083839869538e-11
2.461028159899589e-11
3.655808263344713e-11
5.4149852161777774e-11
7.993910282935789e-11
1.1755230200930712e-10
1.720823769596332e-10
2.505811032479717e-10
3.626402201322047e-10
5.210326555927131e-10
7.422705165865475e-10
1.0469291297347727e-09
1.4593206413221248e-09
2.0059337365216886e-09
2.7120923705639584e-09
3.595420178073645e-09
4.656314435179868e-09
5.864822165596909e-09
7.1462104045095935e-09
8.372248637384597e-09
9.362670865641874e-09
9.913434160251583e-09
9.849465123256883e-09
9.09630110958201e-09
7.740675702743194e-09
6.032149940557756e-09
4.3115548706252915e-09
2.881888588332315e-09
1.8974939263607545e-09
1.340487153119994e-09
1.0840402842602704e-09
9.882440596628658e-10
9.580001730692954e-10
9.486889874525435e-10
9.455784653412067e-10
9.453890173494453e-10
9.476959243380701e-10
9.524635021378916e-10
9.595662987733169e-10
9.687448828898755e-10
9.795383571064371e-10
9.913287960826134e-10
1.003317091326056e-09
1.0145790245042726e-09
1.0241049627070102e-09
1.0308717354861861e-09
1.033906506080848e-09
1.0323560256502894e-09
1.0255524213395587e-09
1.013031905938682e-09
9.945899144266486e-10
9.702507899249714e-10
9.40275832351453e-10
9.051241642291754e-10
8.654088669723614e-10
8.218599030636672e-10
7.752636503486825e-10
7.264257134081229e-10
6.761182624028011e-10
6.250586898923465e-10
5.738680954268009e-10
5.230722299101918e-10
4.730937735745019e-10
4.242503852308338e-10
3.7680368155222705e-10
3.3094558256993026e-10
2.86870195839252e-10
2.4478754352328834e-10
2.0494744892944126e-10
1.6769275212911835e-10
1.3341696511757027e-10
1.0258834389662931e-10
7.567773847027187e-11
5.307870093838127e-11
3.5026453275222967e-11
2.147272507992351e-11
1.2051524583710456e-11
6.08772067222584e-12
2.7134913349032005e-12
1.043658984317531e-12
3.375007247238962e-13
8.912311922913277e-14
1.8587607339861878e-14
2.946841824985348e-15
3.402020780623964e-16
2.720908423449553e-17
1.425236308872843e-18
