3.1545530835411264e-14
4.7617341226537624e-14
7.184867590312612e-14
1.083609128635949e-13
1.6334174362969744e-13
2.4606972895264694e-13
3.704383745769977e-13
5.572185063396115e-13
8.374020248539659e-13
1.2571327350531665e-12
1.8849382002137818e-12
2.822282376313131e-12
4.218892034418335e-12
6.294789812948559e-12
9.371801345131125e-12
1.3918008508248753e-11
2.0609635288189118e-11
3.041614482759575e-11
4.4713757197222674e-11
6.543437391206649e-11
9.525186496242871e-11
1.3780193890105642e-10
1.9792486939645545e-10
2.8187743452614805e-10
3.9745774066341137e-10
5.538872449881632e-10
7.612326136680371e-10
1.0291628145042605e-09
1.3645163247092864e-09
1.7677529030173333e-09
2.228062962535812e-09
2.717989855351041e-09
3.190147967752042e-09
3.57772479626495e-09
3.804874887221545e-09
3.806201286799503e-09
3.553299725477425e-09
3.0771981130269282e-09
2.469277211155596e-09
1.8549605993194406e-09
1.3463276737289658e-09
1.0010333720296027e-09
8.135117946367786e-10
7.378498002072112e-10
7.231058214338427e-10
7.345218625811178e-10
7.557612436178655e-10
7.813894512501772e-10
8.101217250828084e-10
8.416784662489653e-10
8.758663070316623e-10
9.124069610394106e-10
9.509110415542185e-10
9.908608068296681e-10
1.031623320751272e-09
1.0724539599873956e-09
1.1125344922199173e-09
1.150992776098573e-09
1.1869671185815872e-09
1.2196291828917805e-09
1.2482399866656573e-09
1.2721836698403292e-09
1.2909766910433212e-09
1.304303436265564e-09
1.3119874753197636e-09
1.3139970072087218e-09
1.3104063044365508e-09
1.3013704828523591e-09
1.2870800317363272e-09
1.2677264981910003e-09
1.2434664245992529e-09
1.214372793521858e-09
1.1804481716371258e-09
1.1415622182029664e-09
1.097506893576121e-09
1.0479927857497393e-09
9.926796158829224e-10
9.313001148233984e-10
8.636596649506023e-10
7.898286700104584e-10
7.102214244141195e-10
6.256983678898163e-10
5.377707346026885e-10
4.4853182578060984e-10
3.607651044866307e-10
2.777150994808832e-10
2.0274223121927963e-10
1.3887999489099256e-10
8.813268318481305e-11
5.105833222759812e-11
2.6548046540944854e-11
1.2146810792231894e-11
4.782986882783367e-12
1.5797376342913655e-12
4.250848219251654e-13
9.012286844608503e-14
1.4504770536404852e-14
1.6986566250288627e-15
1.3707124390326458e-16
7.240291555398358e-18

