2.333352237841779e-12
3.522601016422734e-12
5.315940658381856e-12
8.018719881032646e-12
1.2089530994836358e-11
1.821629720362745e-11
2.7429524578298134e-11
4.1270527480892083e-11
6.20402487643529e-11
9.316647233924073e-11
1.3974288066327628e-10
2.0931639625863484e-10
3.1303189201009945e-10
4.672796730452944e-10
6.960541708845895e-10
1.0342860920934993e-09
1.5324873246441175e-09
2.263146821198515e-09
3.3292735533756045e-09
4.875618049305619e-09
7.102723005805863e-09
1.0283509257582683e-08
1.4781574495805157e-08
2.1067059461407978e-08
2.9725714957090055e-08
4.144909517673022e-08
5.698887320772341e-08
7.705941370092489e-08
1.0214722716545964e-07
1.3223339134952302e-07
1.664112835488369e-07
2.0246633326654e-07
2.3662603279770945e-07
2.636082346410296e-07
2.7746155119534603e-07
2.7312478551300703e-07
2.485340789314141e-07
2.0640448520983212e-07
1.542369677748193e-07
1.0218323173217846e-07
5.919097436643386e-08
2.9742287687615184e-08
1.3175603148681628e-08
5.6170915363915994e-09
2.833772139585662e-09
1.9627191972603395e-09
1.6602900143128286e-09
1.4809366525930468e-09
1.3232898964009711e-09
1.1733344183715762e-09
1.0316575713042004e-09
9.002986817952542e-10
7.809594263741405e-10
6.749079689732951e-10
5.826827074847063e-10
5.041882211794026e-10
4.3862916894567475e-10
3.8474848954182697e-10
3.4088241090390285e-10
3.0526289073223593e-10
2.7609330025740345e-10
2.517028732756674e-10
2.3063948531300928e-10
2.117020752878086e-10
1.9399657616546892e-10
1.7692164285283298e-10
1.6015398001473672e-10
1.4358258708749563e-10
1.27268300440669e-10
1.1136862724722363e-10
9.609795674520893e-11
8.168059907423866e-11
6.832174377053225e-11
5.6186291160229195e-11
4.538642730566821e-11
3.5977049532568797e-11
2.7956544720070757e-11
2.1272965435546207e-11
1.5832315544251388e-11
1.1509903134005728e-11
8.161757838268152e-12
5.635725066658402e-12
3.781964619083448e-12
2.4603660560514757e-12
1.5467145352912119e-12
9.356708039364744e-13
5.41527162445507e-13
2.976221748582896e-13
1.5375981339829662e-13
7.37264946836874e-14
3.228930918469935e-14
1.266774053530953e-14
4.3521468555137134e-15
1.2742571677791475e-15
3.085411779515023e-16
5.974973496669653e-17
8.866072838427411e-18
9.630510449927957e-19
7.408062437740244e-20
3.74530874352606e-21
