4.312119753098406e-13
6.509792864358959e-13
9.823722836730413e-13
1.4818089638937112e-12
2.2340177945956847e-12
3.3660916058064973e-12
5.06840427892775e-12
7.625677618432154e-12
1.1462926912411296e-11
1.721326002845708e-11
2.5817390917166658e-11
3.866896617084376e-11
5.782581942171987e-11
8.631395502940204e-11
1.285626749314374e-10
1.910191511240743e-10
2.830049246401224e-10
4.178949842174403e-10
6.146922722346928e-10
9.000953602736315e-10
1.3110868351117338e-09
1.897988437630599e-09
2.727831636889702e-09
3.887282849815382e-09
5.484322342826884e-09
7.646462677688371e-09
1.0512393749800405e-08
1.4214145738648577e-08
1.8842206094548786e-08
2.439469730405963e-08
3.07073813157431e-08
3.7376706421944424e-08
4.371381192446284e-08
4.875303625858161e-08
5.140480187137632e-08
5.0739809825660154e-08
4.637366896309384e-08
3.879216904649767e-08
2.9354907197945274e-08
1.9907416925764833e-08
1.2080825747239414e-08
6.6967150577241585e-09
3.6423081326931427e-09
2.2190377688909113e-09
1.6612555735792043e-09
1.4504272512462918e-09
1.3434256936031282e-09
1.2600287052081163e-09
1.182597757515203e-09
1.1093115331742905e-09
1.040945363693846e-09
9.783404350731825e-10
9.220839439138599e-10
8.723736866213441e-10
8.290422090920996e-10
7.915439110591112e-10
7.589911739054693e-10
7.302938086035247e-10
7.041639822352583e-10
6.793153590680773e-10
6.545032803982134e-10
6.286755441753997e-10
6.010095834666601e-10
5.709988820806582e-10
5.384299017074965e-10
5.033891985446118e-10
4.662142849689554e-10
4.274323865604299e-10
3.8771151111922795e-10
3.4778288411102754e-10
3.0839191726764106e-10
2.702429824287671e-10
2.339594454981322e-10
2.0005550968787044e-10
1.6891667659632682e-10
1.4079479765700103e-10
1.1580856621519398e-10
9.395921549036988e-11
7.514375683822653e-11
5.918172044172244e-11
4.583816172005019e-11
3.4844237856246915e-11
2.5925107186296277e-11
1.8807088803776245e-11
1.323627729708386e-11
8.979142207344083e-12
5.82263368818113e-12
3.573292774825371e-12
2.0496333811380997e-12
1.0829691151786494e-12
5.181119642813788e-13
2.1999185528631653e-13
8.104300346420511e-14
2.5223889330274234e-14
6.440108369774899e-15
1.3048688542312174e-15
2.0148537655910012e-16
2.268449838681324e-17
1.788617187943543e-18
9.243887658498258e-20
