4.586350684485428e-14
6.923214411942771e-14
1.0446630806164782e-13
1.5756028109569224e-13
2.3751434057769293e-13
3.5782568884281977e-13
5.387065690123937e-13
8.103773515205598e-13
1.2179344152459732e-12
1.8285296904820805e-12
2.741902505415235e-12
4.105750454074997e-12
6.138058277331646e-12
9.159204463349593e-12
1.363788381491822e-11
2.0255914614538184e-11
2.999848133051307e-11
4.427825416934168e-11
6.510099703676826e-11
9.528287228899342e-11
1.3872229760831753e-10
2.007207957630746e-10
2.883371136736879e-10
4.106959439494855e-10
5.791685989802219e-10
8.071972315765908e-10
1.1094432608137283e-09
1.4999599092632437e-09
1.988616497824824e-09
2.575884860703025e-09
3.2456548908369417e-09
3.957334829360796e-09
4.641050815813889e-09
5.198410231734876e-09
5.517854310527845e-09
5.503382351274142e-09
5.113638233801596e-09
4.394958751077459e-09
3.4825362271562434e-09
2.5615560348690145e-09
1.7971452324146095e-09
1.2738980486917635e-09
9.829543935651622e-10
8.560379866065046e-10
8.175766407063342e-10
8.160878447649283e-10
8.273867837945563e-10
8.434509561450579e-10
8.624279552188986e-10
8.839829972829002e-10
9.079480100820546e-10
9.340658870869194e-10
9.619597619463382e-10
9.910991105589276e-10
1.0208240218730489e-09
1.0503395513216735e-09
1.0787617149651238e-09
1.1051438353552331e-09
1.1285464455867287e-09
1.1480736635760984e-09
1.1629358592347474e-09
1.1724951491587285e-09
1.176278434843834e-09
1.1740218758818554e-09
1.1656418070823058e-09
1.1512428388723697e-09
1.1310810803771506e-09
1.1055319991444936e-09
1.0750522350691238e-09
1.0401346514664628e-09
1.0012751927883507e-09
9.589237686291964e-10
9.13483984145859e-10
8.652609412330278e-10
8.144921978374116e-10
7.613412838366251e-10
7.059108588941485e-10
6.483274557779583e-10
5.887282419631037e-10
5.273867717588182e-10
4.6474726868403734e-10
4.014748315255045e-10
3.385645903250438e-10
2.7727130165806944e-10
2.1915641776322662e-10
1.6593254498114553e-10
1.192597384575607e-10
8.050984089734189e-11
5.040424232126075e-11
2.8839583635449516e-11
1.4825778204815776e-11
6.713860209825484e-12
2.6192658693737792e-12
8.579071155864336e-13
2.291357163432372e-13
4.826317513844992e-14
7.721375371469138e-15
8.991679155730005e-16
7.228882509151359e-17
3.805198664611386e-18

