2.463760649186538e-14
3.718905251783634e-14
5.611213015206751e-14
8.462472235353465e-14
1.2755775839709781e-13
1.9215483494374343e-13
2.8926157148306005e-13
4.3509092649419045e-13
6.538319968715721e-13
9.814965691542868e-13
1.4715599319214697e-12
2.2031906933528954e-12
3.29320175061562e-12
4.913228072367546e-12
7.314286701033113e-12
1.0861422330353253e-11
1.608193115210328e-11
2.3731660137568967e-11
3.488343580417563e-11
5.104305849224758e-11
7.429438626235576e-11
1.0747058407154843e-10
1.5434321485268532e-10
2.1978754889924438e-10
3.098804028571973e-10
4.3180973728524173e-10
5.934275638598867e-10
8.022874074855101e-10
1.0637596904785007e-09
1.3782823402858213e-09
1.737570542011636e-09
2.120448889063737e-09
2.4903001147666207e-09
2.795444985575016e-09
2.977167015638339e-09
2.9847728219837085e-09
2.796130719320765e-09
2.4350309662849482e-09
1.971967886179262e-09
1.5038250359246486e-09
1.1173083194900356e-09
8.571519381941048e-10
7.193037567531748e-10
6.68491906713264e-10
6.655159681444846e-10
6.836030607899417e-10
7.101723378980822e-10
7.410377644282895e-10
7.752023523455559e-10
8.124309846736299e-10
8.525394954474907e-10
8.95263327199836e-10
9.402337771057234e-10
9.869694074291094e-10
1.0348830658791298e-09
1.083289883757785e-09
1.131440028641968e-09
1.178534533114512e-09
1.2237848093308061e-09
1.2664280112010848e-09
1.3057778501386451e-09
1.3412507289146148e-09
1.3723722492173337e-09
1.3988054770273103e-09
1.420321948151148e-09
1.4368032709891646e-09
1.4481991759711404e-09
1.4545052562714314e-09
1.4557083258475816e-09
1.45175754788449e-09
1.4425217206679983e-09
1.427738046021834e-09
1.4070310905989798e-09
1.3798395543595079e-09
1.345486869986722e-09
1.30317871025805e-09
1.2520467504078065e-09
1.1913078741221403e-09
1.120279546231373e-09
1.0386396903005008e-09
9.465602405473116e-10
8.448754854242669e-10
7.354034013278206e-10
6.20906206603084e-10
5.052894855739429e-10
3.933251603951829e-10
2.901770224470624e-10
2.0074019303498483e-10
1.285588329743478e-10
7.510826894282455e-11
3.9354591789069e-11
1.813248757620826e-11
7.185030092400449e-12
2.3865760188754253e-12
6.454575064975531e-13
1.3745758126124102e-13
2.2213187710327822e-14
2.6112358299706044e-15
2.1128619487176107e-16
1.1188466378740995e-17

