1.671005714797092e-14
2.5221674432681226e-14
3.8053318368507336e-14
5.738619091019175e-14
8.649451195081979e-14
1.3028711452307897e-13
1.9611286428414659e-13
2.949558754751452e-13
4.4320142983550796e-13
6.652391450740805e-13
9.972794755738215e-13
1.492920463581687e-12
2.2312293064035492e-12
3.3283551469026034e-12
4.954127626037998e-12
7.35546461842091e-12
1.0888944420570263e-11
1.6065573491966525e-11
2.3610482310420327e-11
3.4541212852720815e-11
5.026562923956433e-11
7.269750316891375e-11
1.0438419737024669e-10
1.4861854509245491e-10
2.0950565954520003e-10
2.919037390290262e-10
4.0112616520815014e-10
5.422984490489166e-10
7.190983011757803e-10
9.319166945141959e-10
1.1753218791798876e-09
1.4352706353169706e-09
1.6873926707911933e-09
1.89723526142993e-09
2.0255996956313895e-09
2.038578605847484e-09
1.92126332173769e-09
1.6893276719824003e-09
1.389623496293175e-09
1.0866669085859951e-09
8.383377273666919e-10
6.746493106836754e-10
5.931945191270318e-10
5.707270207392483e-10
5.813412095210884e-10
6.073262049747837e-10
6.403802856298276e-10
6.777609418508104e-10
7.188323055194024e-10
7.634487186124614e-10
8.114819789140033e-10
8.627344880003577e-10
9.169191110602064e-10
9.736607315800914e-10
1.0324958863655535e-09
1.0928855426539523e-09
1.154240012175793e-09
1.2159296614657042e-09
1.2773357624585187e-09
1.3378561401188048e-09
1.3969470976418246e-09
1.4541377296313414e-09
1.5090321035049545e-09
1.5613232904708551e-09
1.610762924971387e-09
1.6571522968440993e-09
1.7002904134597136e-09
1.739951228978467e-09
1.775805124612733e-09
1.8073914771207835e-09
1.8340529682738605e-09
1.8548686904950589e-09
1.8686695543048173e-09
1.8739331370202496e-09
1.868868042519592e-09
1.8514034603003149e-09
1.8192476306906965e-09
1.7701168551679136e-09
1.7017848326767675e-09
1.6125032519085648e-09
1.5012859959220807e-09
1.3682730356819985e-09
1.2153943984288668e-09
1.0464852477405211e-09
8.6780527199904e-10
6.877369892729158e-10
5.160527201371207e-10
3.6271107464237623e-10
2.357400002869357e-10
1.3961072961253781e-10
7.406619466764473e-11
3.451269995264558e-11
1.3815601304949166e-11
4.631203214201787e-12
1.2628438438025862e-12
2.709050964308978e-13
4.406728083024781e-14
5.211409425641256e-15
4.2370953121063133e-16
2.2535104761454646e-17

