1.0241558259199277e-14
1.5457106052399188e-14
2.3318960984425686e-14
3.516271308023097e-14
5.299287373024412e-14
7.9814103704469e-14
1.2012365160013953e-13
1.8064189482402333e-13
2.713913560508998e-13
4.0728675403463343e-13
6.104653253581052e-13
9.136845491952548e-13
1.3652528503684503e-12
2.036111897484532e-12
3.0299553445619186e-12
4.497492609462875e-12
6.656289212705477e-12
9.818024814065341e-12
1.4424829436421539e-11
2.1096923637900926e-11
3.069219540424606e-11
4.43765532332589e-11
6.370170221191953e-11
9.067353375903344e-11
1.2779351431630555e-10
1.7802431957946304e-10
2.446119633624098e-10
3.307002374299493e-10
4.385743635850073e-10
5.685562127086757e-10
7.174799247116303e-10
8.77015513118773e-10
1.0326310235766504e-09
1.1637331561804587e-09
1.24685131531668e-09
1.2616443714414915e-09
1.1991163819080094e-09
1.0685586104090804e-09
8.979584973353725e-10
7.259317442917955e-10
5.872302778570483e-10
5.00007712244836e-10
4.630879382213298e-10
4.6280229594881543e-10
4.838669003633436e-10
5.158430407368147e-10
5.53893549265937e-10
5.964859460570243e-10
6.433412769183081e-10
6.944644713844554e-10
7.498650632892195e-10
8.095058296006111e-10
8.732877342213775e-10
9.410596701405374e-10
1.0126133011723803e-09
1.0876993698920254e-09
1.1660451621142133e-09
1.2473615673731224e-09
1.3313833043880745e-09
1.4178671732851259e-09
1.506623427176499e-09
1.5975172210397816e-09
1.6904665992202673e-09
1.7854357353301966e-09
1.8824015047214432e-09
1.9813236330673588e-09
2.0820714944414063e-09
2.184387136026954e-09
2.287756073566754e-09
2.3913578248304867e-09
2.4939366160954176e-09
2.5936738563539153e-09
2.688151475021813e-09
2.7741456518976593e-09
2.84767153500123e-09
2.90390073450335e-09
2.9371777525381244e-09
2.941329982868387e-09
2.9097376932419613e-09
2.836074541087494e-09
2.7149480236745678e-09
2.542794806379575e-09
2.3195092466348243e-09
2.049206896128799e-09
1.7418622949943208e-09
1.4133489194923103e-09
1.0844076034882199e-09
7.782435883408632e-10
5.156981885241403e-10
3.10901040427635e-10
1.6764819238308919e-10
7.928372554969157e-11
3.216476458907245e-11
1.091262131374254e-11
3.0079779387745317e-12
6.515487670327138e-13
1.0690731403962986e-13
1.2741008536236563e-14
1.043095385674202e-15
5.58216447399892e-17

