7.263588764354502e-15
1.09618473305976e-14
1.6536056986080345e-14
2.4932680579506625e-14
3.757199964140341e-14
5.658260165714739e-14
8.514991361928863e-14
1.2803313088786708e-13
1.923285284737378e-13
2.8859397896520983e-13
4.3249653424738724e-13
6.47213974385481e-13
9.669188096333056e-13
1.441781049511654e-12
2.145113595040075e-12
3.183441570348821e-12
4.7105043200732075e-12
6.946486914100902e-12
1.0203651450001156e-11
1.4919936632980244e-11
2.1700976031825132e-11
3.136973170040012e-11
4.502140258199231e-11
6.407184570208489e-11
9.028719276325324e-11
1.257605419453548e-10
1.7278837334416022e-10
2.3360172840526377e-10
3.098382701544072e-10
4.0177062993667644e-10
5.072411929083552e-10
6.204906301173389e-10
7.314296404909181e-10
8.257348142131292e-10
8.870635825095377e-10
9.012415395238995e-10
8.619943264240547e-10
7.757912941649422e-10
6.621525162448372e-10
5.480342837034163e-10
4.5774817677037045e-10
4.040718985602143e-10
3.8634351326169165e-10
3.951870889993139e-10
4.2009595035592463e-10
4.5392150497658816e-10
4.934143234302082e-10
5.376252518177073e-10
5.86484168777951e-10
6.401219308107894e-10
6.98679749665834e-10
7.622746004553599e-10
8.309885844272975e-10
9.04882740714162e-10
9.839919660436029e-10
1.0683436381690148e-09
1.1579727799374826e-09
1.252929740850857e-09
1.353315336922675e-09
1.4592788437491258e-09
1.5710449643749005e-09
1.6889105621693322e-09
1.8132431517624727e-09
1.9444618878309633e-09
2.083003980846791e-09
2.229278792297836e-09
2.3835768287205616e-09
2.54601405877428e-09
2.7163539006942457e-09
2.8939200472514028e-09
3.077390821975975e-09
3.2645833025674426e-09
3.4523230328040815e-09
3.6360858465612426e-09
3.809927023642565e-09
3.966241071506605e-09
4.095628795408918e-09
4.18718680590565e-09
4.2284907587411624e-09
4.206610795796186e-09
4.109124760188893e-09
3.925687094180541e-09
3.650976046954596e-09
3.2865730005278726e-09
2.84443485734925e-09
2.3479164972000553e-09
1.8308706865232475e-09
1.3340021763594767e-09
8.964674232400701e-10
5.474834321060805e-10
2.987262086528978e-10
1.4279566526808547e-10
5.849540665562962e-11
2.001992587276946e-11
5.561840685916899e-12
1.2132944953967025e-12
2.003412085833198e-13
2.4010088605245562e-14
1.97609617820775e-15
1.0624973139190186e-16

