4.773711318466726e-15
7.203532901921968e-15
1.0865414578039295e-14
1.638065482123225e-14
2.4681393767527705e-14
3.7164326082424574e-14
5.591910376198668e-14
8.406698146663862e-14
1.2626069790309877e-13
1.8942064201166427e-13
2.8381304127331236e-13
4.2462095427786547e-13
6.342224615604699e-13
9.454607167480544e-13
1.4063126852250702e-12
2.0864658932559898e-12
3.08646063628115e-12
4.5502425302770836e-12
6.681888671759696e-12
9.767530230808788e-12
1.4202769875700946e-11
2.0525083797068457e-11
2.94497033889903e-11
4.1901380875752445e-11
5.903409073036384e-11
8.221662090918285e-11
1.1295350314801179e-10
1.52712194505718e-10
2.025831028928743e-10
2.6278222081264463e-10
3.319641212719139e-10
4.0646642243690104e-10
4.798380539617894e-10
5.428999921268178e-10
5.851678073326977e-10
5.975474393892698e-10
5.760275192762857e-10
5.24800772791961e-10
4.5647491134632137e-10
3.884661677340511e-10
3.36522840782659e-10
3.0899671564723204e-10
3.056155170173145e-10
3.2050026270045353e-10
3.4704870691910765e-10
3.808172619008413e-10
4.1987941160732397e-10
4.6379819123197136e-10
5.127195181292563e-10
5.66934548145391e-10
6.267630890482577e-10
6.925345288555764e-10
7.645838686714658e-10
8.432701630083737e-10
9.289756310266613e-10
1.0221286314696197e-09
1.1232207278024972e-09
1.232820280839237e-09
1.3516070194861616e-09
1.4803777675997603e-09
1.6200756554656947e-09
1.7717912233704456e-09
1.9367708344626732e-09
2.1163944581938445e-09
2.3121518087878257e-09
2.5255869505222666e-09
2.7581937998775846e-09
3.0113388291587362e-09
3.2860208753050035e-09
3.5827185386345634e-09
3.901057998391346e-09
4.239425659428954e-09
4.594633605848739e-09
4.9612298762848876e-09
5.331106165529023e-09
5.6928193347941675e-09
6.0309712453888125e-09
6.3261918991485746e-09
6.554659869728554e-09
6.6893264709967715e-09
6.7013956699683736e-09
6.563114567307682e-09
6.2534598373671306e-09
5.762798122438438e-09
5.100958440182381e-09
4.301524231125178e-09
3.422503706194428e-09
2.5410274476685177e-09
1.7376059382831385e-09
1.0783046195671083e-09
5.97030393463329e-10
2.892092415731858e-10
1.1990727290227941e-10
4.1485867710683444e-11
1.1638722556574298e-11
2.5615258303714333e-12
4.2632173636466057e-13
5.145139060619941e-14
4.26319900729463e-15
2.3060016338501576e-16
