3.5412485624701167e-15
5.343313871208869e-15
8.05884829142438e-15
1.2148312668608699e-14
1.8302429055724512e-14
2.7555978329519317e-14
4.1456853242943385e-14
6.231664605477978e-14
9.358045175278846e-14
1.403713259811796e-13
2.102874802544117e-13
3.145635287996267e-13
4.697540057667139e-13
7.001491787601039e-13
1.041223218931957e-12
1.5444903124309288e-12
2.284253485070056e-12
3.3668689768000512e-12
4.943089397882085e-12
7.224240376311965e-12
1.0502453823755284e-11
1.517458931154717e-11
2.1768745778172254e-11
3.0967800855775336e-11
4.3624160034418815e-11
6.074956086816862e-11
8.34575646362807e-11
1.1283739847531626e-10
1.4970543029912557e-10
1.9424133652296596e-10
2.454853137701587e-10
3.0078514658521455e-10
3.5545012592744544e-10
4.0279538330073854e-10
4.3518102216803944e-10
4.4598430067490464e-10
4.3230118653879965e-10
3.972313656754812e-10
3.500373156245434e-10
3.0351058455643705e-10
2.6923917956014026e-10
2.534159690749508e-10
2.559406071542865e-10
2.7261815654530515e-10
2.9873271962858074e-10
3.3115403497201966e-10
3.6860472162617684e-10
4.109102417304019e-10
4.5834118515739763e-10
5.112937067633059e-10
5.70209711665275e-10
6.355668149397531e-10
7.078798515519561e-10
7.877228865014538e-10
8.757337628319736e-10
9.726417030552882e-10
1.0792891811842935e-09
1.1966535233662396e-09
1.3258860813174059e-09
1.4683297637166602e-09
1.6255571329794567e-09
1.7993842722226406e-09
1.991896013777879e-09
2.205435461218669e-09
2.4426000693736497e-09
2.706196242276051e-09
2.999142224842041e-09
3.324390107725074e-09
3.684656411075571e-09
4.082226361009491e-09
4.5185262574010796e-09
4.993582754127772e-09
5.505485784909509e-09
6.0493495496629056e-09
6.6165310552554805e-09
7.193396429664203e-09
7.760023628300796e-09
8.289603920328554e-09
8.747158979047654e-09
9.090585117443047e-09
9.272242450228741e-09
9.242773260966465e-09
8.959636445050336e-09
8.395143533167426e-09
7.550293410190623e-09
6.463929947866065e-09
5.216611738047014e-09
3.924695426955128e-09
2.7168757606350526e-09
1.705101499489788e-09
9.538359568157878e-10
4.663954799049983e-10
1.9501705651444913e-10
6.799189631497842e-11
1.9207523332900365e-11
4.2539955143965116e-12
7.120038726354753e-13
8.635938009843922e-14
7.190366626463635e-15
3.9061872975045993e-16

