#Z [Rg]              R [Rg]               B(z) [G]            ne(z) [# cm^-3]     gamma(z)            Te(z) [kev]        
2 6 1.81201e+07 2.45003e+17 1.11144 110 
16 6.84747 8.95728e+06 7.97087e+16 1.52002 82.6209 
28 10.8708 4.94726e+06 2.59671e+16 1.71577 77.3661 
41.6949 14.9473 3.4246e+06 1.27538e+16 1.80399 75.4786 
63.4366 20.914 2.33833e+06 6.08339e+15 1.8935 73.7748 
93.3312 28.9241 1.64292e+06 3.04651e+15 1.95393 72.7236 
135.159 39.4908 1.16823e+06 1.56333e+15 2.01976 71.6554 
193.007 54.0102 837164 8.10932e+14 2.06665 70.9382 
271.989 72.9012 606455 4.30365e+14 2.12109 70.1461 
380.009 98.4505 441271 2.29855e+14 2.16515 69.5342 
525.812 132.298 323307 1.24352e+14 2.20544 68.9957 
722.713 176.497 238271 6.81153e+13 2.25067 68.4135 
987.31 235.676 176159 3.7472e+13 2.28594 67.9747 
1125.47 266.355 155106 2.91219e+13 2.29961 67.8081 
1282.97 300.598 136619 2.26611e+13 2.3164 67.606 
1462.5 339.085 120345 1.76397e+13 2.33448 67.3914 
1667.16 382.761 105978 1.37204e+13 2.35162 67.1908 
1900.46 432.443 93294.9 1.06618e+13 2.36739 67.0085 
2166.41 489.045 82099 8.27634e+12 2.38156 66.8467 
2469.57 553.501 72223.9 6.41902e+12 2.39439 66.7017 
2815.16 626.549 63530.4 4.97739e+12 2.40716 66.5588 
3209.11 708.335 55904.3 3.86416e+12 2.42273 66.3864 
3658.18 800.364 49200.6 3.00136e+12 2.43965 66.2012 
4170.1 904.807 43292.1 2.32993e+12 2.4558 66.0267 
4753.66 1023.58 38083.5 1.80738e+12 2.47076 65.8669 
5418.88 1158.87 33491.9 1.40088e+12 2.48427 65.724 
6177.18 1312.94 29446.5 1.08501e+12 2.4965 492.538 
7041.6 1487.82 25887.3 8.40159e+11 2.50842 464.371 
8026.99 1684.38 22765.1 6.51163e+11 2.52253 437.812 
9150.27 1905.35 20024.5 5.0508e+11 2.53855 412.788 
10430.7 2156.1 17611.4 3.91618e+11 2.55397 389.362 
11890.4 2441.17 15486.1 3.03475e+11 2.56838 367.444 
13554.3 2765.74 13614.2 2.35012e+11 2.5815 346.941 
15451.1 3135.44 11966 1.81877e+11 2.59334 327.749 
17613.3 3555.69 10516 1.40709e+11 2.60459 309.744 
20078 4030.14 9243.32 1.08915e+11 2.61711 292.762 
22887.7 4562.8 8127.6 8.43984e+10 2.63226 276.689 
26090.6 5166.89 7146.03 6.53866e+10 2.64709 261.592 
29741.6 5853.37 6282.11 5.06363e+10 2.66111 247.423 
33903.6 6634.65 5521.61 3.91918e+10 2.674 234.13 
38648 7524.56 4852.22 3.03163e+10 2.68565 221.656 
44056.4 8537.29 4263.38 2.34411e+10 2.69644 209.934 
50221.5 9684.84 3746.18 1.81277e+10 2.70766 198.876 
57249.4 10974.7 3292.91 1.4034e+10 2.72152 188.383 
65260.8 12434.5 2894.61 1.08662e+10 2.73583 178.484 
74393.2 14092.7 2544.23 8.41093e+09 2.74953 169.166 
84803.7 15978.9 2235.93 6.5076e+09 2.76229 160.401 
96670.9 18126.9 1964.65 5.03239e+09 2.7739 152.156 
110199 20572.9 1726.03 3.88982e+09 2.78448 144.394 
125620 23351.9 1516.32 3.00628e+09 2.79481 137.069 
143199 26487.7 1332.39 2.32506e+09 2.80692 130.118 
163238 30024.9 1171.04 1.79938e+09 2.82072 123.523 
186081 34041.1 1029.15 1.39227e+09 2.83413 117.3 
212121 38607.1 904.359 1.07692e+09 2.8468 111.43 
241804 43804.6 794.583 8.32635e+08 2.85846 105.895 
275642 49724.4 698.025 6.4347e+08 2.86905 100.675 
314215 56460.8 613.141 4.97133e+08 2.87893 95.7438 
358185 64096.9 538.615 3.84154e+08 2.88938 91.0701 
408309 72698.9 473.292 2.97123e+08 2.90223 86.6184 
465447 82450 415.9 2.29823e+08 2.91532 82.4018 
530581 93530.4 365.439 1.77727e+08 2.92789 78.4145 
604829 106136 321.064 1.37392e+08 2.93964 74.6458 
689468 120491 282.039 1.06168e+08 2.95037 71.0841 
785950 136838 247.726 8.20086e+07 2.96017 67.716 
895935 155421 217.579 6.33398e+07 2.96972 64.5243 
1.02131e+06 176431 191.136 4.89477e+07 2.98075 61.4853 
1.16423e+06 200159 167.941 3.78488e+07 2.99346 58.5903 
1.32715e+06 227108 147.553 2.92627e+07 3.00587 55.8463 
1.51287e+06 257750 129.63 2.26187e+07 3.01768 53.2466 
1.72458e+06 292628 113.871 1.74771e+07 3.02862 50.7845 
1.96591e+06 332350 100.015 1.34992e+07 3.03858 48.4526 
2.24102e+06 377570 87.8374 1.04238e+07 3.04782 46.2417 
2.55462e+06 428910 77.1441 8.04966e+06 3.05731 44.1397 
2.91211e+06 486867 67.7695 6.22089e+06 3.06888 42.1314 
3.31962e+06 552547 59.538 4.80853e+06 3.08105 40.22 
3.78416e+06 627186 52.3036 3.71625e+06 3.09285 38.405 
4.31371e+06 712092 45.9442 2.87134e+06 3.10398 36.6824 
4.91736e+06 808762 40.3536 2.21778e+06 3.11422 35.0479 
5.60549e+06 918865 35.4392 1.71241e+06 3.12356 33.4966 
6.38991e+06 1.04415e+06 31.1215 1.32195e+06 3.13243 32.0221 
7.2841e+06 1.18619e+06 27.3322 1.0208e+06 3.14208 30.6156 
8.30342e+06 1.34662e+06 24.0099 788804 3.15375 29.2697 
9.46538e+06 1.52878e+06 21.0913 609522 3.16541 27.9885 
1.07899e+07 1.73587e+06 18.5264 470907 3.17665 26.7698 
1.22999e+07 1.97153e+06 16.2721 363721 3.18718 25.6112 
1.40211e+07 2.2399e+06 14.2905 280842 3.19683 24.5099 
1.59832e+07 2.54554e+06 12.549 216786 3.20569 23.4625 
1.82198e+07 2.89312e+06 11.0194 167326 3.21432 22.4645 
2.07695e+07 3.28673e+06 9.67771 129206 3.22425 21.5097 
2.36759e+07 3.73206e+06 8.50075 99820 3.23566 20.5958 
2.69891e+07 4.2381e+06 7.46671 77110.7 3.24687 19.7248 
3.07659e+07 4.81359e+06 6.55806 59557.3 3.2576 18.8951 
3.50712e+07 5.46865e+06 5.7595 45987.8 3.26761 18.1049 
3.9979e+07 6.2147e+06 5.05767 35499.5 3.27677 17.3525 
4.55735e+07 7.06425e+06 4.441 27396.5 3.28523 16.6356 
5.1951e+07 8.02992e+06 3.89952 21143.1 3.29373 15.9509 
5.92209e+07 9.12265e+06 3.42469 16325.9 3.30388 15.2943 
6.75082e+07 1.03612e+07 3.00795 12609.8 3.3149 14.6658 
7.69551e+07 1.1769e+07 2.64184 9738.6 3.32569 14.0658 
8.77241e+07 1.33705e+07 2.32015 7519.83 3.33598 13.4935 
