9.299334874760516e-13
1.403891539530746e-12
2.1185979257082135e-12
3.1957408524472336e-12
4.818077795372155e-12
7.259755970937217e-12
1.0931441999778883e-11
1.6447356620226112e-11
2.472442282361801e-11
3.712858685651701e-11
5.568960785564825e-11
8.341476895045184e-11
1.247449665885465e-10
1.8621110062158623e-10
2.7737379656643337e-10
4.12150917504625e-10
6.106680160732236e-10
9.018062664995858e-10
1.3266056460776124e-09
1.9427350650352678e-09
2.8300894312025165e-09
4.097396823105906e-09
5.88950835917258e-09
8.393720692718388e-09
1.184339294946952e-08
1.651405163081345e-08
2.2705215207495546e-08
3.070162222463702e-08
4.069739473662641e-08
5.268555498173443e-08
6.630586393740361e-08
8.067753191681497e-08
9.429965078182619e-08
1.050703384799993e-07
1.1062106955552226e-07
1.0893719763589853e-07
9.919650630209145e-08
8.247824874578476e-08
6.176615617624726e-08
4.109885831546214e-08
2.4036055984318355e-08
1.236040577496169e-08
5.807707238637042e-09
2.8352548910607166e-09
1.7574457251263883e-09
1.4339358986888605e-09
1.3292143377287042e-09
1.265432444996676e-09
1.2020195444487322e-09
1.1334943674197499e-09
1.0605420640879769e-09
9.848072721633526e-10
9.081427533611553e-10
8.325605241401541e-10
7.599738769955577e-10
6.921223000703453e-10
6.303899132672181e-10
5.75711219067381e-10
5.285139705254506e-10
4.887320927630118e-10
4.558735043279004e-10
4.2906662075595326e-10
4.072534215788517e-10
3.89176051146953e-10
3.7359341963723517e-10
3.5929049959354884e-10
3.4522457123824607e-10
3.3054410806151623e-10
3.1466493566910825e-10
2.972405070973007e-10
2.781697272330416e-10
2.575531044920922e-10
2.356522536720371e-10
2.1285194330958282e-10
1.8961006580847533e-10
1.6642200692060995e-10
1.4378051664515888e-10
1.2214736033534601e-10
1.0192406635322059e-10
8.343489037187209e-11
6.69123207312647e-11
5.249013094080083e-11
4.0206908491178104e-11
3.0009933426794896e-11
2.1771584427373868e-11
1.530567464204846e-11
1.0386114218244714e-11
6.770007379247544e-12
4.211712045421962e-12
2.480454250388355e-12
1.3686735812097554e-12
6.98312355245965e-13
3.242992933076571e-13
1.3446396423018525e-13
4.867545835010957e-14
1.4986834245001634e-14
3.8097858489296884e-15
7.732397129933719e-16
1.203357543402121e-16
1.3768119084491372e-17
