2.3406742789640803e-14
3.5331598049691095e-14
5.331035350673072e-14
8.04006913910633e-14
1.2119322987797167e-13
1.8257157251475405e-13
2.748429041207388e-13
4.1341625735599413e-13
6.212829540411662e-13
9.326743562564615e-13
1.3984265894092118e-12
2.0938088195429866e-12
3.1298931726287425e-12
4.66990073996905e-12
6.952577591409104e-12
1.0325178688721745e-11
1.528939169865885e-11
2.2564493751678057e-11
3.317161732019902e-11
4.8544322666138895e-11
7.066695260455334e-11
1.0223798831631064e-10
1.4685047819151766e-10
2.091497181153718e-10
2.9492633058984205e-10
4.1102899435263294e-10
5.649349139065779e-10
7.638257012882036e-10
1.0127768227364235e-09
1.312115757134925e-09
1.6537793036566775e-09
2.0173059210995285e-09
2.3673970853559115e-09
2.65430060060453e-09
2.8215940350145454e-09
2.8207623397079512e-09
2.631024865256487e-09
2.2761199594875194e-09
1.824849514688375e-09
1.3713383767659988e-09
9.994011024477871e-10
7.518352353107984e-10
6.238864354366345e-10
5.806235353122446e-10
5.834880619004827e-10
6.062857426400036e-10
6.368133312108753e-10
6.711719791082758e-10
7.086791201179544e-10
7.494821591189331e-10
7.938725497836452e-10
8.421408197913133e-10
8.945510391116235e-10
9.51294766149026e-10
1.0124777787852375e-09
1.0780750590669938e-09
1.1479081773943058e-09
1.2216284548966375e-09
1.29869908579313e-09
1.3784072907405365e-09
1.4598700335475233e-09
1.5420725397498219e-09
1.6238838432318262e-09
1.7041212011230092e-09
1.7815640097965612e-09
1.8550095938406335e-09
1.9232981423233255e-09
1.985329434194323e-09
2.0400902955310747e-09
2.0866416283318155e-09
2.12412699787931e-09
2.1517397545814314e-09
2.168723805148983e-09
2.174314233201346e-09
2.1677363876008404e-09
2.1481697154172085e-09
2.114698632081733e-09
2.0663906604316857e-09
2.0022009750784977e-09
1.9211469574954467e-09
1.8223664159206978e-09
1.7052320245330854e-09
1.5697862439708313e-09
1.4167928285483088e-09
1.2483868284269258e-09
1.0683208812358338e-09
8.821802353586177e-10
6.975833899338782e-10
5.233005300370685e-10
3.683772836203932e-10
2.4024995023497953e-10
1.430153050865865e-10
7.640347566060412e-11
3.591737154443824e-11
1.4533069912597652e-11
4.935716276464813e-12
1.3665156308562447e-12
2.9855059040966623e-13
4.964055135836407e-14
6.013091587215075e-15
