3.3363925030882146e-14
5.036316902365917e-14
7.599351376859925e-14
1.1461505325401805e-13
1.7277424919359948e-13
2.602882734486719e-13
3.91858196979113e-13
5.894639391744084e-13
8.859044626570425e-13
1.3300190755260569e-12
1.9943466450810044e-12
2.9863039804652455e-12
4.464424524618248e-12
6.6617085016636996e-12
9.919022108822775e-12
1.473223408663466e-11
2.1817857705951858e-11
3.220334371948723e-11
4.7347573092767477e-11
6.929899054965146e-11
1.0089348641539478e-10
1.4598801423969653e-10
2.097185508877426e-10
2.9872517900784235e-10
4.2128412889426147e-10
5.871804243210971e-10
8.070881768546669e-10
1.0912396887432164e-09
1.4468190998616535e-09
1.874160654031144e-09
2.3615079995439292e-09
2.8792490584472814e-09
3.3764207402771533e-09
3.781276733452537e-09
4.0125354882563565e-09
4.0004132967871665e-09
3.715202483755255e-09
3.1914606698714424e-09
2.528686314492477e-09
1.862788846782319e-09
1.314581833052846e-09
9.455315425232392e-10
7.483652208357599e-10
6.723036124911931e-10
6.613879774556058e-10
6.776004374407937e-10
7.03160006619183e-10
7.322914728287293e-10
7.638696572002522e-10
7.979699813420824e-10
8.348845672016233e-10
8.749160670486412e-10
9.18345816539277e-10
9.653764293607828e-10
1.016117949024115e-09
1.0705336845127553e-09
1.1284109327456427e-09
1.1893471448947963e-09
1.2527202120665938e-09
1.3177135644074083e-09
1.383318457613522e-09
1.4483860968475903e-09
1.5116516926888016e-09
1.5718128025374911e-09
1.6275562225837963e-09
1.6776272300116295e-09
1.7208692882033085e-09
1.756248870467943e-09
1.7828993207304706e-09
1.8001119470279706e-09
1.8073554192738904e-09
1.8042525174068396e-09
1.7905774945832397e-09
1.766214786440835e-09
1.7311457305630891e-09
1.6854184154502613e-09
1.6290976953099196e-09
1.5623090137024278e-09
1.485152520367267e-09
1.3978066818395197e-09
1.3005443154707868e-09
1.1937767604557739e-09
1.078315761821762e-09
9.553462684956539e-10
8.268019896808498e-10
6.954452526702605e-10
5.649295693843124e-10
4.3987035722104915e-10
3.2525517587227626e-10
2.2593791722377273e-10
1.4557048561789452e-10
8.570281286245536e-11
4.533193399313629e-11
2.1121542143788927e-11
8.478732083791915e-12
2.859347601598595e-12
7.867185053156143e-13
1.709286273737442e-13
2.8284492417802148e-14
3.411646648592481e-15
