1.0102651387777334e-13
1.52509969920647e-13
2.301399163296843e-13
3.4712902907259376e-13
5.233184996519245e-13
7.884674927090714e-13
1.1871482060849607e-12
1.7860151975090865e-12
2.6845542752924677e-12
4.030941016042044e-12
6.04531258141012e-12
9.053745680770236e-12
1.3537636971558093e-11
2.0204740883361558e-11
3.0090827492532116e-11
4.47032244429808e-11
6.62208103591135e-11
9.776925394862079e-11
1.4378847421263136e-10
2.1051509262349775e-10
3.0658631252242025e-10
4.43752769067252e-10
6.376652509949626e-10
9.085588456974676e-10
1.281648803843876e-09
1.7867247221488272e-09
2.4562221048342886e-09
3.3210964072587458e-09
4.402749434596035e-09
5.701261095175258e-09
7.179175326969904e-09
8.743668669232932e-09
1.0235838860811246e-08
1.1432598181698675e-08
1.2081878851545085e-08
1.1968212958856847e-08
1.1001599603577074e-08
9.29269285308633e-09
7.1540207031794365e-09
5.0106371599873914e-09
3.2387770229432383e-09
2.0282902230727936e-09
1.353705861286602e-09
1.0541774134597588e-09
9.532054758393373e-10
9.310650942832534e-10
9.315515419429186e-10
9.360938385581042e-10
9.406797890519125e-10
9.450615758131776e-10
9.497139805315018e-10
9.552310375198858e-10
9.622299326982146e-10
9.712709515363943e-10
9.828103848227373e-10
9.971338009501648e-10
1.0142844574774486e-09
1.0340741779586174e-09
1.05599236602479e-09
1.079285144270585e-09
1.10292655460927e-09
1.1257106693972847e-09
1.146300748857184e-09
1.1633335250794855e-09
1.1754884679017561e-09
1.1815795215698659e-09
1.1806257703001099e-09
1.1718844161298946e-09
1.1549132168102248e-09
1.1295543965893712e-09
1.0959534515274363e-09
1.0545299593274158e-09
1.005948663909685e-09
9.510810047353674e-10
8.909533501064884e-10
8.267006255663673e-10
7.595031383347167e-10
6.90553299195414e-10
6.209874246470687e-10
5.518704911222869e-10
4.841664995595717e-10
4.187096868747753e-10
3.562566397383622e-10
2.9744041340038355e-10
2.4285725980112605e-10
1.9306404462978452e-10
1.485818836337572e-10
1.0992845779352103e-10
7.749724521514555e-11
5.1513608892608325e-11
3.188156566396993e-11
1.8099515772965078e-11
9.26651981636594e-12
4.1940249974170154e-12
1.640876209335417e-12
5.409690846336384e-13
1.4590570221103058e-13
3.115086771021578e-14
5.076434857492666e-15
6.04157119188065e-16

