5.825413607415198e-14
8.793842286450755e-14
1.3269668152240612e-13
2.0014521590076661e-13
3.0172054263240827e-13
4.5457472083193964e-13
6.843954872461683e-13
1.0295937395348772e-12
1.5474945734229593e-12
2.3234699878568666e-12
3.4843386547897745e-12
5.217926873233507e-12
7.801491384441568e-12
1.1642599894600283e-11
1.733762061228993e-11
2.5754291983516757e-11
3.814674005502286e-11
5.6313733962618326e-11
8.280992367806097e-11
1.2122312906632366e-10
1.7652137483001798e-10
2.5546256241300206e-10
3.6704668546832087e-10
5.229096410992862e-10
7.3755243946279e-10
1.0281122094387757e-09
1.4132632269676773e-09
1.910861903745327e-09
2.5333371354247945e-09
3.2809692299714443e-09
4.1326277190886585e-09
5.03558392501912e-09
5.899365832874652e-09
6.596803729112292e-09
6.9840356313274876e-09
6.9378363889808076e-09
6.406263943425615e-09
5.451518312192839e-09
4.250864139987447e-09
3.0458757667269776e-09
2.050789773410793e-09
1.3740978906089062e-09
1.0019818636691158e-09
8.434954376085074e-10
7.986500539056346e-10
7.995580251124513e-10
8.143800213271114e-10
8.326479449521152e-10
8.521704260773758e-10
8.728960722694685e-10
8.951783317787065e-10
9.19419793229666e-10
9.460200363449717e-10
9.753027983921027e-10
1.0074942781048302e-09
1.0426583354227399e-09
1.0806508977199512e-09
1.1211155308025663e-09
1.163426846029194e-09
1.2067408580726731e-09
1.2499852845764615e-09
1.2919332404170277e-09
1.3312399715252854e-09
1.3665383196988344e-09
1.396485810568686e-09
1.4198488378638586e-09
1.4355595944491952e-09
1.4427475091628488e-09
1.4407963832500723e-09
1.4293341108999237e-09
1.4082551497013305e-09
1.3776979648377531e-09
1.3380287580983488e-09
1.2898069236825324e-09
1.2337487891424494e-09
1.1706907341782685e-09
1.1015306979438948e-09
1.0272241224328718e-09
9.487066072716491e-10
8.669192938172496e-10
7.82789981332523e-10
6.972206936556224e-10
6.112044669863662e-10
5.257661895298975e-10
4.421320625004556e-10
3.617289846334687e-10
2.861847471723385e-10
2.1735378429820933e-10
1.5703196985225204e-10
1.0677170113449325e-10
6.746047137974244e-11
3.901980348114111e-11
2.031385618331594e-11
9.331572955305357e-12
3.699086974077378e-12
1.2336788221937233e-12
3.3611804984813983e-13
7.239768290159217e-14
1.1890292696296252e-14
1.4247318257338793e-15

