1.349503563191406e-12
2.0373084000927418e-12
3.0744892588392623e-12
4.637643670577396e-12
6.99199651641394e-12
1.0535404167526462e-11
1.586385209677367e-11
2.3868745172794117e-11
3.588080795463788e-11
5.388245397323098e-11
8.081953639467645e-11
1.210566858757281e-10
1.8103932051957745e-10
2.702464167731571e-10
4.025545852027033e-10
5.98165112251625e-10
8.862901980712032e-10
1.30885182997889e-09
1.9254223948555885e-09
2.8197144541858265e-09
4.107706822378427e-09
5.947237221832453e-09
8.548585992887934e-09
1.2183653816212845e-08
1.7191208250594398e-08
2.3971216138496246e-08
3.295842685490198e-08
4.456603024155166e-08
5.907545526101314e-08
7.647582694015249e-08
9.624286620498265e-08
1.1709581308084083e-07
1.368528456344654e-07
1.524590437902183e-07
1.6047260340821993e-07
1.5796703116948392e-07
1.437500983628167e-07
1.193944750211997e-07
8.924122695459367e-08
5.916413000353807e-08
3.433885732215219e-08
1.735595520206918e-08
7.828995515385639e-09
3.5129283402621818e-09
1.9554907333326366e-09
1.498015513640289e-09
1.361600900056458e-09
1.287489109460212e-09
1.2164186197004693e-09
1.1400221196922992e-09
1.0587621374563758e-09
9.743673207785162e-10
8.888185196605386e-10
8.04271349902387e-10
7.228096228079654e-10
6.463470372093777e-10
5.764676246946597e-10
5.142666538254003e-10
4.6033748205491783e-10
4.147076260963935e-10
3.769547916317544e-10
3.462308731396255e-10
3.214938252511509e-10
3.014890274431507e-10
2.8498233415715775e-10
2.707514482133845e-10
2.577284749039938e-10
2.450189676191025e-10
2.319739717443953e-10
2.181686524805706e-10
2.034080136482382e-10
1.8768566701833026e-10
1.711435539472394e-10
1.5403755004365338e-10
1.366904232958451e-10
1.1946135857341074e-10
1.0271101072095084e-10
8.677810760692119e-11
7.195573242491381e-11
5.847795392967278e-11
4.650857185488307e-11
3.613612835550027e-11
2.737672564181711e-11
2.017761082721992e-11
1.4429919084588623e-11
9.981576910568773e-12
6.6523664253829735e-12
4.251442465432956e-12
2.589379903935231e-12
1.491421276923649e-12
8.044218115827391e-13
4.012340651611421e-13
1.8229666659924063e-13
7.40420870881668e-14
2.629948027688943e-14
7.960034627268654e-15
1.9932495632088454e-15
3.9932357311980964e-16
6.141812745450449e-17
6.956936332923559e-18

