1.6777984796587395e-13
2.5328516852400406e-13
3.822183021992913e-13
5.765267665921075e-13
8.691700650402029e-13
1.3095854189238435e-12
1.9718219763433574e-12
2.9666213938336045e-12
4.45928264171958e-12
6.696021732257171e-12
1.0042658049612763e-11
1.5041105050587777e-11
2.2491479313243733e-11
3.357023791607369e-11
4.999926261472196e-11
7.428464621961713e-11
1.1004944054423416e-10
1.6249167458095694e-10
2.3899592780107514e-10
3.499364039055971e-10
5.096822330289749e-10
7.377841721266983e-10
1.060284129665364e-09
1.5108528508615476e-09
2.1314455479302534e-09
2.9716178160135217e-09
4.085296351265084e-09
5.523877201492371e-09
7.3227229344443034e-09
9.48148442214688e-09
1.1936992512837926e-08
1.4533448604645517e-08
1.700457335740253e-08
1.8976852641072308e-08
2.0028630479674918e-08
1.9800049931698133e-08
1.8141896717766258e-08
1.524150952435351e-08
1.1624318905374587e-08
8.003824149135278e-09
5.010683338194132e-09
2.9623102319517056e-09
1.814588373676992e-09
1.2966015539430398e-09
1.1114946891498367e-09
1.058068232963858e-09
1.0418415234362292e-09
1.0315274528250307e-09
1.0202414312289618e-09
1.0074000146340413e-09
9.936184203849669e-10
9.797336734144675e-10
9.666353031350973e-10
9.551905529162869e-10
9.461506050983592e-10
9.400911696991954e-10
9.373070102908186e-10
9.378388915313427e-10
9.413523688953589e-10
9.472421724945584e-10
9.545861399771585e-10
9.622467864684883e-10
9.689346664287517e-10
9.733091048039597e-10
9.740734982220119e-10
9.700666080771456e-10
9.603468970596326e-10
9.442239812357775e-10
9.21323810783711e-10
8.915660531018888e-10
8.551788712681582e-10
8.126626690595511e-10
7.647536493505481e-10
7.123806550247043e-10
6.566070449807815e-10
5.985796038642016e-10
5.39466101430395e-10
4.804108123561239e-10
4.2247526466810595e-10
3.666086677071138e-10
3.136178863503801e-10
2.6414021754907463e-10
2.1866777381251259e-10
1.7752223672384626e-10
1.4090732456650849e-10
1.0891843291957799e-10
8.15573405245756e-11
5.877198772430975e-11
4.0414254874959514e-11
2.6248886164565518e-11
1.590398360650105e-11
8.856988709989628e-12
4.45725063752543e-12
1.9868322958064876e-12
7.669705630248113e-13
2.498966467196231e-13
6.671364706898293e-14
1.4118085126465707e-14
2.2824326441099923e-15
2.6976878172692934e-16

