2.735709496999522e-13
4.129950317616176e-13
6.232353418906689e-13
9.400832420162135e-13
1.417289709799532e-12
2.1354805766029925e-12
3.2154250881686113e-12
4.83774300014657e-12
7.2720494995032845e-12
1.0919962028815465e-11
1.6378223613511276e-11
2.4530885244508584e-11
3.66833056331276e-11
5.475496850869575e-11
8.15554829683276e-11
1.2117440701380797e-10
1.7952453046338977e-10
2.6508978413302423e-10
3.899240094759261e-10
5.709626187241937e-10
8.316646941909844e-10
1.203951397101897e-09
1.7303448487851094e-09
2.4658250587790163e-09
3.478896895195831e-09
4.850462531140658e-09
6.668523764019719e-09
9.016868279489163e-09
1.1952937476758173e-08
1.5475576729402768e-08
1.948061334864961e-08
2.371201205528471e-08
2.773269396993332e-08
3.0929958872644345e-08
3.2612615921828705e-08
3.219152354384952e-08
2.9423840124982892e-08
2.461960969990667e-08
1.864365087773038e-08
1.2668886198975882e-08
7.730930062278265e-09
4.349997603845714e-09
2.4519086191621385e-09
1.590225751640558e-09
1.276305914048084e-09
1.1791899827466382e-09
1.1434514997079602e-09
1.11755722995728e-09
1.0900116383118293e-09
1.0596328891437083e-09
1.0271609364006464e-09
9.936988491888957e-10
9.604365781072303e-10
9.285918829915666e-10
8.992530241076571e-10
8.733297244123628e-10
8.514090176411974e-10
8.337884226944058e-10
8.203395852873551e-10
8.106270037709741e-10
8.038586914848566e-10
7.989852115147002e-10
7.947837125573799e-10
7.899388735102053e-10
7.831707453370153e-10
7.733162058170244e-10
7.594302452963881e-10
7.408140562547028e-10
7.170830588945879e-10
6.881384524515071e-10
6.541791957641805e-10
6.156604898688257e-10
5.732537357603325e-10
5.278013176468047e-10
4.802577990146454e-10
4.316392952489871e-10
3.829653627883804e-10
3.3521411453497617e-10
2.892716101263421e-10
2.4590109662603553e-10
2.0571623123104953e-10
1.6916056065124635e-10
1.3651934196338237e-10
1.079103676878766e-10
8.331953275393353e-11
6.261922561393575e-11
4.558988189749723e-11
3.196028294393356e-11
2.1402581471577152e-11
1.3557642396368998e-11
8.026403134199445e-12
4.376573629914888e-12
2.1611399365865206e-12
9.472704877949559e-13
3.603057251714882e-13
1.1588502970972824e-13
3.059295188759265e-14
6.412489316139688e-15
1.027636918977807e-15
1.205494027086221e-16

