6.153081519762733e-13
9.289079837960827e-13
1.4017992196224745e-12
2.1144952051708066e-12
3.1879136769496247e-12
4.803436385769672e-12
7.232765685628857e-12
1.0882271939155207e-11
1.6358584165126853e-11
2.45653848682329e-11
3.6845494067017415e-11
5.5188383172182875e-11
8.253185816260992e-11
1.2319621527643514e-10
1.835057742191609e-10
2.726668545300324e-10
4.039915504115945e-10
5.965826895365616e-10
8.77584264592311e-10
1.2851372700843582e-09
1.8720805765481167e-09
2.710319673412124e-09
3.8956469089656565e-09
5.5519231236999944e-09
7.83347246646624e-09
1.0922515449847557e-08
1.5017170726952573e-08
2.0305853314259192e-08
2.6917196930269927e-08
3.484709436658532e-08
4.385821133023943e-08
5.3369506392585843e-08
6.23904117882782e-08
6.953337883535901e-08
7.323439135831343e-08
7.216239416917734e-08
6.577273969739699e-08
5.477519323411352e-08
4.113650695103723e-08
2.7520160947404643e-08
1.6274820407066912e-08
8.577590833210409e-09
4.255699122603709e-09
2.2926403510320316e-09
1.5772556986288694e-09
1.3575983576992402e-09
1.2805413601409413e-09
1.2288568939807614e-09
1.1759580944909899e-09
1.118485661322703e-09
1.0572353577368671e-09
9.937103290247693e-10
9.295759831359574e-10
8.666222027360152e-10
8.065155801457893e-10
7.507450222898868e-10
7.004335751794015e-10
6.56313169744569e-10
6.186225116527417e-10
5.871864844507926e-10
5.614261590189172e-10
5.40428065925288e-10
5.230913317571843e-10
5.081426250234567e-10
4.943265744654586e-10
4.804440645317385e-10
4.654881302626286e-10
4.486650446620389e-10
4.2946876380250655e-10
4.07647966434567e-10
3.8321534698549924e-10
3.5640280701949267e-10
3.2762050763502306e-10
2.974151248377592e-10
2.6641623202810133e-10
2.352945934616865e-10
2.0471567599046385e-10
1.7530502612065964e-10
1.4761208280172063e-10
1.2208818246523185e-10
9.906792196056811e-11
7.875894260639239e-11
6.124662263626599e-11
4.649688781366148e-11
3.43774232681764e-11
2.467727738788806e-11
1.71287865513983e-11
1.1437535556267674e-11
7.296402019274729e-12
4.408340547902449e-12
2.4947943927153227e-12
1.3043553020505822e-12
6.198327045209429e-13
2.6248631181130824e-13
9.684325913010482e-14
3.0325236748388966e-14
7.822970371291992e-15
1.6078258887979597e-15
2.5307935943861486e-16
2.9237270317071313e-17

