1.85253108108455e-14
2.7962565379316127e-14
4.219036512465638e-14
6.362798544299162e-14
9.590737216756921e-14
1.4447426592849746e-13
2.1748230913442799e-13
3.271201331618542e-13
4.915725510660818e-13
7.379122733908513e-13
1.1063405835168732e-12
1.656374588094424e-12
2.475832447272498e-12
3.693749189700624e-12
5.498844583207936e-12
8.165577676377251e-12
1.2090417522417632e-11
1.7841717169802272e-11
2.6226249271226186e-11
3.8376503876807034e-11
5.585991554996705e-11
8.080783907121768e-11
1.1605803835055626e-10
1.652793593606417e-10
2.3304566968677357e-10
3.247680104416254e-10
4.4635768962314297e-10
6.035004478299599e-10
8.00233860913362e-10
1.0368710346286519e-09
1.3071371524334624e-09
1.595018886327673e-09
1.8728424024569893e-09
2.101568711234919e-09
2.2368934187080812e-09
2.240683880516047e-09
2.096545489505478e-09
1.8230008394158618e-09
1.4739581644258102e-09
1.1232413596050008e-09
8.366686338868309e-10
6.479407419709524e-10
5.535011600170851e-10
5.261058110279559e-10
5.356467962973206e-10
5.616802295721354e-10
5.947222193855842e-10
6.317967154878345e-10
6.724490344971561e-10
7.16875826881322e-10
7.653847696988218e-10
8.182799283190365e-10
8.758391212014506e-10
9.38275390582187e-10
1.0057235507408701e-09
1.0782016165911418e-09
1.1555916310560734e-09
1.2376219993014172e-09
1.3238555556813559e-09
1.4136947590978344e-09
1.5063883828974886e-09
1.6010615506928474e-09
1.6967257383506017e-09
1.7923330743578203e-09
1.8867816070284284e-09
1.9789605283082048e-09
2.0677632584420776e-09
2.1520967048482998e-09
2.230893054654487e-09
2.3030907464093008e-09
2.3676295777854355e-09
2.4234048068659035e-09
2.4692642167199505e-09
2.5039263778327314e-09
2.5259819681698363e-09
2.533843314856933e-09
2.5256877873310605e-09
2.499554469022031e-09
2.4532346732284017e-09
2.3844996919399903e-09
2.2911957822519417e-09
2.1714238160777788e-09
2.0241434136375033e-09
1.849321621824073e-09
1.648875561606425e-09
1.42712958875896e-09
1.1912387154828612e-09
9.515779617342776e-10
7.206267570238562e-10
5.117422627837151e-10
3.3643572709012195e-10
2.0173633421055103e-10
1.084846478362887e-10
5.130030614856829e-11
2.0866910470942352e-11
7.1200277595103235e-12
1.9794859073581118e-12
4.340743221013673e-13
7.240642103806872e-14
8.795813812946794e-15
