1.2841355883516972e-14
1.9382158586283184e-14
2.924259705821782e-14
4.409871759386636e-14
6.646642812785298e-14
1.0011765306959682e-13
1.506992152909404e-13
2.2665125371533533e-13
3.4056421628884104e-13
5.111792977886457e-13
7.663214293483708e-13
1.1471776196817004e-12
1.7145085585696662e-12
2.5575753134992473e-12
3.806900101898924e-12
5.6522646883228e-12
8.367760026484945e-12
1.2346222348427686e-11
1.814516470285726e-11
2.654703134099879e-11
3.863458403121775e-11
5.587993435929071e-11
8.024294863772174e-11
1.1425753375471348e-10
1.6108323392959085e-10
2.2445968022213366e-10
3.0847669950490385e-10
4.170778073593499e-10
5.530863800289382e-10
7.16783656511209e-10
9.039469717758158e-10
1.1036910082516006e-09
1.2971454694804033e-09
1.4576512116639762e-09
1.5549191983437778e-09
1.562843262620093e-09
1.4701446615375781e-09
1.2893862227155472e-09
1.0573369300494447e-09
8.244242606776655e-10
6.356997182142373e-10
5.143460600935251e-10
4.5815370781750153e-10
4.487215358036583e-10
4.656768214913698e-10
4.952119865218988e-10
5.309921316206121e-10
5.71123421479439e-10
6.154366025279286e-10
6.642115423769692e-10
7.17806419899475e-10
7.765789207136812e-10
8.408675085335421e-10
9.109643286184154e-10
9.871018461691605e-10
1.0694246221935766e-09
1.1579749664739304e-09
1.2526759338077592e-09
1.3533268065655128e-09
1.4596004548493918e-09
1.5710507157180482e-09
1.6871308382376855e-09
1.8071959247184536e-09
1.930540916719296e-09
2.0563929898816073e-09
2.183938169196882e-09
2.312312705199017e-09
2.4405970403175295e-09
2.5677939883234857e-09
2.6927928773823276e-09
2.8143294337861354e-09
2.930903808919895e-09
3.040754492929929e-09
3.141715398777329e-09
3.2311984681270557e-09
3.306089407576799e-09
3.3626482852640376e-09
3.396610272921444e-09
3.4030197710983376e-09
3.3765359229950055e-09
3.311588222183367e-09
3.202686465825167e-09
3.0454147045775286e-09
2.8368469555888674e-09
2.577247413391648e-09
2.2711575415947815e-09
1.928490414102116e-09
1.5655631692160675e-09
1.20359622358731e-09
8.667167398893643e-10
5.771424619506557e-10
3.501234725585127e-10
1.9027218789512376e-10
9.083122759830475e-11
3.726047047873964e-11
1.2809872627888918e-11
3.5853707923213205e-12
7.909540065583981e-13
1.326260165540422e-13
1.6186140510202325e-14

