8.114458734193147e-15
1.2246697124509264e-14
1.847555939022563e-14
2.7859215036614638e-14
4.198582830571121e-14
6.323601576582676e-14
9.517306351924344e-14
1.4312185705547142e-13
2.1502403374996633e-13
3.226982578448018e-13
4.836874379172974e-13
7.239524067231161e-13
1.0817815080655582e-12
1.6134071975704186e-12
2.401032276648834e-12
3.5641466615331818e-12
5.275272734312512e-12
7.781603928021859e-12
1.1433860037346436e-11
1.6724133367133535e-11
2.433323842240826e-11
3.5186650242757084e-11
5.051637633651313e-11
7.191537954625363e-11
1.01370506888263e-10
1.4123502740213411e-10
1.9408656032622236e-10
2.6241910336755565e-10
3.4803828206463155e-10
4.5117765213759483e-10
5.69278944736929e-10
6.956496428903306e-10
8.186365549112594e-10
9.217435523095952e-10
9.862030282071076e-10
9.958182137595053e-10
9.435683464232038e-10
8.372043118810174e-10
6.995075912242723e-10
5.617690686034327e-10
4.520208134445044e-10
3.847982618737958e-10
3.589483850065864e-10
3.6328010019117735e-10
3.8537658532613545e-10
4.1687030362078055e-10
4.5402382416418334e-10
4.958577810858706e-10
5.424741026001048e-10
5.942667183111224e-10
6.516924539080161e-10
7.152232901461753e-10
7.853331318070025e-10
8.624842426758509e-10
9.471163826003065e-10
1.0396319657956367e-09
1.1403886882981286e-09
1.2496875347294287e-09
1.3677770100596626e-09
1.494847660350439e-09
1.631042196370297e-09
1.7764653100849088e-09
1.93118217988671e-09
2.095239237046612e-09
2.268645713987266e-09
2.4513775361880573e-09
2.643340085914337e-09
2.8443394757069404e-09
3.054004564502595e-09
3.271715912165285e-09
3.4964920232308075e-09
3.726825440504322e-09
3.96057968147027e-09
4.19469983380552e-09
4.425095887677899e-09
4.646369203976519e-09
4.851541381107729e-09
5.032045695764947e-09
5.177338037802237e-09
5.275207939964427e-09
5.311935407628674e-09
5.272759277467641e-09
5.143635376470571e-09
4.912286962383613e-09
4.571735131819676e-09
4.123166864923146e-09
3.5791058944951713e-09
2.9665753061266944e-09
2.325419265594307e-09
1.704939434859304e-09
1.1542172716826754e-09
7.10825330303083e-10
3.9159334721633357e-10
1.8924581994642277e-10
7.849098802364891e-11
2.7251200429867293e-11
7.694733511118179e-12
1.7109241167763098e-12
2.88863749753462e-13
3.547103260873907e-14
