4.016970130339814e-15
6.06170320105004e-15
9.143317669195168e-15
1.3784758656970836e-14
2.0770662091857772e-14
3.127680501025114e-14
4.706248717963954e-14
7.075582037978083e-14
1.0627493684771183e-13
1.594484354997847e-13
2.3892432058919406e-13
3.5749475919055286e-13
5.340177907709524e-13
7.961766437337702e-13
1.18442074901233e-12
1.7575196296520508e-12
2.600286593148851e-12
3.83418859467466e-12
5.631490593801797e-12
8.233803383403261e-12
1.1975291662413076e-11
1.7310110858606204e-11
2.484279808118197e-11
3.5355152898854114e-11
4.9822830397245826e-11
6.940284269181681e-11
9.536580964298166e-11
1.2894811543513558e-10
1.7106090438167352e-10
2.2186429679920477e-10
2.8017916071750255e-10
3.428396254156797e-10
4.042919551122219e-10
4.566495776241747e-10
4.909257133732295e-10
4.993624464690671e-10
4.786112503160666e-10
4.324301376810127e-10
3.7182736687992236e-10
3.119375533455666e-10
2.6637954603031064e-10
2.4232538928054226e-10
2.3944288655903484e-10
2.525828712392939e-10
2.760201565761042e-10
3.05983035204259e-10
3.409470502112501e-10
3.807402669088708e-10
4.257457886256814e-10
4.76524755898237e-10
5.337127064048331e-10
5.980028219510855e-10
6.701445130864208e-10
7.509493510169103e-10
8.412917942771184e-10
9.421170378672739e-10
1.0544512085567148e-09
1.1794092345727568e-09
1.3182202434873462e-09
1.4722394910961269e-09
1.6429794717262756e-09
1.832133283484614e-09
2.0415964645727632e-09
2.273492136304538e-09
2.5301731927444096e-09
2.814225121060851e-09
3.1284194816939038e-09
3.475679171432535e-09
3.858928867841434e-09
4.280971732697789e-09
4.744229302301279e-09
5.25038140529091e-09
5.800017644164126e-09
6.391908679139933e-09
7.022436053434816e-09
7.684621595353702e-09
8.366990740056271e-09
9.052698326338496e-09
9.717813658942535e-09
1.0330728542611949e-08
1.0851323542916797e-08
1.123089040871736e-08
1.141537979078877e-08
1.134815617634179e-08
1.0979885694871311e-08
1.027903890465941e-08
9.245219566022799e-09
7.923838519510962e-09
6.4085945184307895e-09
4.836682741466051e-09
3.3626531042330855e-09
2.1217883135473637e-09
1.1949217409659165e-09
5.890722953333411e-10
2.487327917133207e-10
8.775400533171022e-11
2.513819484580155e-11
5.662418897297391e-12
9.669682734292081e-13
1.1995964048148368e-13

