5.8986828593849466e-15
8.902005526848624e-15
1.3428800361861025e-14
2.0247734153124193e-14
3.051232185656125e-14
4.5951416450096283e-14
6.915237242020552e-14
1.0398106562651142e-13
1.56202185395769e-13
2.34393185058119e-13
3.5128357631237943e-13
5.257074802469129e-13
7.854368573353735e-13
1.1712508116708376e-12
1.742749286146432e-12
2.5865482753569805e-12
3.8276795736806165e-12
5.645253974091089e-12
8.293345340668432e-12
1.2128378884660586e-11
1.7643397894515544e-11
2.5508557572729864e-11
3.661594151680503e-11
5.211907868774668e-11
7.345706713615621e-11
1.023353300162084e-10
1.4062404792543164e-10
1.901373492002046e-10
2.5219928302324186e-10
3.2700923510604145e-10
4.127656757689406e-10
5.047017036934449e-10
5.944894303363578e-10
6.703230027941676e-10
7.187599311537386e-10
7.281941474522706e-10
6.935964266786718e-10
6.205318382457433e-10
5.253599102575948e-10
4.305658242561254e-10
3.5633317373825186e-10
3.131950221514132e-10
3.0045903752513054e-10
3.1023696132395914e-10
3.3376594205781974e-10
3.6518533637423807e-10
4.0196281351737264e-10
4.435551241188655e-10
4.902103569618441e-10
5.424028206509862e-10
6.006712241969934e-10
6.655867702446021e-10
7.377447663378062e-10
8.177600628983619e-10
9.062602486647405e-10
1.0038806972123265e-09
1.1112638923580844e-09
1.2290544511626745e-09
1.3579112115756206e-09
1.4985059342248385e-09
1.6515394812081263e-09
1.8177525910785213e-09
1.9979290707946755e-09
2.192911641121917e-09
2.403584695423527e-09
2.630869096120598e-09
2.8756712005499074e-09
3.1388424197907253e-09
3.421060404437673e-09
3.7227285654884962e-09
4.043794662681826e-09
4.383503752338139e-09
4.74020040984621e-09
5.110873557924459e-09
5.490887669653407e-09
5.873476145610265e-09
6.249200085407662e-09
6.605698365112695e-09
6.926916664514118e-09
7.193231595327708e-09
7.381414078467622e-09
7.465077959485873e-09
7.41713581633152e-09
7.211540523101236e-09
6.8290316761520435e-09
6.262452039377071e-09
5.523004118756947e-09
4.64676792022998e-09
3.69373714555293e-09
2.7434353233467674e-09
1.879478946923695e-09
1.170101156825207e-09
6.509777492448943e-10
3.1740250956437513e-10
1.3269861829307292e-10
4.6401579287699734e-11
1.3186262293717878e-11
2.948878165726073e-12
5.003903128707006e-13
6.172373452792503e-14

