3.0713950480168292e-15
4.634504995014674e-15
6.99007066498848e-15
1.0537640032313359e-14
1.5876626889092132e-14
2.390513364591957e-14
3.5966790627959295e-14
5.40684694413549e-14
8.120166056269523e-14
1.2181577577133306e-13
1.8251138839455175e-13
2.730504157821087e-13
4.0782120778445317e-13
6.079418124036241e-13
9.042634023557535e-13
1.3416021167578363e-12
1.984623286536467e-12
2.9259233199342906e-12
4.296803126525768e-12
6.281395047327483e-12
9.13434092682266e-12
1.3201698067429521e-11
1.8944110711425832e-11
2.6957350836174284e-11
3.798509654609557e-11
5.2909698329666476e-11
7.270112054956328e-11
9.830521623802486e-11
1.3042358372936623e-10
1.6919129318219173e-10
2.137315031934107e-10
2.616651969298454e-10
3.0880694794726244e-10
3.4920651827354185e-10
3.760811093945698e-10
3.835787296362204e-10
3.6918656450735014e-10
3.3577444968473577e-10
2.917074970859276e-10
2.484848872522642e-10
2.1647230499417495e-10
2.0116846025295003e-10
2.0240428998113966e-10
2.1637196710789628e-10
2.3883722038850615e-10
2.670541213553742e-10
2.999920181646716e-10
3.3766058166476953e-10
3.8051030754904797e-10
4.2914926886094703e-10
4.842692852367873e-10
5.466378788945229e-10
6.17102152224574e-10
6.966016718437103e-10
7.861757580915076e-10
8.869806497193039e-10
1.0003089327863627e-09
1.1276089184220725e-09
1.2705220969764285e-09
1.4309095846484372e-09
1.6108993907041322e-09
1.8129272130531435e-09
2.0397815155804115e-09
2.2946486992373586e-09
2.581144881773278e-09
2.9033438031088525e-09
3.2657566717687487e-09
3.673326175139905e-09
4.131284596515435e-09
4.645041184055966e-09
5.2198927636569474e-09
5.860600844907305e-09
6.570938663021013e-09
7.352744009649811e-09
8.205070925997991e-09
9.122765937030164e-09
1.0094695764201818e-08
1.110213262075565e-08
1.2115906986822412e-08
1.3094773054458774e-08
1.3983341975126593e-08
1.4710951793274968e-08
1.5195100807689137e-08
1.5344786637416348e-08
1.5074341519628875e-08
1.4319540634629752e-08
1.3059172717278273e-08
1.1339752300840372e-08
9.283720411547581e-09
7.0860535214833275e-09
4.9778233458354565e-09
3.1708075116012715e-09
1.8011174807355416e-09
8.948533687171473e-10
3.805105980451418e-10
1.3509709898692868e-10
3.8921442801663375e-11
8.812376868796762e-12
1.511751530453263e-12
1.8831564311658408e-13

